"기준_년분기_코드","행정동_코드","행정동_코드_명","총_직장_인구_수","남성_직장_인구_수","여성_직장_인구_수","연령대_10_직장_인구_수","연령대_20_직장_인구_수","연령대_30_직장_인구_수","연령대_40_직장_인구_수","연령대_50_직장_인구_수","연령대_60_이상_직장_인구_수","남성연령대_10_직장_인구_수","남성연령대_20_직장_인구_수","남성연령대_30_직장_인구_수","남성연령대_40_직장_인구_수","남성연령대_50_직장_인구_수","남성연령대_60_이상_직장_인구_수","여성연령대_10_직장_인구_수","여성연령대_20_직장_인구_수","여성연령대_30_직장_인구_수","여성연령대_40_직장_인구_수","여성연령대_50_직장_인구_수","여성연령대_60_이상_직장_인구_수"
"20191","11215750","중곡2동","2261","1295","966","0","304","455","580","538","384","0","191","264","305","284","251","0","113","191","275","254","133"
"20191","11215760","중곡3동","860","548","312","0","99","210","237","196","118","0","54","150","139","124","81","0","45","60","98","72","37"
"20191","11215770","중곡4동","3137","1539","1598","0","541","763","802","729","302","0","157","352","389","395","246","0","384","411","413","334","56"
"20191","11215780","능동","1369","854","515","0","193","320","356","278","222","0","95","190","227","170","172","0","98","130","129","108","50"
"20191","11215810","광장동","5066","3074","1992","49","1574","1332","984","777","350","14","754","860","666","522","258","35","820","472","318","255","92"
"20191","11215820","자양1동","8810","6948","1862","0","596","1244","2387","3594","989","0","261","797","1917","3127","846","0","335","447","470","467","143"
"20191","11215830","자양2동","2177","1351","826","0","312","489","566","557","253","0","209","310","337","307","188","0","103","179","229","250","65"
"20191","11215840","자양3동","2008","1444","564","3","240","518","560","505","182","1","148","365","415","372","143","2","92","153","145","133","39"
"20191","11215847","자양4동","849","554","295","0","58","126","206","223","236","0","25","70","122","143","194","0","33","56","84","80","42"
"20191","11215850","구의1동","3413","2039","1374","2","486","855","944","777","349","2","254","496","524","503","260","0","232","359","420","274","89"
"20191","11215860","구의2동","2134","1326","808","22","304","368","538","574","328","8","155","205","351","376","231","14","149","163","187","198","97"
"20191","11215870","구의3동","9125","5563","3562","12","1072","1923","2205","2286","1627","3","615","1341","1499","1177","928","9","457","582","706","1109","699"
"20191","11230536","용신동","19195","9941","9254","10","2310","4277","4753","4730","3115","5","1097","2448","2507","2167","1717","5","1213","1829","2246","2563","1398"
"20191","11230545","제기동","4848","2895","1953","0","639","1192","1184","1027","806","0","267","705","753","606","564","0","372","487","431","421","242"
"20191","11230560","전농1동","1128","726","402","1","121","193","305","318","190","0","80","125","208","206","107","1","41","68","97","112","83"
"20191","11230570","전농2동","1183","619","564","0","133","250","315","317","168","0","54","117","169","165","114","0","79","133","146","152","54"
"20191","11230600","답십리1동","2044","978","1066","0","296","420","572","545","211","0","201","282","206","147","142","0","95","138","366","398","69"
"20191","11230610","답십리2동","2483","1819","664","10","403","567","574","503","426","10","301","435","418","347","308","0","102","132","156","156","118"
"20191","11230650","장안1동","9958","6284","3674","13","1352","1959","2159","2188","2287","13","813","1259","1348","1322","1529","0","539","700","811","866","758"
"20191","11230660","장안2동","5242","2815","2427","20","1611","1015","1055","978","563","16","838","580","488","476","417","4","773","435","567","502","146"
"20191","11230705","청량리동","2822","1510","1312","0","501","812","543","529","437","0","188","466","307","300","249","0","313","346","236","229","188"
"20191","11230710","회기동","179","87","92","0","19","41","46","43","30","0","5","16","22","20","24","0","14","25","24","23","6"
"20191","11230720","휘경1동","902","535","367","0","100","174","224","234","170","0","37","100","144","160","94","0","63","74","80","74","76"
"20191","11230730","휘경2동","1380","712","668","0","182","304","360","330","204","0","53","144","188","176","151","0","129","160","172","154","53"
"20191","11230740","이문1동","1134","515","619","0","215","295","306","213","105","0","39","114","152","132","78","0","176","181","154","81","27"
"20191","11230750","이문2동","200","104","96","0","23","44","46","51","36","0","8","20","22","27","27","0","15","24","24","24","9"
"20191","11260520","면목2동","1066","590","476","0","95","177","232","325","237","0","25","80","120","185","180","0","70","97","112","140","57"
"20191","11260540","면목4동","769","580","189","0","43","123","214","289","100","0","19","80","149","244","88","0","24","43","65","45","12"
"20191","11260550","면목5동","991","683","308","0","93","165","265","251","217","0","64","129","130","164","196","0","29","36","135","87","21"
"20191","11260565","면목본동","1335","729","606","0","165","306","358","327","179","0","55","154","190","190","140","0","110","152","168","137","39"
"20191","11260570","면목7동","946","517","429","0","112","176","232","261","165","0","35","79","121","150","132","0","77","97","111","111","33"
"20191","11260575","면목3?8동","1713","1076","637","0","158","303","438","479","335","0","50","156","260","348","262","0","108","147","178","131","73"
"20191","11260580","상봉1동","1704","1188","516","6","202","299","356","454","387","5","131","185","203","316","348","1","71","114","153","138","39"
"20191","11260590","상봉2동","4761","3294","1467","1","567","1238","1579","1081","295","1","330","868","1055","791","249","0","237","370","524","290","46"
"20191","11260600","중화1동","1187","626","561","0","135","257","306","284","205","0","49","104","149","157","167","0","86","153","157","127","38"
"20191","11260610","중화2동","864","500","364","0","95","122","228","197","222","0","47","56","114","114","169","0","48","66","114","83","53"
"20191","11260620","묵1동","912","430","482","0","93","210","271","220","118","0","33","98","120","99","80","0","60","112","151","121","38"
"20191","11260630","묵2동","1390","950","440","0","199","345","331","381","134","0","114","236","220","281","99","0","85","109","111","100","35"
"20191","11260655","망우본동","1589","830","759","1","173","293","358","485","279","0","55","110","167","266","232","1","118","183","191","219","47"
"20191","11260660","망우3동","423","226","197","0","34","60","102","129","98","0","12","24","46","71","73","0","22","36","56","58","25"
"20191","11260680","신내1동","1973","942","1031","0","348","429","363","524","309","0","92","182","173","258","237","0","256","247","190","266","72"
"20191","11260690","신내2동","464","257","207","0","62","117","114","114","57","0","26","55","59","73","44","0","36","62","55","41","13"
"20191","11290525","성북동","15551","11848","3703","13","2033","3821","4511","4499","674","2","1126","2665","3578","4006","471","11","907","1156","933","493","203"
"20191","11290555","삼선동","4636","2321","2315","0","495","1113","1401","1158","469","0","170","480","674","727","270","0","325","633","727","431","199"
"20191","11290575","동선동","2112","1056","1056","4","278","440","479","535","376","3","96","192","234","293","238","1","182","248","245","242","138"
"20191","11290580","돈암1동","103","48","55","0","29","32","22","14","6","0","7","16","12","8","5","0","22","16","10","6","1"
"20191","11290590","돈암2동","431","262","169","1","66","103","137","78","46","0","31","62","91","57","21","1","35","41","46","21","25"
"20191","11290600","안암동","1991","1311","680","0","268","526","564","435","198","0","135","333","367","312","164","0","133","193","197","123","34"
"20191","11290610","보문동","3276","2486","790","0","312","971","690","690","613","0","171","778","553","553","431","0","141","193","137","137","182"
"20191","11290620","정릉1동","751","411","340","0","91","138","170","197","155","0","23","50","85","122","131","0","68","88","85","75","24"
"20191","11290630","정릉2동","1097","476","621","0","174","264","298","239","122","0","41","112","115","114","94","0","133","152","183","125","28"
"20191","11290640","정릉3동","427","302","125","0","65","133","105","72","52","0","37","96","77","55","37","0","28","37","28","17","15"
"20191","11290650","정릉4동","1116","688","428","0","89","166","273","355","233","0","26","83","177","240","162","0","63","83","96","115","71"
"20191","11290660","길음1동","3041","1484","1557","203","1064","745","509","329","191","86","458","391","251","152","146","117","606","354","258","177","45"
"20191","11290685","길음2동","453","189","264","1","46","89","122","128","67","1","19","35","57","45","32","0","27","54","65","83","35"
"20191","11290705","종암동","15832","8326","7506","29","1338","4000","5589","4522","354","1","573","1466","2553","3520","213","28","765","2534","3036","1002","141"
"20191","11290715","월곡1동","1385","849","536","0","94","174","284","300","533","0","32","82","150","198","387","0","62","92","134","102","146"
"20191","11290725","월곡2동","2501","1589","912","1","398","705","608","443","346","0","199","464","371","266","289","1","199","241","237","177","57"
"20191","11290760","장위1동","505","264","241","0","91","105","118","107","84","0","42","59","59","52","52","0","49","46","59","55","32"
"20191","11290770","장위2동","770","466","304","0","59","130","186","188","207","0","17","64","106","117","162","0","42","66","80","71","45"
"20191","11290780","장위3동","189","115","74","0","29","37","40","48","35","0","10","19","22","30","34","0","19","18","18","18","1"
"20191","11290810","석관동","2897","1908","989","2","248","439","544","584","1080","1","122","266","311","365","843","1","126","173","233","219","237"
"20191","11305534","삼양동","462","267","195","0","60","88","111","111","92","0","22","40","57","71","77","0","38","48","54","40","15"
"20191","11305535","미아동","1214","684","530","0","122","217","350","340","185","0","50","106","193","207","128","0","72","111","157","133","57"
"20191","11305545","송중동","1450","722","728","2","146","239","414","379","270","2","55","102","182","185","196","0","91","137","232","194","74"
"20191","11305555","송천동","926","463","463","0","57","147","197","245","280","0","14","66","89","140","154","0","43","81","108","105","126"
"20191","11305575","삼각산동","335","183","152","0","57","89","108","56","25","0","23","50","60","28","22","0","34","39","48","28","3"
"20191","11305595","번1동","2250","1326","924","0","274","457","451","584","484","0","118","280","273","375","280","0","156","177","178","209","204"
"20191","11305603","번2동","337","160","177","0","43","44","94","106","50","0","18","23","41","50","28","0","25","21","53","56","22"
"20191","11305608","번3동","207","112","95","1","22","35","50","57","42","1","8","16","28","31","28","0","14","19","22","26","14"
"20191","11305615","수유1동","1218","548","670","0","119","216","318","362","203","0","30","86","134","155","143","0","89","130","184","207","60"
"20191","11305625","수유2동","1248","662","586","0","41","79","239","380","509","0","6","41","153","260","202","0","35","38","86","120","307"
"20191","11305635","수유3동","3045","1555","1490","0","315","734","793","800","403","0","118","314","373","490","260","0","197","420","420","310","143"
"20191","11305645","우이동","1638","1010","628","0","80","136","228","397","797","0","18","64","127","274","527","0","62","72","101","123","270"
"20191","11305660","인수동","3004","1763","1241","0","287","600","776","869","472","0","105","322","473","516","347","0","182","278","303","353","125"
"20191","11320511","창1동","837","384","453","0","116","170","221","227","103","0","46","66","100","108","64","0","70","104","121","119","39"
"20191","11320512","창2동","1231","698","533","0","142","279","337","291","182","0","65","166","185","148","134","0","77","113","152","143","48"
"20191","11320513","창3동","624","332","292","0","50","130","205","167","72","0","8","76","121","79","48","0","42","54","84","88","24"
"20191","11320514","창4동","1594","1003","591","0","167","306","393","436","292","0","74","163","232","294","240","0","93","143","161","142","52"
"20191","11320515","창5동","5200","3289","1911","0","599","1162","1285","1099","1055","0","310","798","866","602","713","0","289","364","419","497","342"
"20191","11320521","도봉1동","1718","1138","580","0","63","192","393","617","453","0","7","98","230","445","358","0","56","94","163","172","95"
"20191","11320522","도봉2동","748","480","268","0","37","92","130","190","299","0","14","46","73","126","221","0","23","46","57","64","78"
"20191","11320660","쌍문1동","812","383","429","0","94","129","224","226","139","0","20","44","85","117","117","0","74","85","139","109","22"
"20191","11320670","쌍문2동","998","564","434","0","109","171","237","283","198","0","30","78","125","178","153","0","79","93","112","105","45"
"20191","11320680","쌍문3동","1107","517","590","0","239","252","263","263","90","0","55","116","136","147","63","0","184","136","127","116","27"
"20191","11320681","쌍문4동","160","82","78","0","18","37","44","41","20","0","5","17","22","22","16","0","13","20","22","19","4"
"20191","11320690","방학1동","3094","1795","1299","1","311","681","761","927","413","1","167","396","394","527","310","0","144","285","367","400","103"
"20191","11320700","방학2동","810","370","440","0","68","162","199","164","217","0","27","81","91","81","90","0","41","81","108","83","127"
"20191","11320710","방학3동","1081","647","434","3","183","246","252","249","148","3","116","140","159","120","109","0","67","106","93","129","39"
"20191","11350560","월계1동","1344","738","606","0","215","320","347","266","196","0","101","193","175","138","131","0","114","127","172","128","65"
"20191","11350570","월계2동","163","78","85","0","19","35","45","46","18","0","7","13","21","24","13","0","12","22","24","22","5"
"20191","11350580","월계3동","190","95","95","0","21","34","50","55","30","0","8","17","23","29","18","0","13","17","27","26","12"
"20191","11350595","공릉1동","4836","2615","2221","0","501","746","1059","1343","1187","0","228","410","525","695","757","0","273","336","534","648","430"
"20191","11350600","공릉2동","820","375","445","0","136","206","202","192","84","0","42","93","92","94","54","0","94","113","110","98","30"
"20191","11350611","하계1동","554","351","203","0","64","116","139","160","75","0","31","66","83","113","58","0","33","50","56","47","17"
"20191","11350619","중계본동","921","446","475","2","107","186","230","260","136","2","51","94","99","118","82","0","56","92","131","142","54"
"20191","11350621","중계1동","982","540","442","2","129","215","294","244","98","2","54","117","156","134","77","0","75","98","138","110","21"
"20191","11350624","중계4동","1169","639","530","4","112","238","276","310","229","3","41","114","145","162","174","1","71","124","131","148","55"
"20191","11350625","중계2?3동","1438","813","625","2","185","376","370","371","134","2","110","226","191","198","86","0","75","150","179","173","48"
"20191","11350630","상계1동","3699","2347","1352","3","423","765","901","942","665","3","243","520","584","587","410","0","180","245","317","355","255"
"20191","11350640","상계2동","2183","1063","1120","0","289","371","551","564","408","0","101","207","261","270","224","0","188","164","290","294","184"
"20191","11350665","상계3?4동","652","468","184","0","30","52","164","248","158","0","10","26","106","190","136","0","20","26","58","58","22"
"20191","11350670","상계5동","1190","589","601","0","60","128","202","307","493","0","23","68","87","136","275","0","37","60","115","171","218"
"20191","11350695","상계6?7동","3980","1760","2220","4","559","940","1022","1013","442","3","147","355","456","553","246","1","412","585","566","460","196"
"20191","11350700","상계8동","448","233","215","1","63","131","110","100","43","0","22","82","46","54","29","1","41","49","64","46","14"
"20191","11350710","상계9동","1010","640","370","1","131","253","251","285","89","1","71","161","148","190","69","0","60","92","103","95","20"
"20191","11350720","상계10동","344","145","199","0","53","73","92","98","28","0","11","31","36","47","20","0","42","42","56","51","8"
"20191","11380510","녹번동","2744","1454","1290","0","314","646","738","728","318","0","149","313","355","427","210","0","165","333","383","301","108"
"20191","11380520","불광1동","2010","883","1127","0","287","478","531","462","252","0","106","209","236","203","129","0","181","269","295","259","123"
"20191","11380530","불광2동","2110","1016","1094","0","116","284","342","444","924","0","39","146","137","181","513","0","77","138","205","263","411"
"20191","11380551","갈현1동","2296","1176","1120","2","393","536","541","504","320","2","158","281","272","256","207","0","235","255","269","248","113"
"20191","11380552","갈현2동","2994","1539","1455","0","300","594","794","803","503","0","139","332","374","358","336","0","161","262","420","445","167"
"20191","11380560","구산동","1608","857","751","2","195","302","359","506","244","0","73","133","172","315","164","2","122","169","187","191","80"
"20191","11380570","대조동","2231","1096","1135","1","270","473","606","513","368","1","99","231","286","228","251","0","171","242","320","285","117"
"20191","11380580","응암1동","2343","1308","1035","0","243","393","556","546","605","0","111","185","293","279","440","0","132","208","263","267","165"
"20191","11380590","응암2동","435","282","153","0","54","59","98","126","98","0","32","32","58","75","85","0","22","27","40","51","13"
"20191","11380600","응암3동","1607","782","825","0","167","379","454","388","219","0","62","188","211","176","145","0","105","191","243","212","74"
"20191","11380625","역촌동","3262","1576","1686","2","544","666","840","737","473","0","197","305","392","358","324","2","347","361","448","379","149"
"20191","11380631","신사1동","1161","624","537","0","119","243","268","289","242","0","48","121","147","137","171","0","71","122","121","152","71"
"20191","11380632","신사2동","1019","718","301","0","113","199","262","256","189","0","89","136","154","171","168","0","24","63","108","85","21"
"20191","11380640","증산동","2105","1369","736","0","272","555","576","479","223","0","127","373","381","316","172","0","145","182","195","163","51"
"20191","11380650","수색동","242","153","89","0","30","66","59","48","39","0","15","42","36","30","30","0","15","24","23","18","9"
"20191","11380690","진관동","767","405","362","0","77","187","208","185","110","0","36","117","117","79","56","0","41","70","91","106","54"
"20191","11410520","천연동","1096","594","502","0","97","180","283","380","156","0","34","81","159","223","97","0","63","99","124","157","59"
"20191","11410555","북아현동","1204","879","325","0","120","275","330","341","138","0","49","207","260","264","99","0","71","68","70","77","39"
"20191","11410565","충현동","11021","6826","4195","13","1390","2786","2904","2607","1321","8","654","1688","1842","1706","928","5","736","1098","1062","901","393"
"20191","11410585","신촌동","2172","1143","1029","0","335","580","554","467","236","0","126","252","285","306","174","0","209","328","269","161","62"
"20191","11410615","연희동","8633","5661","2972","25","1367","2133","1866","2380","862","13","758","1421","1162","1706","601","12","609","712","704","674","261"
"20191","11410620","홍제1동","1698","876","822","0","182","254","432","588","242","0","55","117","226","329","149","0","127","137","206","259","93"
"20191","11410640","홍제3동","875","434","441","0","78","112","174","229","282","0","25","44","82","119","164","0","53","68","92","110","118"
"20191","11410655","홍제2동","361","183","178","0","52","80","92","79","58","0","17","51","47","39","29","0","35","29","45","40","29"
"20191","11410660","홍은1동","2623","518","2105","0","93","191","713","1265","361","0","34","64","131","151","138","0","59","127","582","1114","223"
"20191","11410685","홍은2동","1454","936","518","2","232","392","359","309","160","2","132","257","231","202","112","0","100","135","128","107","48"
"20191","11410690","남가좌1동","951","572","379","1","69","120","166","235","360","1","46","81","105","125","214","0","23","39","61","110","146"
"20191","11410700","남가좌2동","1164","608","556","0","124","245","325","325","145","0","38","117","157","184","112","0","86","128","168","141","33"
"20191","11410710","북가좌1동","422","333","89","0","7","20","48","88","259","0","3","8","22","59","241","0","4","12","26","29","18"
"20191","11410720","북가좌2동","1307","661","646","0","194","261","292","325","235","0","52","132","161","175","141","0","142","129","131","150","94"
"20191","11440555","아현동","5728","3145","2583","8","1089","1837","1624","974","196","3","471","1027","911","593","140","5","618","810","713","381","56"
"20191","11440565","공덕동","9194","5298","3896","38","2044","2501","2467","1614","530","12","815","1325","1571","1195","380","26","1229","1176","896","419","150"
"20191","11440585","도화동","12438","7561","4877","18","2285","3031","3127","2774","1203","9","1194","2082","2060","1448","768","9","1091","949","1067","1326","435"
"20191","11440590","용강동","10604","6283","4321","6","1554","2616","2509","2100","1819","5","750","1545","1656","1219","1108","1","804","1071","853","881","711"
"20191","11440600","대흥동","3225","1589","1636","16","1291","732","475","448","263","2","502","379","258","270","178","14","789","353","217","178","85"
"20191","11440610","염리동","1979","1305","674","28","374","446","397","434","300","10","190","300","296","300","209","18","184","146","101","134","91"
"20191","11440630","신수동","2488","1412","1076","1","302","692","697","601","195","1","114","324","398","426","149","0","188","368","299","175","46"
"20191","11440655","서강동","3646","2283","1363","3","638","885","882","712","526","2","314","523","579","474","391","1","324","362","303","238","135"
"20191","11440660","서교동","26294","13454","12840","65","5497","7416","6104","4311","2901","51","2248","3708","3366","2280","1801","14","3249","3708","2738","2031","1100"
"20191","11440680","합정동","5349","3000","2349","4","886","1541","1390","985","543","3","350","756","877","638","376","1","536","785","513","347","167"
"20191","11440690","망원1동","2980","1659","1321","3","818","824","621","438","276","0","474","442","300","264","179","3","344","382","321","174","97"
"20191","11440700","망원2동","4621","2759","1862","3","581","865","1003","1403","766","2","316","637","704","652","448","1","265","228","299","751","318"
"20191","11440710","연남동","2839","1750","1089","0","450","674","698","606","411","0","200","363","415","418","354","0","250","311","283","188","57"
"20191","11440720","성산1동","4650","3081","1569","5","592","970","1071","906","1106","5","290","602","678","631","875","0","302","368","393","275","231"
"20191","11440730","성산2동","1375","617","758","1","128","255","367","424","200","1","44","126","164","166","116","0","84","129","203","258","84"
"20191","11440740","상암동","11981","7355","4626","28","2528","4343","3258","1353","471","12","1109","2738","2171","944","381","16","1419","1605","1087","409","90"
"20191","11470510","목1동","13488","8753","4735","30","2332","3670","3362","2754","1340","20","1088","2412","2387","1974","872","10","1244","1258","975","780","468"
"20191","11470520","목2동","2860","1599","1261","0","391","696","763","654","356","0","183","382","424","379","231","0","208","314","339","275","125"
"20191","11470530","목3동","1685","928","757","0","216","373","447","406","243","0","108","217","240","207","156","0","108","156","207","199","87"
"20191","11470540","목4동","2011","1221","790","0","244","444","580","502","241","0","95","266","345","321","194","0","149","178","235","181","47"
"20191","11470550","목5동","15306","9313","5993","56","2485","3954","3710","3201","1900","27","1145","2383","2342","2098","1318","29","1340","1571","1368","1103","582"
"20191","11470560","신월1동","2132","1379","753","0","199","347","491","700","395","0","106","214","299","466","294","0","93","133","192","234","101"
"20191","11470570","신월2동","1814","1052","762","2","150","292","492","496","382","2","85","173","255","264","273","0","65","119","237","232","109"
"20191","11470580","신월3동","1121","648","473","0","109","205","257","340","210","0","38","85","137","214","174","0","71","120","120","126","36"
"20191","11470590","신월4동","1289","874","415","0","68","160","302","413","346","0","30","86","176","277","305","0","38","74","126","136","41"
"20191","11470600","신월5동","1632","904","728","1","199","406","411","416","199","1","89","203","214","245","152","0","110","203","197","171","47"
"20191","11470610","신월6동","811","475","336","0","86","151","184","222","168","0","34","77","101","125","138","0","52","74","83","97","30"
"20191","11470611","신월7동","2779","1824","955","0","297","458","567","666","791","0","220","351","372","404","477","0","77","107","195","262","314"
"20191","11470620","신정1동","7889","4612","3277","31","1390","1978","1982","1678","830","31","578","1233","1188","976","606","0","812","745","794","702","224"
"20191","11470630","신정2동","11584","6645","4939","43","2079","3748","3094","2042","578","18","844","2064","1918","1350","451","25","1235","1684","1176","692","127"
"20191","11470640","신정3동","2687","1918","769","1","212","517","670","569","718","0","100","313","454","402","649","1","112","204","216","167","69"
"20191","11470650","신정4동","5283","2917","2366","0","895","938","1009","1109","1332","0","272","458","513","601","1073","0","623","480","496","508","259"
"20191","11470680","신정7동","405","241","164","0","46","98","124","92","45","0","21","55","75","57","33","0","25","43","49","35","12"
"20191","11500510","염창동","2992","1389","1603","3","464","880","893","503","249","2","168","385","360","277","197","1","296","495","533","226","52"
"20191","11500520","등촌1동","5201","3120","2081","6","1046","1343","1150","936","720","4","386","847","793","610","480","2","660","496","357","326","240"
"20191","11500530","등촌2동","2566","1515","1051","0","310","505","617","659","475","0","129","275","372","415","324","0","181","230","245","244","151"
"20191","11500535","등촌3동","13486","7148","6338","34","1668","2867","3012","3335","2570","17","730","1569","1768","1621","1443","17","938","1298","1244","1714","1127"
"20191","11500540","화곡1동","4483","2513","1970","1","469","916","1118","1252","727","1","217","528","608","708","451","0","252","388","510","544","276"
"20191","11500550","화곡2동","1437","869","568","0","174","396","375","349","143","0","102","260","228","183","96","0","72","136","147","166","47"
"20191","11500560","화곡3동","3751","2313","1438","3","511","909","962","866","500","2","275","606","582","487","361","1","236","303","380","379","139"
"20191","11500570","화곡4동","2206","977","1229","0","519","601","447","414","225","0","116","260","217","220","164","0","403","341","230","194","61"
"20191","11500590","화곡본동","2282","1292","990","0","246","455","556","547","478","0","89","252","317","287","347","0","157","203","239","260","131"
"20191","11500591","화곡6동","7410","4703","2707","12","1049","1974","1894","1680","801","1","520","1256","1209","1112","605","11","529","718","685","568","196"
"20191","11500593","화곡8동","1848","1009","839","1","267","483","518","338","241","1","121","263","259","204","161","0","146","220","259","134","80"
"20191","11500603","가양1동","1410","884","526","0","152","292","322","341","303","0","64","180","193","223","224","0","88","112","129","118","79"
"20191","11500605","가양3동","245","157","88","0","42","54","68","51","30","0","27","36","44","30","20","0","15","18","24","21","10"
"20191","11500611","발산1동","2302","1331","971","2","156","344","609","738","453","1","70","173","291","428","368","1","86","171","318","310","85"
"20191","11500615","우장산동","3447","1897","1550","0","752","778","730","726","461","0","285","451","432","430","299","0","467","327","298","296","162"
"20191","11500620","공항동","5401","2825","2576","0","906","1777","1480","1052","186","0","212","739","864","868","142","0","694","1038","616","184","44"
"20191","11500630","방화1동","4187","3299","888","0","438","892","1027","1199","631","0","319","733","825","997","425","0","119","159","202","202","206"
"20191","11500640","방화2동","2319","1512","807","3","241","448","526","608","493","3","133","270","340","390","376","0","108","178","186","218","117"
"20191","11500641","방화3동","2527","1628","899","1","246","538","634","695","413","1","124","284","392","487","340","0","122","254","242","208","73"
"20191","11530510","신도림동","9462","6223","3239","20","1543","2936","2307","1716","940","10","644","2005","1665","1185","714","10","899","931","642","531","226"
"20191","11530530","구로2동","11964","7355","4609","30","1450","2769","2976","2995","1744","15","678","1636","1783","1965","1278","15","772","1133","1193","1030","466"
"20191","11530540","구로3동","51508","33744","17764","190","10703","17329","13040","6414","3832","126","5411","11489","9183","4470","3065","64","5292","5840","3857","1944","767"
"20191","11530550","구로4동","1713","983","730","0","178","336","430","428","341","0","80","186","236","236","245","0","98","150","194","192","96"
"20191","11530560","구로5동","12772","8068","4704","30","1789","2989","3320","2837","1807","23","1008","2063","2198","1681","1095","7","781","926","1122","1156","712"
"20191","11530595","가리봉동","899","418","481","0","76","149","212","194","268","0","32","69","96","76","145","0","44","80","116","118","123"
"20191","11530720","고척1동","2691","1903","788","0","239","547","706","821","378","0","126","363","492","616","306","0","113","184","214","205","72"
"20191","11530730","고척2동","1771","1104","667","0","196","392","450","483","250","0","123","248","265","275","193","0","73","144","185","208","57"
"20191","11530740","개봉1동","2776","1616","1160","1","245","594","668","732","536","1","127","331","343","416","398","0","118","263","325","316","138"
"20191","11530750","개봉2동","5442","2689","2753","22","956","1321","1293","1292","558","10","544","841","571","432","291","12","412","480","722","860","267"
"20191","11530760","개봉3동","1537","922","615","1","206","380","390","331","229","1","101","233","233","184","170","0","105","147","157","147","59"
"20191","11530770","오류1동","3354","2133","1221","2","433","625","820","976","498","1","309","422","496","563","342","1","124","203","324","413","156"
"20191","11530780","오류2동","695","426","269","0","71","157","180","178","109","0","30","88","107","114","87","0","41","69","73","64","22"
"20191","11530790","수궁동","1792","1217","575","4","184","344","409","505","346","4","113","220","259","345","276","0","71","124","150","160","70"
"20191","11545510","가산동","83042","54609","28433","288","16371","25792","20541","12162","7888","185","8686","17319","14814","8083","5522","103","7685","8473","5727","4079","2366"
"20191","11545610","독산1동","11846","7593","4253","25","939","1621","1988","2588","4685","24","554","1076","1267","1593","3079","1","385","545","721","995","1606"
"20191","11545620","독산2동","1367","766","601","0","176","281","317","390","203","0","94","132","158","227","155","0","82","149","159","163","48"
"20191","11545630","독산3동","3618","2582","1036","1","301","555","639","698","1424","0","159","329","345","419","1330","1","142","226","294","279","94"
"20191","11545640","독산4동","1482","844","638","0","181","250","318","353","380","0","105","150","190","173","226","0","76","100","128","180","154"
"20191","11545670","시흥1동","4261","2277","1984","1","594","1028","1013","1066","559","1","271","511","511","603","380","0","323","517","502","463","179"
"20191","11545680","시흥2동","748","443","305","0","75","149","189","224","111","0","44","85","107","131","76","0","31","64","82","93","35"
"20191","11545690","시흥3동","1739","1032","707","0","124","257","404","455","499","0","66","168","232","247","319","0","58","89","172","208","180"
"20191","11545700","시흥4동","1232","741","491","5","194","254","353","301","125","5","118","176","212","139","91","0","76","78","141","162","34"
"20191","11545710","시흥5동","1359","804","555","7","192","316","346","282","216","6","100","210","206","145","137","1","92","106","140","137","79"
"20191","11560515","영등포본동","4029","2291","1738","15","574","993","1033","976","438","6","247","503","593","610","332","9","327","490","440","366","106"
"20191","11560535","영등포동","13344","7468","5876","17","2458","3330","3157","2626","1756","3","916","1862","1969","1550","1168","14","1542","1468","1188","1076","588"
"20191","11560540","여의동","192384","136520","55864","459","35370","68950","49462","29496","8647","172","19526","49287","38201","23479","5855","287","15844","19663","11261","6017","2792"
"20191","11560550","당산1동","6754","4052","2702","2","1145","1912","1502","1247","946","1","454","1069","941","873","714","1","691","843","561","374","232"
"20191","11560560","당산2동","11843","7942","3901","22","1854","2662","2874","2614","1817","10","948","1663","2004","1919","1398","12","906","999","870","695","419"
"20191","11560585","도림동","706","455","251","1","57","118","176","186","168","1","24","74","113","119","124","0","33","44","63","67","44"
"20191","11560605","문래동","57767","41893","15874","91","8919","18849","17779","9120","3009","34","4971","14334","14518","6158","1878","57","3948","4515","3261","2962","1131"
"20191","11560610","양평1동","8907","5158","3749","32","1764","2051","1970","1787","1303","14","902","1310","1174","917","841","18","862","741","796","870","462"
"20191","11560620","양평2동","12582","7198","5384","19","2292","3431","3463","2170","1207","6","1002","2073","1961","1272","884","13","1290","1358","1502","898","323"
"20191","11560630","신길1동","2688","1182","1506","1","478","645","597","531","436","0","148","311","281","223","219","1","330","334","316","308","217"
"20191","11560650","신길3동","622","419","203","0","34","99","147","158","184","0","13","61","95","105","145","0","21","38","52","53","39"
"20191","11560660","신길4동","593","295","298","0","99","141","152","140","61","0","36","64","73","77","45","0","63","77","79","63","16"
"20191","11560670","신길5동","793","383","410","0","76","170","259","196","92","0","35","79","93","99","77","0","41","91","166","97","15"
"20191","11560680","신길6동","1813","1134","679","0","195","434","475","398","311","0","97","268","285","249","235","0","98","166","190","149","76"
"20191","11560690","신길7동","2410","1649","761","1","282","461","548","691","427","1","176","313","369","442","348","0","106","148","179","249","79"
"20191","11560700","대림1동","1494","570","924","0","489","344","306","249","106","0","99","121","150","126","74","0","390","223","156","123","32"
"20191","11560710","대림2동","3767","1911","1856","9","701","901","838","576","742","2","270","476","362","321","480","7","431","425","476","255","262"
"20191","11560720","대림3동","4922","3181","1741","3","511","1028","1264","1176","940","0","262","720","905","740","554","3","249","308","359","436","386"
"20191","11590510","노량진1동","4261","2390","1871","7","559","1015","1069","1016","595","6","238","581","650","551","364","1","321","434","419","465","231"
"20191","11590520","노량진2동","4451","2310","2141","7","705","1303","1081","906","449","1","368","567","500","581","293","6","337","736","581","325","156"
"20191","11590530","상도1동","3561","2063","1498","0","550","881","868","790","472","0","235","492","524","490","322","0","315","389","344","300","150"
"20191","11590540","상도2동","992","509","483","0","119","231","263","240","139","0","51","121","141","120","76","0","68","110","122","120","63"
"20191","11590550","상도3동","887","505","382","0","73","179","236","209","190","0","41","119","140","104","101","0","32","60","96","105","89"
"20191","11590560","상도4동","1118","665","453","0","152","252","274","280","160","0","74","148","164","197","82","0","78","104","110","83","78"
"20191","11590605","흑석동","217","126","91","0","26","50","60","50","31","0","13","28","35","28","22","0","13","22","25","22","9"
"20191","11590620","사당1동","3764","1979","1785","0","633","931","1011","691","498","0","204","451","507","414","403","0","429","480","504","277","95"
"20191","11590630","사당2동","1976","1093","883","1","315","579","535","370","176","0","152","354","318","171","98","1","163","225","217","199","78"
"20191","11590640","사당3동","919","543","376","0","108","205","249","216","141","0","40","112","156","129","106","0","68","93","93","87","35"
"20191","11590650","사당4동","1255","649","606","1","133","205","276","243","397","1","51","103","123","111","260","0","82","102","153","132","137"
"20191","11590651","사당5동","1460","785","675","0","180","358","442","349","131","0","80","167","228","196","114","0","100","191","214","153","17"
"20191","11590660","대방동","7997","5308","2689","4","1342","2172","1870","1787","822","1","715","1484","1301","1286","521","3","627","688","569","501","301"
"20191","11590670","신대방1동","3893","2467","1426","7","746","1246","906","622","366","6","380","803","626","407","245","1","366","443","280","215","121"
"20191","11590680","신대방2동","12684","8075","4609","27","2313","2647","2375","2964","2358","16","1750","2029","1515","1512","1253","11","563","618","860","1452","1105"
"20191","11620525","보라매동","1634","839","795","4","217","366","385","406","256","1","90","186","198","192","172","3","127","180","187","214","84"
"20191","11620545","청림동","444","253","191","0","67","148","146","65","18","0","29","82","88","42","12","0","38","66","58","23","6"
"20191","11620565","성현동","1543","587","956","11","218","271","353","467","223","6","100","142","160","127","52","5","118","129","193","340","171"
"20191","11620575","행운동","1996","1113","883","0","292","490","476","456","282","0","144","275","254","235","205","0","148","215","222","221","77"
"20191","11620585","낙성대동","5211","2886","2325","2","846","1794","1120","796","653","1","382","943","589","465","506","1","464","851","531","331","147"
"20191","11620595","청룡동","3302","1810","1492","0","539","936","792","748","287","0","212","473","440","487","198","0","327","463","352","261","89"
"20191","11620605","은천동","1054","505","549","1","144","196","219","292","202","0","50","92","113","133","117","1","94","104","106","159","85"
"20191","11620615","중앙동","1225","572","653","0","149","221","283","331","241","0","60","108","133","157","114","0","89","113","150","174","127"
"20191","11620625","인헌동","1416","819","597","0","291","410","357","223","135","0","135","254","211","116","103","0","156","156","146","107","32"
"20191","11620630","남현동","3384","2228","1156","0","563","844","918","657","402","0","309","566","644","430","279","0","254","278","274","227","123"
"20191","11620645","서원동","2333","963","1370","1","453","505","425","519","430","0","115","205","213","188","242","1","338","300","212","331","188"
"20191","11620655","신원동","628","362","266","0","62","135","158","155","118","0","33","74","95","92","68","0","29","61","63","63","50"
"20191","11620665","서림동","1454","821","633","0","216","259","365","311","303","0","108","137","195","185","196","0","108","122","170","126","107"
"20191","11620725","조원동","2959","1843","1116","0","561","720","720","635","323","0","258","469","461","426","229","0","303","251","259","209","94"
"20191","11620685","신사동","3698","2518","1180","0","591","1068","1075","668","296","0","256","723","839","505","195","0","335","345","236","163","101"
"20191","11620695","신림동","1706","1028","678","0","137","239","414","393","523","0","47","125","228","228","400","0","90","114","186","165","123"
"20191","11620715","난향동","544","264","280","0","64","118","151","118","93","0","17","53","61","60","73","0","47","65","90","58","20"
"20191","11620735","대학동","939","712","227","0","126","232","275","232","74","0","74","163","220","189","66","0","52","69","55","43","8"
"20191","11620745","삼성동","879","491","388","0","93","182","237","235","132","0","40","90","126","128","107","0","53","92","111","107","25"
"20191","11620765","미성동","3064","1812","1252","9","292","537","728","805","693","8","185","316","409","416","478","1","107","221","319","389","215"
"20191","11620775","난곡동","991","549","442","0","98","204","244","293","152","0","39","106","122","166","116","0","59","98","122","127","36"
"20191","11650510","서초1동","41803","23403","18400","73","8762","10834","9210","10203","2721","24","3143","5837","5345","7072","1982","49","5619","4997","3865","3131","739"
"20191","11650520","서초2동","58613","38928","19685","130","12272","19335","14678","8974","3224","41","6696","13060","10098","6723","2310","89","5576","6275","4580","2251","914"
"20191","11650530","서초3동","58156","34532","23624","141","9986","17421","14896","10606","5106","63","4230","10148","9527","6917","3647","78","5756","7273","5369","3689","1459"
"20191","11650531","서초4동","34217","19563","14654","122","6684","10471","8595","6060","2285","57","2541","5983","5574","3799","1609","65","4143","4488","3021","2261","676"
"20191","11650540","잠원동","13663","7914","5749","47","2846","4027","3372","2101","1270","25","1123","2355","2234","1316","861","22","1723","1672","1138","785","409"
"20191","11650550","반포본동","11263","6137","5126","17","1863","3718","3220","1927","518","10","682","2030","1805","1206","404","7","1181","1688","1415","721","114"
"20191","11650560","반포1동","6436","3951","2485","3","1174","2135","1609","985","530","0","554","1394","1069","547","387","3","620","741","540","438","143"
"20191","11650570","반포2동","1948","1160","788","4","326","604","506","327","181","2","143","365","326","197","127","2","183","239","180","130","54"
"20191","11650580","반포3동","3165","1765","1400","7","501","804","700","633","520","3","212","474","463","367","246","4","289","330","237","266","274"
"20191","11650581","반포4동","58955","52025","6930","40","5899","12511","15897","21917","2691","17","4473","10414","14108","20829","2184","23","1426","2097","1789","1088","507"
"20191","11650590","방배본동","22144","12260","9884","89","4146","5712","5885","3957","2355","62","1410","2986","3427","2569","1806","27","2736","2726","2458","1388","549"
"20191","11650600","방배1동","18441","12190","6251","85","3639","5661","4470","3357","1229","59","1727","3453","3295","2744","912","26","1912","2208","1175","613","317"
"20191","11650610","방배2동","12555","6119","6436","18","2116","3209","3443","2419","1350","3","739","1441","1595","1428","913","15","1377","1768","1848","991","437"
"20191","11650620","방배3동","14532","9510","5022","85","2270","4325","3925","2367","1560","26","1153","2713","2823","1629","1166","59","1117","1612","1102","738","394"
"20191","11650621","방배4동","15638","9663","5975","28","2699","4318","3888","2993","1712","11","1142","2544","2639","2093","1234","17","1557","1774","1249","900","478"
"20191","11650651","양재1동","25511","16466","9045","336","5958","7047","5779","3804","2587","162","3026","4732","4077","2533","1936","174","2932","2315","1702","1271","651"
"20191","11650652","양재2동","30435","22816","7619","43","4044","7444","8543","8017","2344","25","2446","5476","6559","6537","1773","18","1598","1968","1984","1480","571"
"20191","11650660","내곡동","1650","1080","570","3","237","343","354","353","360","3","168","251","242","205","211","0","69","92","112","148","149"
"20191","11680510","신사동","26882","16013","10869","72","5590","8117","6819","4099","2185","27","2169","4956","4566","2679","1616","45","3421","3161","2253","1420","569"
"20191","11680521","논현1동","40704","23806","16898","116","10638","12233","8657","5627","3433","42","4526","7272","5837","3631","2498","74","6112","4961","2820","1996","935"
"20191","11680531","논현2동","51265","32713","18552","101","9820","14835","12344","8315","5850","25","4261","8868","8768","6309","4482","76","5559","5967","3576","2006","1368"
"20191","11680545","압구정동","40822","22984","17838","223","9084","12764","9380","6106","3265","85","3367","7173","6312","4021","2026","138","5717","5591","3068","2085","1239"
"20191","11680565","청담동","54591","31246","23345","143","11348","18058","13560","8194","3288","56","4266","10308","8912","5409","2295","87","7082","7750","4648","2785","993"
"20191","11680580","삼성1동","159167","107420","51747","379","32071","47730","42640","28254","8093","187","17237","31553","31455","22149","4839","192","14834","16177","11185","6105","3254"
"20191","11680590","삼성2동","58014","33339","24675","123","11688","18819","14737","8204","4443","48","4846","11071","9834","4616","2924","75","6842","7748","4903","3588","1519"
"20191","11680600","대치1동","16783","8940","7843","30","3070","5477","4182","2611","1413","11","1153","2718","2365","1670","1023","19","1917","2759","1817","941","390"
"20191","11680610","대치2동","85188","47669","37519","484","15475","23451","19634","16079","10065","213","7126","14365","12628","8299","5038","271","8349","9086","7006","7780","5027"
"20191","11680630","대치4동","33175","20389","12786","131","5321","9871","9013","5633","3206","12","2289","5975","6167","3950","1996","119","3032","3896","2846","1683","1210"
"20191","11680640","역삼1동","168845","99888","68957","434","34064","51371","43504","29454","10018","160","16299","32057","28395","15953","7024","274","17765","19314","15109","13501","2994"
"20191","11680650","역삼2동","48392","28688","19704","185","11140","13440","11498","8557","3572","73","5370","8610","7651","4473","2511","112","5770","4830","3847","4084","1061"
"20191","11680655","도곡1동","31446","22284","9162","69","5375","7320","8764","7956","1962","54","2727","4798","6593","6518","1594","15","2648","2522","2171","1438","368"
"20191","11680656","도곡2동","88264","60360","27904","422","16866","34690","25354","9139","1793","267","9010","23760","19491","6650","1182","155","7856","10930","5863","2489","611"
"20191","11680660","개포1동","2438","1498","940","10","381","646","635","505","261","4","172","357","438","341","186","6","209","289","197","164","75"
"20191","11680670","개포2동","5146","3374","1772","17","901","1463","1230","953","582","6","482","980","850","608","448","11","419","483","380","345","134"
"20191","11680690","개포4동","8263","5944","2319","0","1002","1869","2335","1984","1073","0","496","1250","1765","1545","888","0","506","619","570","439","185"
"20191","11680700","세곡동","471","271","200","0","40","82","96","135","118","0","18","41","55","80","77","0","22","41","41","55","41"
"20191","11680730","일원1동","1708","931","777","0","231","321","388","373","395","0","101","170","201","195","264","0","130","151","187","178","131"
"20191","11680750","수서동","15479","8167","7312","24","2206","4170","4162","3073","1844","14","988","2240","2183","1632","1110","10","1218","1930","1979","1441","734"
"20191","11710510","풍납1동","716","404","312","0","91","162","185","189","89","0","49","87","98","100","70","0","42","75","87","89","19"
"20191","11710520","풍납2동","531","261","270","0","116","182","132","80","21","0","32","95","69","49","16","0","84","87","63","31","5"
"20191","11710531","거여1동","2854","2106","748","1","713","794","685","397","264","1","490","628","524","270","193","0","223","166","161","127","71"
"20191","11710532","거여2동","1310","677","633","3","166","215","323","392","211","1","93","128","164","176","115","2","73","87","159","216","96"
"20191","11710540","마천1동","622","307","315","0","67","134","182","169","70","0","25","64","88","80","50","0","42","70","94","89","20"
"20191","11710550","마천2동","1635","1032","603","0","158","383","451","418","225","0","95","239","255","249","194","0","63","144","196","169","31"
"20191","11710561","방이1동","8614","6296","2318","17","901","1671","2260","2297","1468","12","428","1062","1685","1844","1265","5","473","609","575","453","203"
"20191","11710562","방이2동","40875","23517","17358","68","6601","10478","9230","8701","5797","56","3711","6819","5659","4073","3199","12","2890","3659","3571","4628","2598"
"20191","11710566","오륜동","13441","7789","5652","25","2177","4063","3488","2691","997","8","877","2114","2243","1782","765","17","1300","1949","1245","909","232"
"20191","11710570","오금동","22928","16059","6869","17","3029","5459","5793","5528","3102","13","1773","3692","4283","4189","2109","4","1256","1767","1510","1339","993"
"20191","11710580","송파1동","9040","5658","3382","4","1289","2025","2248","1962","1512","1","554","1201","1467","1316","1119","3","735","824","781","646","393"
"20191","11710590","송파2동","5656","3577","2079","19","893","1401","1483","1351","509","16","433","890","1069","848","321","3","460","511","414","503","188"
"20191","11710600","석촌동","9563","6332","3231","2","1160","2182","2234","1969","2016","2","662","1579","1516","1161","1412","0","498","603","718","808","604"
"20191","11710610","삼전동","4176","2822","1354","0","495","953","941","838","949","0","284","625","619","514","780","0","211","328","322","324","169"
"20191","11710620","가락본동","25135","15183","9952","57","3410","6042","5753","4911","4962","22","1634","3773","3850","2845","3059","35","1776","2269","1903","2066","1903"
"20191","11110550","부암동","1514","840","674","1","255","440","405","292","121","0","104","243","233","176","84","1","151","197","172","116","37"
"20191","11110515","청운효자동","6476","4168","2308","27","1182","1871","1798","1145","453","0","516","1171","1341","827","313","27","666","700","457","318","140"
"20191","11110530","사직동","44477","27846","16631","37","5864","12589","13409","8809","3769","8","2453","7735","9175","6159","2316","29","3411","4854","4234","2650","1453"
"20191","11110540","삼청동","3911","3185","726","0","483","1033","1218","924","253","0","309","792","1036","828","220","0","174","241","182","96","33"
"20191","11710642","문정2동","30105","18925","11180","56","4311","9160","9228","5331","2019","25","2064","5171","6327","4081","1257","31","2247","3989","2901","1250","762"
"20191","11710631","가락1동","5894","4120","1774","0","403","1097","1622","1689","1083","0","270","840","1194","1107","709","0","133","257","428","582","374"
"20191","11710632","가락2동","6848","4622","2226","3","913","1455","1358","1280","1839","3","541","996","900","768","1414","0","372","459","458","512","425"
"20191","11710641","문정1동","31693","24481","7212","1","2878","5915","9134","11966","1799","1","1693","4266","7104","10245","1172","0","1185","1649","2030","1721","627"
"20191","11710646","장지동","5460","3730","1730","3","586","872","1293","1443","1263","1","327","584","865","1015","938","2","259","288","428","428","325"
"20191","11710650","잠실본동","9082","5802","3280","26","1236","1738","2126","2013","1943","0","551","1059","1331","1386","1475","26","685","679","795","627","468"
"20191","11710670","잠실2동","3796","2532","1264","4","728","1103","995","758","208","4","457","774","676","500","121","0","271","329","319","258","87"
"20191","11710680","잠실3동","33924","23006","10918","167","6200","8498","8445","6422","4192","75","3231","5878","6253","4607","2962","92","2969","2620","2192","1815","1230"
"20191","11710690","잠실4동","3061","2460","601","14","407","962","889","650","139","6","293","791","733","531","106","8","114","171","156","119","33"
"20191","11710710","잠실6동","51676","27541","24135","104","8225","13713","14738","13173","1723","34","3808","8429","8508","5465","1297","70","4417","5284","6230","7708","426"
"20191","11740515","강일동","125","81","44","0","20","26","34","30","15","0","10","18","21","19","13","0","10","8","13","11","2"
"20191","11740520","상일동","1247","629","618","0","177","282","310","332","146","0","59","141","186","151","92","0","118","141","124","181","54"
"20191","11740530","명일1동","3780","2107","1673","0","558","1014","952","685","571","0","260","609","622","350","266","0","298","405","330","335","305"
"20191","11740540","명일2동","2521","1726","795","2","292","719","677","536","295","2","150","508","491","344","231","0","142","211","186","192","64"
"20191","11740550","고덕1동","1016","528","488","0","113","224","263","244","172","0","50","125","129","113","111","0","63","99","134","131","61"
"20191","11740560","고덕2동","1088","690","398","0","64","144","232","381","267","0","13","64","134","263","216","0","51","80","98","118","51"
"20191","11740570","암사1동","2792","1708","1084","0","358","594","588","565","687","0","173","390","372","383","390","0","185","204","216","182","297"
"20191","11740580","암사2동","1930","706","1224","1","197","320","454","579","379","1","71","149","183","167","135","0","126","171","271","412","244"
"20191","11740600","천호1동","1929","1116","813","1","183","363","480","454","448","0","73","188","245","267","343","1","110","175","235","187","105"
"20191","11740610","천호2동","3320","1717","1603","5","411","704","817","775","608","4","166","331","406","386","424","1","245","373","411","389","184"
"20191","11740620","천호3동","1366","779","587","0","72","149","229","246","670","0","25","68","114","125","447","0","47","81","115","121","223"
"20191","11740640","성내1동","13172","8952","4220","18","1558","2756","2833","3403","2604","5","903","1718","1857","2460","2009","13","655","1038","976","943","595"
"20191","11740650","성내2동","2007","1243","764","0","335","417","450","412","393","0","222","259","262","256","244","0","113","158","188","156","149"
"20191","11740660","성내3동","4156","2495","1661","4","590","933","1042","862","725","4","308","593","628","485","477","0","282","340","414","377","248"
"20191","11740685","길동","8576","4357","4219","5","1235","1710","1937","2087","1602","4","484","910","1033","962","964","1","751","800","904","1125","638"
"20191","11740700","둔촌2동","2842","1279","1563","0","540","744","611","589","358","0","155","308","304","281","231","0","385","436","307","308","127"
"20191","11110600","가회동","11063","8229","2834","4","1188","3801","3323","2076","671","4","613","2795","2596","1709","512","0","575","1006","727","367","159"
"20191","11110560","평창동","12926","7250","5676","14","1603","3463","4226","2805","815","7","768","1769","2496","1684","526","7","835","1694","1730","1121","289"
"20191","11110570","무악동","451","124","327","3","127","127","110","58","26","3","27","25","35","19","15","0","100","102","75","39","11"
"20191","11110580","교남동","713","422","291","1","80","184","190","147","111","0","28","93","113","100","88","1","52","91","77","47","23"
"20191","11110615","종로1?2?3?4가동","116875","64403","52472","1676","23688","35525","32006","18343","5637","717","10323","17834","18759","12922","3848","959","13365","17691","13247","5421","1789"
"20191","11110630","종로5?6가동","22052","13772","8280","565","5126","6357","5417","3344","1243","152","2122","4096","3964","2573","865","413","3004","2261","1453","771","378"
"20191","11110640","이화동","1569","867","702","0","237","398","400","332","202","0","74","183","234","222","154","0","163","215","166","110","48"
"20191","11110650","혜화동","4395","2144","2251","4","722","1187","1064","874","544","4","247","576","564","452","301","0","475","611","500","422","243"
"20191","11110670","창신1동","2120","926","1194","0","167","375","649","530","399","0","68","135","217","238","268","0","99","240","432","292","131"
"20191","11110680","창신2동","243","72","171","0","10","22","67","91","53","0","0","4","21","29","18","0","10","18","46","62","35"
"20191","11110690","창신3동","99","46","53","0","11","27","25","26","10","0","4","11","12","13","6","0","7","16","13","13","4"
"20191","11110700","숭인1동","307","140","167","0","59","67","68","68","45","0","10","28","34","36","32","0","49","39","34","32","13"
"20191","11110710","숭인2동","1662","856","806","2","248","293","392","398","329","1","76","140","219","239","181","1","172","153","173","159","148"
"20191","11140520","소공동","94203","50043","44160","490","27265","29761","20737","12450","3500","137","8857","14809","14799","9103","2338","353","18408","14952","5938","3347","1162"
"20191","11140540","회현동","74892","46291","28601","234","14028","26412","20476","10879","2863","75","6553","15764","13340","8559","2000","159","7475","10648","7136","2320","863"
"20191","11140550","명동","123928","71739","52189","151","20262","41748","33631","22016","6120","50","8100","21531","21683","16239","4136","101","12162","20217","11948","5777","1984"
"20191","11140570","필동","11974","5624","6350","14","1726","3032","3695","2620","887","4","583","1498","1736","1230","573","10","1143","1534","1959","1390","314"
"20191","11140580","장충동","7351","3888","3463","25","1689","2019","1903","1399","316","6","593","1134","1134","806","215","19","1096","885","769","593","101"
"20191","11140590","광희동","55742","27778","27964","552","16017","14709","11448","8810","4206","233","7786","8562","6632","2988","1577","319","8231","6147","4816","5822","2629"
"20191","11140605","을지로동","15882","8650","7232","43","3845","3862","3459","2757","1916","4","1006","2126","2249","1917","1348","39","2839","1736","1210","840","568"
"20191","11140615","신당동","5611","3022","2589","48","1593","1194","1056","1028","692","15","710","623","543","659","472","33","883","571","513","369","220"
"20191","11140625","다산동","6255","3937","2318","4","1113","1990","1507","1098","543","0","459","1366","1053","672","387","4","654","624","454","426","156"
"20191","11140635","약수동","10940","4230","6710","28","1760","4090","3031","1500","531","3","535","1440","1005","861","386","25","1225","2650","2026","639","145"
"20191","11140645","청구동","1894","1043","851","0","277","508","445","405","259","0","93","264","285","252","149","0","184","244","160","153","110"
"20191","11140650","신당5동","768","406","362","0","81","169","194","177","147","0","35","75","99","94","103","0","46","94","95","83","44"
"20191","11140665","동화동","1183","535","648","0","188","287","312","249","147","0","50","98","151","138","98","0","138","189","161","111","49"
"20191","11140670","황학동","774","519","255","0","117","216","197","152","92","0","73","135","124","106","81","0","44","81","73","46","11"
"20191","11140680","중림동","3099","1730","1369","0","654","994","809","426","216","0","299","540","448","284","159","0","355","454","361","142","57"
"20191","11170510","후암동","1640","967","673","0","251","364","456","370","199","0","93","217","299","219","139","0","158","147","157","151","60"
"20191","11170520","용산2가동","583","422","161","0","35","97","217","207","27","0","13","53","171","165","20","0","22","44","46","42","7"
"20191","11170530","남영동","16176","6814","9362","130","6152","3987","3084","2068","755","9","1154","2142","1834","1110","565","121","4998","1845","1250","958","190"
"20191","11170555","청파동","3050","1639","1411","0","463","776","736","648","427","0","159","362","387","400","331","0","304","414","349","248","96"
"20191","11170560","원효로1동","2742","1874","868","0","427","748","717","503","347","0","253","536","498","345","242","0","174","212","219","158","105"
"20191","11170570","원효로2동","2765","1990","775","6","435","834","773","441","276","3","249","597","593","329","219","3","186","237","180","112","57"
"20191","11170580","효창동","1251","709","542","0","167","314","351","278","141","0","80","183","209","140","97","0","87","131","142","138","44"
"20191","11170590","용문동","2388","1377","1011","1","468","651","656","443","169","1","195","382","387","297","115","0","273","269","269","146","54"
"20191","11170625","한강로동","42930","21198","21732","139","8770","13384","12241","6306","2090","66","3572","6265","6088","3835","1372","73","5198","7119","6153","2471","718"
"20191","11170630","이촌1동","5274","3375","1899","24","857","1417","1477","1077","422","15","426","874","1041","725","294","9","431","543","436","352","128"
"20191","11170640","이촌2동","1547","1055","492","0","219","429","459","337","103","0","100","271","346","262","76","0","119","158","113","75","27"
"20191","11170650","이태원1동","22194","9721","12473","15","6513","8556","4317","2120","673","9","1671","3592","2389","1540","520","6","4842","4964","1928","580","153"
"20191","11170660","이태원2동","1112","629","483","0","185","367","287","176","97","0","86","205","156","97","85","0","99","162","131","79","12"
"20191","11170685","한남동","35228","25774","9454","91","5790","10427","9250","8090","1580","63","2747","6946","7505","7247","1266","28","3043","3481","1745","843","314"
"20191","11170690","서빙고동","7218","4732","2486","14","1282","2153","2221","1142","406","5","614","1259","1623","912","319","9","668","894","598","230","87"
"20191","11170700","보광동","565","286","279","0","67","121","148","143","86","0","8","59","77","82","60","0","59","62","71","61","26"
"20191","11200520","왕십리2동","1070","635","435","0","151","269","305","230","115","0","75","142","188","143","87","0","76","127","117","87","28"
"20191","11200535","왕십리도선동","3787","1736","2051","8","625","732","790","929","703","0","215","405","425","393","298","8","410","327","365","536","405"
"20191","11200540","마장동","6773","4812","1961","11","560","1193","1565","2229","1215","11","334","818","1142","1599","908","0","226","375","423","630","307"
"20191","11200550","사근동","409","297","112","0","17","71","136","127","58","0","6","45","96","99","51","0","11","26","40","28","7"
"20191","11200560","행당1동","1608","1090","518","0","200","335","412","460","201","0","100","207","284","349","150","0","100","128","128","111","51"
"20191","11200570","행당2동","9","2","7","0","0","1","4","3","1","0","0","0","1","0","1","0","0","1","3","3","0"
"20191","11200580","응봉동","583","239","344","1","140","156","129","97","60","0","32","54","59","49","45","1","108","102","70","48","15"
"20191","11200590","금호1가동","1349","500","849","9","158","439","552","151","40","0","49","146","218","59","28","9","109","293","334","92","12"
"20191","11200615","금호2?3가동","447","239","208","0","44","79","106","106","112","0","6","32","53","62","86","0","38","47","53","44","26"
"20191","11200620","금호4가동","691","412","279","0","75","158","190","169","99","0","28","81","124","105","74","0","47","77","66","64","25"
"20191","11200645","옥수동","1764","681","1083","0","449","525","399","268","123","0","112","194","185","126","64","0","337","331","214","142","59"
"20191","11200650","성수1가1동","2148","1345","803","0","278","451","477","568","374","0","127","282","306","386","244","0","151","169","171","182","130"
"20191","11200660","성수1가2동","5342","3658","1684","12","855","1093","1126","1156","1100","8","506","725","727","817","875","4","349","368","399","339","225"
"20191","11200670","성수2가1동","7914","5023","2891","67","1801","2274","1809","1289","674","36","814","1473","1234","913","553","31","987","801","575","376","121"
"20191","11200690","성수2가3동","22685","14557","8128","58","3728","5773","5674","4536","2916","50","2071","3861","3815","2739","2021","8","1657","1912","1859","1797","895"
"20191","11200720","송정동","878","540","338","0","123","207","222","176","150","0","60","129","124","106","121","0","63","78","98","70","29"
"20191","11200790","용답동","2792","1696","1096","15","703","780","575","439","280","0","304","504","383","281","224","15","399","276","192","158","56"
"20191","11215710","화양동","1335","859","476","0","170","210","328","401","226","0","61","115","216","281","186","0","109","95","112","120","40"
"20191","11215730","군자동","1356","734","622","0","166","285","306","309","290","0","64","150","173","163","184","0","102","135","133","146","106"
"20191","11215740","중곡1동","4120","2003","2117","48","1068","786","826","971","421","15","456","424","410","391","307","33","612","362","416","580","114"
"20192","11170570","원효로2동","2765","1990","775","6","435","834","773","441","276","3","249","597","593","329","219","3","186","237","180","112","57"
"20192","11170530","남영동","16176","6814","9362","130","6152","3987","3084","2068","755","9","1154","2142","1834","1110","565","121","4998","1845","1250","958","190"
"20192","11170555","청파동","3050","1639","1411","0","463","776","736","648","427","0","159","362","387","400","331","0","304","414","349","248","96"
"20192","11170560","원효로1동","2742","1874","868","0","427","748","717","503","347","0","253","536","498","345","242","0","174","212","219","158","105"
"20192","11170580","효창동","1251","709","542","0","167","314","351","278","141","0","80","183","209","140","97","0","87","131","142","138","44"
"20192","11170590","용문동","2388","1377","1011","1","468","651","656","443","169","1","195","382","387","297","115","0","273","269","269","146","54"
"20192","11170625","한강로동","42930","21198","21732","139","8770","13384","12241","6306","2090","66","3572","6265","6088","3835","1372","73","5198","7119","6153","2471","718"
"20192","11170630","이촌1동","5274","3375","1899","24","857","1417","1477","1077","422","15","426","874","1041","725","294","9","431","543","436","352","128"
"20192","11170640","이촌2동","1547","1055","492","0","219","429","459","337","103","0","100","271","346","262","76","0","119","158","113","75","27"
"20192","11170650","이태원1동","22194","9721","12473","15","6513","8556","4317","2120","673","9","1671","3592","2389","1540","520","6","4842","4964","1928","580","153"
"20192","11170660","이태원2동","1112","629","483","0","185","367","287","176","97","0","86","205","156","97","85","0","99","162","131","79","12"
"20192","11170685","한남동","35228","25774","9454","91","5790","10427","9250","8090","1580","63","2747","6946","7505","7247","1266","28","3043","3481","1745","843","314"
"20192","11170690","서빙고동","7218","4732","2486","14","1282","2153","2221","1142","406","5","614","1259","1623","912","319","9","668","894","598","230","87"
"20192","11170700","보광동","565","286","279","0","67","121","148","143","86","0","8","59","77","82","60","0","59","62","71","61","26"
"20192","11200520","왕십리2동","1070","635","435","0","151","269","305","230","115","0","75","142","188","143","87","0","76","127","117","87","28"
"20192","11200535","왕십리도선동","3787","1736","2051","8","625","732","790","929","703","0","215","405","425","393","298","8","410","327","365","536","405"
"20192","11200540","마장동","6773","4812","1961","11","560","1193","1565","2229","1215","11","334","818","1142","1599","908","0","226","375","423","630","307"
"20192","11200550","사근동","409","297","112","0","17","71","136","127","58","0","6","45","96","99","51","0","11","26","40","28","7"
"20192","11200560","행당1동","1608","1090","518","0","200","335","412","460","201","0","100","207","284","349","150","0","100","128","128","111","51"
"20192","11200570","행당2동","9","2","7","0","0","1","4","3","1","0","0","0","1","0","1","0","0","1","3","3","0"
"20192","11200580","응봉동","583","239","344","1","140","156","129","97","60","0","32","54","59","49","45","1","108","102","70","48","15"
"20192","11200590","금호1가동","1349","500","849","9","158","439","552","151","40","0","49","146","218","59","28","9","109","293","334","92","12"
"20192","11200615","금호2?3가동","447","239","208","0","44","79","106","106","112","0","6","32","53","62","86","0","38","47","53","44","26"
"20192","11200620","금호4가동","691","412","279","0","75","158","190","169","99","0","28","81","124","105","74","0","47","77","66","64","25"
"20192","11200645","옥수동","1764","681","1083","0","449","525","399","268","123","0","112","194","185","126","64","0","337","331","214","142","59"
"20192","11200650","성수1가1동","2148","1345","803","0","278","451","477","568","374","0","127","282","306","386","244","0","151","169","171","182","130"
"20192","11200660","성수1가2동","5342","3658","1684","12","855","1093","1126","1156","1100","8","506","725","727","817","875","4","349","368","399","339","225"
"20192","11200670","성수2가1동","7914","5023","2891","67","1801","2274","1809","1289","674","36","814","1473","1234","913","553","31","987","801","575","376","121"
"20192","11200690","성수2가3동","22685","14557","8128","58","3728","5773","5674","4536","2916","50","2071","3861","3815","2739","2021","8","1657","1912","1859","1797","895"
"20192","11200720","송정동","878","540","338","0","123","207","222","176","150","0","60","129","124","106","121","0","63","78","98","70","29"
"20192","11200790","용답동","2792","1696","1096","15","703","780","575","439","280","0","304","504","383","281","224","15","399","276","192","158","56"
"20192","11215710","화양동","1335","859","476","0","170","210","328","401","226","0","61","115","216","281","186","0","109","95","112","120","40"
"20192","11215730","군자동","1356","734","622","0","166","285","306","309","290","0","64","150","173","163","184","0","102","135","133","146","106"
"20192","11215740","중곡1동","4120","2003","2117","48","1068","786","826","971","421","15","456","424","410","391","307","33","612","362","416","580","114"
"20192","11215750","중곡2동","2261","1295","966","0","304","455","580","538","384","0","191","264","305","284","251","0","113","191","275","254","133"
"20192","11215760","중곡3동","860","548","312","0","99","210","237","196","118","0","54","150","139","124","81","0","45","60","98","72","37"
"20192","11215770","중곡4동","3137","1539","1598","0","541","763","802","729","302","0","157","352","389","395","246","0","384","411","413","334","56"
"20192","11215780","능동","1369","854","515","0","193","320","356","278","222","0","95","190","227","170","172","0","98","130","129","108","50"
"20192","11215810","광장동","5066","3074","1992","49","1574","1332","984","777","350","14","754","860","666","522","258","35","820","472","318","255","92"
"20192","11215820","자양1동","8810","6948","1862","0","596","1244","2387","3594","989","0","261","797","1917","3127","846","0","335","447","470","467","143"
"20192","11215830","자양2동","2177","1351","826","0","312","489","566","557","253","0","209","310","337","307","188","0","103","179","229","250","65"
"20192","11215840","자양3동","2008","1444","564","3","240","518","560","505","182","1","148","365","415","372","143","2","92","153","145","133","39"
"20192","11215847","자양4동","849","554","295","0","58","126","206","223","236","0","25","70","122","143","194","0","33","56","84","80","42"
"20192","11215850","구의1동","3413","2039","1374","2","486","855","944","777","349","2","254","496","524","503","260","0","232","359","420","274","89"
"20192","11215860","구의2동","2134","1326","808","22","304","368","538","574","328","8","155","205","351","376","231","14","149","163","187","198","97"
"20192","11215870","구의3동","9125","5563","3562","12","1072","1923","2205","2286","1627","3","615","1341","1499","1177","928","9","457","582","706","1109","699"
"20192","11230536","용신동","19195","9941","9254","10","2310","4277","4753","4730","3115","5","1097","2448","2507","2167","1717","5","1213","1829","2246","2563","1398"
"20192","11230545","제기동","4848","2895","1953","0","639","1192","1184","1027","806","0","267","705","753","606","564","0","372","487","431","421","242"
"20192","11230560","전농1동","1128","726","402","1","121","193","305","318","190","0","80","125","208","206","107","1","41","68","97","112","83"
"20192","11230570","전농2동","1183","619","564","0","133","250","315","317","168","0","54","117","169","165","114","0","79","133","146","152","54"
"20192","11230600","답십리1동","2044","978","1066","0","296","420","572","545","211","0","201","282","206","147","142","0","95","138","366","398","69"
"20192","11230610","답십리2동","2483","1819","664","10","403","567","574","503","426","10","301","435","418","347","308","0","102","132","156","156","118"
"20192","11230650","장안1동","9958","6284","3674","13","1352","1959","2159","2188","2287","13","813","1259","1348","1322","1529","0","539","700","811","866","758"
"20192","11230660","장안2동","5242","2815","2427","20","1611","1015","1055","978","563","16","838","580","488","476","417","4","773","435","567","502","146"
"20192","11230705","청량리동","2822","1510","1312","0","501","812","543","529","437","0","188","466","307","300","249","0","313","346","236","229","188"
"20192","11230710","회기동","179","87","92","0","19","41","46","43","30","0","5","16","22","20","24","0","14","25","24","23","6"
"20192","11230720","휘경1동","902","535","367","0","100","174","224","234","170","0","37","100","144","160","94","0","63","74","80","74","76"
"20192","11230730","휘경2동","1380","712","668","0","182","304","360","330","204","0","53","144","188","176","151","0","129","160","172","154","53"
"20192","11230740","이문1동","1134","515","619","0","215","295","306","213","105","0","39","114","152","132","78","0","176","181","154","81","27"
"20192","11230750","이문2동","200","104","96","0","23","44","46","51","36","0","8","20","22","27","27","0","15","24","24","24","9"
"20192","11260520","면목2동","1066","590","476","0","95","177","232","325","237","0","25","80","120","185","180","0","70","97","112","140","57"
"20192","11260540","면목4동","769","580","189","0","43","123","214","289","100","0","19","80","149","244","88","0","24","43","65","45","12"
"20192","11260550","면목5동","991","683","308","0","93","165","265","251","217","0","64","129","130","164","196","0","29","36","135","87","21"
"20192","11260565","면목본동","1335","729","606","0","165","306","358","327","179","0","55","154","190","190","140","0","110","152","168","137","39"
"20192","11260570","면목7동","946","517","429","0","112","176","232","261","165","0","35","79","121","150","132","0","77","97","111","111","33"
"20192","11260600","중화1동","1187","626","561","0","135","257","306","284","205","0","49","104","149","157","167","0","86","153","157","127","38"
"20192","11260575","면목3?8동","1713","1076","637","0","158","303","438","479","335","0","50","156","260","348","262","0","108","147","178","131","73"
"20192","11260580","상봉1동","1704","1188","516","6","202","299","356","454","387","5","131","185","203","316","348","1","71","114","153","138","39"
"20192","11260590","상봉2동","4761","3294","1467","1","567","1238","1579","1081","295","1","330","868","1055","791","249","0","237","370","524","290","46"
"20192","11260610","중화2동","864","500","364","0","95","122","228","197","222","0","47","56","114","114","169","0","48","66","114","83","53"
"20192","11260620","묵1동","912","430","482","0","93","210","271","220","118","0","33","98","120","99","80","0","60","112","151","121","38"
"20192","11260630","묵2동","1390","950","440","0","199","345","331","381","134","0","114","236","220","281","99","0","85","109","111","100","35"
"20192","11260655","망우본동","1589","830","759","1","173","293","358","485","279","0","55","110","167","266","232","1","118","183","191","219","47"
"20192","11260660","망우3동","423","226","197","0","34","60","102","129","98","0","12","24","46","71","73","0","22","36","56","58","25"
"20192","11260680","신내1동","1973","942","1031","0","348","429","363","524","309","0","92","182","173","258","237","0","256","247","190","266","72"
"20192","11260690","신내2동","464","257","207","0","62","117","114","114","57","0","26","55","59","73","44","0","36","62","55","41","13"
"20192","11290525","성북동","15551","11848","3703","13","2033","3821","4511","4499","674","2","1126","2665","3578","4006","471","11","907","1156","933","493","203"
"20192","11290555","삼선동","4636","2321","2315","0","495","1113","1401","1158","469","0","170","480","674","727","270","0","325","633","727","431","199"
"20192","11290575","동선동","2112","1056","1056","4","278","440","479","535","376","3","96","192","234","293","238","1","182","248","245","242","138"
"20192","11290580","돈암1동","103","48","55","0","29","32","22","14","6","0","7","16","12","8","5","0","22","16","10","6","1"
"20192","11290590","돈암2동","431","262","169","1","66","103","137","78","46","0","31","62","91","57","21","1","35","41","46","21","25"
"20192","11290600","안암동","1991","1311","680","0","268","526","564","435","198","0","135","333","367","312","164","0","133","193","197","123","34"
"20192","11290610","보문동","3276","2486","790","0","312","971","690","690","613","0","171","778","553","553","431","0","141","193","137","137","182"
"20192","11290620","정릉1동","751","411","340","0","91","138","170","197","155","0","23","50","85","122","131","0","68","88","85","75","24"
"20192","11290630","정릉2동","1097","476","621","0","174","264","298","239","122","0","41","112","115","114","94","0","133","152","183","125","28"
"20192","11290640","정릉3동","427","302","125","0","65","133","105","72","52","0","37","96","77","55","37","0","28","37","28","17","15"
"20192","11290650","정릉4동","1116","688","428","0","89","166","273","355","233","0","26","83","177","240","162","0","63","83","96","115","71"
"20192","11290660","길음1동","3041","1484","1557","203","1064","745","509","329","191","86","458","391","251","152","146","117","606","354","258","177","45"
"20192","11290685","길음2동","453","189","264","1","46","89","122","128","67","1","19","35","57","45","32","0","27","54","65","83","35"
"20192","11290705","종암동","15832","8326","7506","29","1338","4000","5589","4522","354","1","573","1466","2553","3520","213","28","765","2534","3036","1002","141"
"20192","11290715","월곡1동","1385","849","536","0","94","174","284","300","533","0","32","82","150","198","387","0","62","92","134","102","146"
"20192","11290725","월곡2동","2501","1589","912","1","398","705","608","443","346","0","199","464","371","266","289","1","199","241","237","177","57"
"20192","11290760","장위1동","505","264","241","0","91","105","118","107","84","0","42","59","59","52","52","0","49","46","59","55","32"
"20192","11290770","장위2동","770","466","304","0","59","130","186","188","207","0","17","64","106","117","162","0","42","66","80","71","45"
"20192","11290780","장위3동","189","115","74","0","29","37","40","48","35","0","10","19","22","30","34","0","19","18","18","18","1"
"20192","11290810","석관동","2897","1908","989","2","248","439","544","584","1080","1","122","266","311","365","843","1","126","173","233","219","237"
"20192","11305534","삼양동","462","267","195","0","60","88","111","111","92","0","22","40","57","71","77","0","38","48","54","40","15"
"20192","11305535","미아동","1214","684","530","0","122","217","350","340","185","0","50","106","193","207","128","0","72","111","157","133","57"
"20192","11305545","송중동","1450","722","728","2","146","239","414","379","270","2","55","102","182","185","196","0","91","137","232","194","74"
"20192","11305555","송천동","926","463","463","0","57","147","197","245","280","0","14","66","89","140","154","0","43","81","108","105","126"
"20192","11305575","삼각산동","335","183","152","0","57","89","108","56","25","0","23","50","60","28","22","0","34","39","48","28","3"
"20192","11305595","번1동","2250","1326","924","0","274","457","451","584","484","0","118","280","273","375","280","0","156","177","178","209","204"
"20192","11305603","번2동","337","160","177","0","43","44","94","106","50","0","18","23","41","50","28","0","25","21","53","56","22"
"20192","11305608","번3동","207","112","95","1","22","35","50","57","42","1","8","16","28","31","28","0","14","19","22","26","14"
"20192","11305615","수유1동","1218","548","670","0","119","216","318","362","203","0","30","86","134","155","143","0","89","130","184","207","60"
"20192","11305625","수유2동","1248","662","586","0","41","79","239","380","509","0","6","41","153","260","202","0","35","38","86","120","307"
"20192","11305635","수유3동","3045","1555","1490","0","315","734","793","800","403","0","118","314","373","490","260","0","197","420","420","310","143"
"20192","11305645","우이동","1638","1010","628","0","80","136","228","397","797","0","18","64","127","274","527","0","62","72","101","123","270"
"20192","11305660","인수동","3004","1763","1241","0","287","600","776","869","472","0","105","322","473","516","347","0","182","278","303","353","125"
"20192","11320511","창1동","837","384","453","0","116","170","221","227","103","0","46","66","100","108","64","0","70","104","121","119","39"
"20192","11320512","창2동","1231","698","533","0","142","279","337","291","182","0","65","166","185","148","134","0","77","113","152","143","48"
"20192","11320513","창3동","624","332","292","0","50","130","205","167","72","0","8","76","121","79","48","0","42","54","84","88","24"
"20192","11320514","창4동","1594","1003","591","0","167","306","393","436","292","0","74","163","232","294","240","0","93","143","161","142","52"
"20192","11320515","창5동","5200","3289","1911","0","599","1162","1285","1099","1055","0","310","798","866","602","713","0","289","364","419","497","342"
"20192","11320521","도봉1동","1718","1138","580","0","63","192","393","617","453","0","7","98","230","445","358","0","56","94","163","172","95"
"20192","11320522","도봉2동","748","480","268","0","37","92","130","190","299","0","14","46","73","126","221","0","23","46","57","64","78"
"20192","11320660","쌍문1동","812","383","429","0","94","129","224","226","139","0","20","44","85","117","117","0","74","85","139","109","22"
"20192","11320670","쌍문2동","998","564","434","0","109","171","237","283","198","0","30","78","125","178","153","0","79","93","112","105","45"
"20192","11320680","쌍문3동","1107","517","590","0","239","252","263","263","90","0","55","116","136","147","63","0","184","136","127","116","27"
"20192","11320681","쌍문4동","160","82","78","0","18","37","44","41","20","0","5","17","22","22","16","0","13","20","22","19","4"
"20192","11320690","방학1동","3094","1795","1299","1","311","681","761","927","413","1","167","396","394","527","310","0","144","285","367","400","103"
"20192","11320700","방학2동","810","370","440","0","68","162","199","164","217","0","27","81","91","81","90","0","41","81","108","83","127"
"20192","11320710","방학3동","1081","647","434","3","183","246","252","249","148","3","116","140","159","120","109","0","67","106","93","129","39"
"20192","11350560","월계1동","1344","738","606","0","215","320","347","266","196","0","101","193","175","138","131","0","114","127","172","128","65"
"20192","11350570","월계2동","163","78","85","0","19","35","45","46","18","0","7","13","21","24","13","0","12","22","24","22","5"
"20192","11350580","월계3동","190","95","95","0","21","34","50","55","30","0","8","17","23","29","18","0","13","17","27","26","12"
"20192","11350595","공릉1동","4836","2615","2221","0","501","746","1059","1343","1187","0","228","410","525","695","757","0","273","336","534","648","430"
"20192","11350600","공릉2동","820","375","445","0","136","206","202","192","84","0","42","93","92","94","54","0","94","113","110","98","30"
"20192","11350611","하계1동","554","351","203","0","64","116","139","160","75","0","31","66","83","113","58","0","33","50","56","47","17"
"20192","11350619","중계본동","921","446","475","2","107","186","230","260","136","2","51","94","99","118","82","0","56","92","131","142","54"
"20192","11350621","중계1동","982","540","442","2","129","215","294","244","98","2","54","117","156","134","77","0","75","98","138","110","21"
"20192","11350624","중계4동","1169","639","530","4","112","238","276","310","229","3","41","114","145","162","174","1","71","124","131","148","55"
"20192","11350665","상계3?4동","652","468","184","0","30","52","164","248","158","0","10","26","106","190","136","0","20","26","58","58","22"
"20192","11350625","중계2?3동","1438","813","625","2","185","376","370","371","134","2","110","226","191","198","86","0","75","150","179","173","48"
"20192","11350630","상계1동","3699","2347","1352","3","423","765","901","942","665","3","243","520","584","587","410","0","180","245","317","355","255"
"20192","11350640","상계2동","2183","1063","1120","0","289","371","551","564","408","0","101","207","261","270","224","0","188","164","290","294","184"
"20192","11350670","상계5동","1190","589","601","0","60","128","202","307","493","0","23","68","87","136","275","0","37","60","115","171","218"
"20192","11350695","상계6?7동","3980","1760","2220","4","559","940","1022","1013","442","3","147","355","456","553","246","1","412","585","566","460","196"
"20192","11350700","상계8동","448","233","215","1","63","131","110","100","43","0","22","82","46","54","29","1","41","49","64","46","14"
"20192","11350710","상계9동","1010","640","370","1","131","253","251","285","89","1","71","161","148","190","69","0","60","92","103","95","20"
"20192","11350720","상계10동","344","145","199","0","53","73","92","98","28","0","11","31","36","47","20","0","42","42","56","51","8"
"20192","11380510","녹번동","2744","1454","1290","0","314","646","738","728","318","0","149","313","355","427","210","0","165","333","383","301","108"
"20192","11380520","불광1동","2010","883","1127","0","287","478","531","462","252","0","106","209","236","203","129","0","181","269","295","259","123"
"20192","11380530","불광2동","2110","1016","1094","0","116","284","342","444","924","0","39","146","137","181","513","0","77","138","205","263","411"
"20192","11380551","갈현1동","2296","1176","1120","2","393","536","541","504","320","2","158","281","272","256","207","0","235","255","269","248","113"
"20192","11380552","갈현2동","2994","1539","1455","0","300","594","794","803","503","0","139","332","374","358","336","0","161","262","420","445","167"
"20192","11380560","구산동","1608","857","751","2","195","302","359","506","244","0","73","133","172","315","164","2","122","169","187","191","80"
"20192","11380570","대조동","2231","1096","1135","1","270","473","606","513","368","1","99","231","286","228","251","0","171","242","320","285","117"
"20192","11380580","응암1동","2343","1308","1035","0","243","393","556","546","605","0","111","185","293","279","440","0","132","208","263","267","165"
"20192","11380590","응암2동","435","282","153","0","54","59","98","126","98","0","32","32","58","75","85","0","22","27","40","51","13"
"20192","11380600","응암3동","1607","782","825","0","167","379","454","388","219","0","62","188","211","176","145","0","105","191","243","212","74"
"20192","11380625","역촌동","3262","1576","1686","2","544","666","840","737","473","0","197","305","392","358","324","2","347","361","448","379","149"
"20192","11380631","신사1동","1161","624","537","0","119","243","268","289","242","0","48","121","147","137","171","0","71","122","121","152","71"
"20192","11380632","신사2동","1019","718","301","0","113","199","262","256","189","0","89","136","154","171","168","0","24","63","108","85","21"
"20192","11380640","증산동","2105","1369","736","0","272","555","576","479","223","0","127","373","381","316","172","0","145","182","195","163","51"
"20192","11380650","수색동","242","153","89","0","30","66","59","48","39","0","15","42","36","30","30","0","15","24","23","18","9"
"20192","11380690","진관동","767","405","362","0","77","187","208","185","110","0","36","117","117","79","56","0","41","70","91","106","54"
"20192","11410520","천연동","1096","594","502","0","97","180","283","380","156","0","34","81","159","223","97","0","63","99","124","157","59"
"20192","11410555","북아현동","1204","879","325","0","120","275","330","341","138","0","49","207","260","264","99","0","71","68","70","77","39"
"20192","11410565","충현동","11021","6826","4195","13","1390","2786","2904","2607","1321","8","654","1688","1842","1706","928","5","736","1098","1062","901","393"
"20192","11410585","신촌동","2172","1143","1029","0","335","580","554","467","236","0","126","252","285","306","174","0","209","328","269","161","62"
"20192","11410615","연희동","8633","5661","2972","25","1367","2133","1866","2380","862","13","758","1421","1162","1706","601","12","609","712","704","674","261"
"20192","11410620","홍제1동","1698","876","822","0","182","254","432","588","242","0","55","117","226","329","149","0","127","137","206","259","93"
"20192","11410640","홍제3동","875","434","441","0","78","112","174","229","282","0","25","44","82","119","164","0","53","68","92","110","118"
"20192","11410655","홍제2동","361","183","178","0","52","80","92","79","58","0","17","51","47","39","29","0","35","29","45","40","29"
"20192","11410660","홍은1동","2623","518","2105","0","93","191","713","1265","361","0","34","64","131","151","138","0","59","127","582","1114","223"
"20192","11410685","홍은2동","1454","936","518","2","232","392","359","309","160","2","132","257","231","202","112","0","100","135","128","107","48"
"20192","11410690","남가좌1동","951","572","379","1","69","120","166","235","360","1","46","81","105","125","214","0","23","39","61","110","146"
"20192","11410700","남가좌2동","1164","608","556","0","124","245","325","325","145","0","38","117","157","184","112","0","86","128","168","141","33"
"20192","11410710","북가좌1동","422","333","89","0","7","20","48","88","259","0","3","8","22","59","241","0","4","12","26","29","18"
"20192","11410720","북가좌2동","1307","661","646","0","194","261","292","325","235","0","52","132","161","175","141","0","142","129","131","150","94"
"20192","11440555","아현동","5728","3145","2583","8","1089","1837","1624","974","196","3","471","1027","911","593","140","5","618","810","713","381","56"
"20192","11440565","공덕동","9194","5298","3896","38","2044","2501","2467","1614","530","12","815","1325","1571","1195","380","26","1229","1176","896","419","150"
"20192","11440585","도화동","12438","7561","4877","18","2285","3031","3127","2774","1203","9","1194","2082","2060","1448","768","9","1091","949","1067","1326","435"
"20192","11440590","용강동","10604","6283","4321","6","1554","2616","2509","2100","1819","5","750","1545","1656","1219","1108","1","804","1071","853","881","711"
"20192","11440600","대흥동","3225","1589","1636","16","1291","732","475","448","263","2","502","379","258","270","178","14","789","353","217","178","85"
"20192","11440610","염리동","1979","1305","674","28","374","446","397","434","300","10","190","300","296","300","209","18","184","146","101","134","91"
"20192","11440630","신수동","2488","1412","1076","1","302","692","697","601","195","1","114","324","398","426","149","0","188","368","299","175","46"
"20192","11440655","서강동","3646","2283","1363","3","638","885","882","712","526","2","314","523","579","474","391","1","324","362","303","238","135"
"20192","11440660","서교동","26294","13454","12840","65","5497","7416","6104","4311","2901","51","2248","3708","3366","2280","1801","14","3249","3708","2738","2031","1100"
"20192","11440680","합정동","5349","3000","2349","4","886","1541","1390","985","543","3","350","756","877","638","376","1","536","785","513","347","167"
"20192","11440690","망원1동","2980","1659","1321","3","818","824","621","438","276","0","474","442","300","264","179","3","344","382","321","174","97"
"20192","11440700","망원2동","4621","2759","1862","3","581","865","1003","1403","766","2","316","637","704","652","448","1","265","228","299","751","318"
"20192","11440710","연남동","2839","1750","1089","0","450","674","698","606","411","0","200","363","415","418","354","0","250","311","283","188","57"
"20192","11440720","성산1동","4650","3081","1569","5","592","970","1071","906","1106","5","290","602","678","631","875","0","302","368","393","275","231"
"20192","11440730","성산2동","1375","617","758","1","128","255","367","424","200","1","44","126","164","166","116","0","84","129","203","258","84"
"20192","11440740","상암동","11981","7355","4626","28","2528","4343","3258","1353","471","12","1109","2738","2171","944","381","16","1419","1605","1087","409","90"
"20192","11470510","목1동","13488","8753","4735","30","2332","3670","3362","2754","1340","20","1088","2412","2387","1974","872","10","1244","1258","975","780","468"
"20192","11470520","목2동","2860","1599","1261","0","391","696","763","654","356","0","183","382","424","379","231","0","208","314","339","275","125"
"20192","11470530","목3동","1685","928","757","0","216","373","447","406","243","0","108","217","240","207","156","0","108","156","207","199","87"
"20192","11470540","목4동","2011","1221","790","0","244","444","580","502","241","0","95","266","345","321","194","0","149","178","235","181","47"
"20192","11470550","목5동","15306","9313","5993","56","2485","3954","3710","3201","1900","27","1145","2383","2342","2098","1318","29","1340","1571","1368","1103","582"
"20241","11110630","종로5?6가동","18119","11326","6793","400","4275","5242","4463","2757","982","76","1772","3372","3267","2139","700","324","2503","1870","1196","618","282"
"20192","11470560","신월1동","2132","1379","753","0","199","347","491","700","395","0","106","214","299","466","294","0","93","133","192","234","101"
"20192","11470570","신월2동","1814","1052","762","2","150","292","492","496","382","2","85","173","255","264","273","0","65","119","237","232","109"
"20192","11470580","신월3동","1121","648","473","0","109","205","257","340","210","0","38","85","137","214","174","0","71","120","120","126","36"
"20192","11470590","신월4동","1289","874","415","0","68","160","302","413","346","0","30","86","176","277","305","0","38","74","126","136","41"
"20192","11470600","신월5동","1632","904","728","1","199","406","411","416","199","1","89","203","214","245","152","0","110","203","197","171","47"
"20192","11470610","신월6동","811","475","336","0","86","151","184","222","168","0","34","77","101","125","138","0","52","74","83","97","30"
"20192","11470611","신월7동","2779","1824","955","0","297","458","567","666","791","0","220","351","372","404","477","0","77","107","195","262","314"
"20192","11470620","신정1동","7889","4612","3277","31","1390","1978","1982","1678","830","31","578","1233","1188","976","606","0","812","745","794","702","224"
"20192","11470630","신정2동","11584","6645","4939","43","2079","3748","3094","2042","578","18","844","2064","1918","1350","451","25","1235","1684","1176","692","127"
"20192","11470640","신정3동","2687","1918","769","1","212","517","670","569","718","0","100","313","454","402","649","1","112","204","216","167","69"
"20192","11470650","신정4동","5283","2917","2366","0","895","938","1009","1109","1332","0","272","458","513","601","1073","0","623","480","496","508","259"
"20192","11470680","신정7동","405","241","164","0","46","98","124","92","45","0","21","55","75","57","33","0","25","43","49","35","12"
"20192","11500510","염창동","2992","1389","1603","3","464","880","893","503","249","2","168","385","360","277","197","1","296","495","533","226","52"
"20192","11500520","등촌1동","5201","3120","2081","6","1046","1343","1150","936","720","4","386","847","793","610","480","2","660","496","357","326","240"
"20192","11500530","등촌2동","2566","1515","1051","0","310","505","617","659","475","0","129","275","372","415","324","0","181","230","245","244","151"
"20192","11500535","등촌3동","13486","7148","6338","34","1668","2867","3012","3335","2570","17","730","1569","1768","1621","1443","17","938","1298","1244","1714","1127"
"20192","11500540","화곡1동","4483","2513","1970","1","469","916","1118","1252","727","1","217","528","608","708","451","0","252","388","510","544","276"
"20192","11500550","화곡2동","1437","869","568","0","174","396","375","349","143","0","102","260","228","183","96","0","72","136","147","166","47"
"20192","11500560","화곡3동","3751","2313","1438","3","511","909","962","866","500","2","275","606","582","487","361","1","236","303","380","379","139"
"20192","11500570","화곡4동","2206","977","1229","0","519","601","447","414","225","0","116","260","217","220","164","0","403","341","230","194","61"
"20192","11500590","화곡본동","2282","1292","990","0","246","455","556","547","478","0","89","252","317","287","347","0","157","203","239","260","131"
"20192","11500591","화곡6동","7410","4703","2707","12","1049","1974","1894","1680","801","1","520","1256","1209","1112","605","11","529","718","685","568","196"
"20192","11500593","화곡8동","1848","1009","839","1","267","483","518","338","241","1","121","263","259","204","161","0","146","220","259","134","80"
"20192","11500603","가양1동","1410","884","526","0","152","292","322","341","303","0","64","180","193","223","224","0","88","112","129","118","79"
"20192","11500605","가양3동","245","157","88","0","42","54","68","51","30","0","27","36","44","30","20","0","15","18","24","21","10"
"20192","11500611","발산1동","2302","1331","971","2","156","344","609","738","453","1","70","173","291","428","368","1","86","171","318","310","85"
"20192","11500615","우장산동","3447","1897","1550","0","752","778","730","726","461","0","285","451","432","430","299","0","467","327","298","296","162"
"20192","11500620","공항동","5401","2825","2576","0","906","1777","1480","1052","186","0","212","739","864","868","142","0","694","1038","616","184","44"
"20192","11500630","방화1동","4187","3299","888","0","438","892","1027","1199","631","0","319","733","825","997","425","0","119","159","202","202","206"
"20192","11500640","방화2동","2319","1512","807","3","241","448","526","608","493","3","133","270","340","390","376","0","108","178","186","218","117"
"20192","11500641","방화3동","2527","1628","899","1","246","538","634","695","413","1","124","284","392","487","340","0","122","254","242","208","73"
"20192","11530510","신도림동","9462","6223","3239","20","1543","2936","2307","1716","940","10","644","2005","1665","1185","714","10","899","931","642","531","226"
"20192","11530530","구로2동","11964","7355","4609","30","1450","2769","2976","2995","1744","15","678","1636","1783","1965","1278","15","772","1133","1193","1030","466"
"20192","11530540","구로3동","51508","33744","17764","190","10703","17329","13040","6414","3832","126","5411","11489","9183","4470","3065","64","5292","5840","3857","1944","767"
"20192","11530550","구로4동","1713","983","730","0","178","336","430","428","341","0","80","186","236","236","245","0","98","150","194","192","96"
"20192","11530560","구로5동","12772","8068","4704","30","1789","2989","3320","2837","1807","23","1008","2063","2198","1681","1095","7","781","926","1122","1156","712"
"20192","11530595","가리봉동","899","418","481","0","76","149","212","194","268","0","32","69","96","76","145","0","44","80","116","118","123"
"20192","11530720","고척1동","2691","1903","788","0","239","547","706","821","378","0","126","363","492","616","306","0","113","184","214","205","72"
"20192","11530730","고척2동","1771","1104","667","0","196","392","450","483","250","0","123","248","265","275","193","0","73","144","185","208","57"
"20192","11530740","개봉1동","2776","1616","1160","1","245","594","668","732","536","1","127","331","343","416","398","0","118","263","325","316","138"
"20192","11530750","개봉2동","5442","2689","2753","22","956","1321","1293","1292","558","10","544","841","571","432","291","12","412","480","722","860","267"
"20192","11530760","개봉3동","1537","922","615","1","206","380","390","331","229","1","101","233","233","184","170","0","105","147","157","147","59"
"20192","11530770","오류1동","3354","2133","1221","2","433","625","820","976","498","1","309","422","496","563","342","1","124","203","324","413","156"
"20192","11530780","오류2동","695","426","269","0","71","157","180","178","109","0","30","88","107","114","87","0","41","69","73","64","22"
"20192","11530790","수궁동","1792","1217","575","4","184","344","409","505","346","4","113","220","259","345","276","0","71","124","150","160","70"
"20192","11545510","가산동","83042","54609","28433","288","16371","25792","20541","12162","7888","185","8686","17319","14814","8083","5522","103","7685","8473","5727","4079","2366"
"20192","11545610","독산1동","11846","7593","4253","25","939","1621","1988","2588","4685","24","554","1076","1267","1593","3079","1","385","545","721","995","1606"
"20192","11545620","독산2동","1367","766","601","0","176","281","317","390","203","0","94","132","158","227","155","0","82","149","159","163","48"
"20192","11545630","독산3동","3618","2582","1036","1","301","555","639","698","1424","0","159","329","345","419","1330","1","142","226","294","279","94"
"20192","11545640","독산4동","1482","844","638","0","181","250","318","353","380","0","105","150","190","173","226","0","76","100","128","180","154"
"20192","11545670","시흥1동","4261","2277","1984","1","594","1028","1013","1066","559","1","271","511","511","603","380","0","323","517","502","463","179"
"20192","11545680","시흥2동","748","443","305","0","75","149","189","224","111","0","44","85","107","131","76","0","31","64","82","93","35"
"20192","11545690","시흥3동","1739","1032","707","0","124","257","404","455","499","0","66","168","232","247","319","0","58","89","172","208","180"
"20192","11545700","시흥4동","1232","741","491","5","194","254","353","301","125","5","118","176","212","139","91","0","76","78","141","162","34"
"20192","11545710","시흥5동","1359","804","555","7","192","316","346","282","216","6","100","210","206","145","137","1","92","106","140","137","79"
"20192","11560515","영등포본동","4029","2291","1738","15","574","993","1033","976","438","6","247","503","593","610","332","9","327","490","440","366","106"
"20192","11560535","영등포동","13344","7468","5876","17","2458","3330","3157","2626","1756","3","916","1862","1969","1550","1168","14","1542","1468","1188","1076","588"
"20192","11560540","여의동","192384","136520","55864","459","35370","68950","49462","29496","8647","172","19526","49287","38201","23479","5855","287","15844","19663","11261","6017","2792"
"20192","11560550","당산1동","6754","4052","2702","2","1145","1912","1502","1247","946","1","454","1069","941","873","714","1","691","843","561","374","232"
"20192","11560560","당산2동","11843","7942","3901","22","1854","2662","2874","2614","1817","10","948","1663","2004","1919","1398","12","906","999","870","695","419"
"20192","11560585","도림동","706","455","251","1","57","118","176","186","168","1","24","74","113","119","124","0","33","44","63","67","44"
"20192","11560605","문래동","57767","41893","15874","91","8919","18849","17779","9120","3009","34","4971","14334","14518","6158","1878","57","3948","4515","3261","2962","1131"
"20192","11560610","양평1동","8907","5158","3749","32","1764","2051","1970","1787","1303","14","902","1310","1174","917","841","18","862","741","796","870","462"
"20192","11560620","양평2동","12582","7198","5384","19","2292","3431","3463","2170","1207","6","1002","2073","1961","1272","884","13","1290","1358","1502","898","323"
"20192","11560630","신길1동","2688","1182","1506","1","478","645","597","531","436","0","148","311","281","223","219","1","330","334","316","308","217"
"20192","11560650","신길3동","622","419","203","0","34","99","147","158","184","0","13","61","95","105","145","0","21","38","52","53","39"
"20192","11560660","신길4동","593","295","298","0","99","141","152","140","61","0","36","64","73","77","45","0","63","77","79","63","16"
"20192","11560700","대림1동","1494","570","924","0","489","344","306","249","106","0","99","121","150","126","74","0","390","223","156","123","32"
"20192","11560670","신길5동","793","383","410","0","76","170","259","196","92","0","35","79","93","99","77","0","41","91","166","97","15"
"20192","11560680","신길6동","1813","1134","679","0","195","434","475","398","311","0","97","268","285","249","235","0","98","166","190","149","76"
"20192","11560690","신길7동","2410","1649","761","1","282","461","548","691","427","1","176","313","369","442","348","0","106","148","179","249","79"
"20192","11560710","대림2동","3767","1911","1856","9","701","901","838","576","742","2","270","476","362","321","480","7","431","425","476","255","262"
"20192","11560720","대림3동","4922","3181","1741","3","511","1028","1264","1176","940","0","262","720","905","740","554","3","249","308","359","436","386"
"20192","11590510","노량진1동","4261","2390","1871","7","559","1015","1069","1016","595","6","238","581","650","551","364","1","321","434","419","465","231"
"20192","11590520","노량진2동","4451","2310","2141","7","705","1303","1081","906","449","1","368","567","500","581","293","6","337","736","581","325","156"
"20192","11590530","상도1동","3561","2063","1498","0","550","881","868","790","472","0","235","492","524","490","322","0","315","389","344","300","150"
"20192","11590540","상도2동","992","509","483","0","119","231","263","240","139","0","51","121","141","120","76","0","68","110","122","120","63"
"20192","11590550","상도3동","887","505","382","0","73","179","236","209","190","0","41","119","140","104","101","0","32","60","96","105","89"
"20192","11590560","상도4동","1118","665","453","0","152","252","274","280","160","0","74","148","164","197","82","0","78","104","110","83","78"
"20192","11590605","흑석동","217","126","91","0","26","50","60","50","31","0","13","28","35","28","22","0","13","22","25","22","9"
"20192","11590620","사당1동","3764","1979","1785","0","633","931","1011","691","498","0","204","451","507","414","403","0","429","480","504","277","95"
"20192","11590630","사당2동","1976","1093","883","1","315","579","535","370","176","0","152","354","318","171","98","1","163","225","217","199","78"
"20192","11590640","사당3동","919","543","376","0","108","205","249","216","141","0","40","112","156","129","106","0","68","93","93","87","35"
"20192","11590650","사당4동","1255","649","606","1","133","205","276","243","397","1","51","103","123","111","260","0","82","102","153","132","137"
"20192","11590651","사당5동","1460","785","675","0","180","358","442","349","131","0","80","167","228","196","114","0","100","191","214","153","17"
"20192","11590660","대방동","7997","5308","2689","4","1342","2172","1870","1787","822","1","715","1484","1301","1286","521","3","627","688","569","501","301"
"20192","11590670","신대방1동","3893","2467","1426","7","746","1246","906","622","366","6","380","803","626","407","245","1","366","443","280","215","121"
"20192","11590680","신대방2동","12684","8075","4609","27","2313","2647","2375","2964","2358","16","1750","2029","1515","1512","1253","11","563","618","860","1452","1105"
"20192","11620525","보라매동","1634","839","795","4","217","366","385","406","256","1","90","186","198","192","172","3","127","180","187","214","84"
"20192","11620545","청림동","444","253","191","0","67","148","146","65","18","0","29","82","88","42","12","0","38","66","58","23","6"
"20192","11620565","성현동","1543","587","956","11","218","271","353","467","223","6","100","142","160","127","52","5","118","129","193","340","171"
"20192","11620575","행운동","1996","1113","883","0","292","490","476","456","282","0","144","275","254","235","205","0","148","215","222","221","77"
"20192","11620585","낙성대동","5211","2886","2325","2","846","1794","1120","796","653","1","382","943","589","465","506","1","464","851","531","331","147"
"20192","11620595","청룡동","3302","1810","1492","0","539","936","792","748","287","0","212","473","440","487","198","0","327","463","352","261","89"
"20192","11620605","은천동","1054","505","549","1","144","196","219","292","202","0","50","92","113","133","117","1","94","104","106","159","85"
"20192","11620615","중앙동","1225","572","653","0","149","221","283","331","241","0","60","108","133","157","114","0","89","113","150","174","127"
"20192","11620625","인헌동","1416","819","597","0","291","410","357","223","135","0","135","254","211","116","103","0","156","156","146","107","32"
"20192","11620630","남현동","3384","2228","1156","0","563","844","918","657","402","0","309","566","644","430","279","0","254","278","274","227","123"
"20192","11620645","서원동","2333","963","1370","1","453","505","425","519","430","0","115","205","213","188","242","1","338","300","212","331","188"
"20192","11620655","신원동","628","362","266","0","62","135","158","155","118","0","33","74","95","92","68","0","29","61","63","63","50"
"20192","11620665","서림동","1454","821","633","0","216","259","365","311","303","0","108","137","195","185","196","0","108","122","170","126","107"
"20192","11620685","신사동","3698","2518","1180","0","591","1068","1075","668","296","0","256","723","839","505","195","0","335","345","236","163","101"
"20192","11620695","신림동","1706","1028","678","0","137","239","414","393","523","0","47","125","228","228","400","0","90","114","186","165","123"
"20192","11620715","난향동","544","264","280","0","64","118","151","118","93","0","17","53","61","60","73","0","47","65","90","58","20"
"20192","11620725","조원동","2959","1843","1116","0","561","720","720","635","323","0","258","469","461","426","229","0","303","251","259","209","94"
"20192","11620735","대학동","939","712","227","0","126","232","275","232","74","0","74","163","220","189","66","0","52","69","55","43","8"
"20192","11620745","삼성동","879","491","388","0","93","182","237","235","132","0","40","90","126","128","107","0","53","92","111","107","25"
"20192","11620765","미성동","3064","1812","1252","9","292","537","728","805","693","8","185","316","409","416","478","1","107","221","319","389","215"
"20192","11620775","난곡동","991","549","442","0","98","204","244","293","152","0","39","106","122","166","116","0","59","98","122","127","36"
"20192","11650510","서초1동","41803","23403","18400","73","8762","10834","9210","10203","2721","24","3143","5837","5345","7072","1982","49","5619","4997","3865","3131","739"
"20192","11650520","서초2동","58613","38928","19685","130","12272","19335","14678","8974","3224","41","6696","13060","10098","6723","2310","89","5576","6275","4580","2251","914"
"20192","11650530","서초3동","58156","34532","23624","141","9986","17421","14896","10606","5106","63","4230","10148","9527","6917","3647","78","5756","7273","5369","3689","1459"
"20192","11650531","서초4동","34217","19563","14654","122","6684","10471","8595","6060","2285","57","2541","5983","5574","3799","1609","65","4143","4488","3021","2261","676"
"20192","11650540","잠원동","13663","7914","5749","47","2846","4027","3372","2101","1270","25","1123","2355","2234","1316","861","22","1723","1672","1138","785","409"
"20192","11650550","반포본동","11263","6137","5126","17","1863","3718","3220","1927","518","10","682","2030","1805","1206","404","7","1181","1688","1415","721","114"
"20192","11650560","반포1동","6436","3951","2485","3","1174","2135","1609","985","530","0","554","1394","1069","547","387","3","620","741","540","438","143"
"20192","11650570","반포2동","1948","1160","788","4","326","604","506","327","181","2","143","365","326","197","127","2","183","239","180","130","54"
"20192","11650580","반포3동","3165","1765","1400","7","501","804","700","633","520","3","212","474","463","367","246","4","289","330","237","266","274"
"20192","11650581","반포4동","58955","52025","6930","40","5899","12511","15897","21917","2691","17","4473","10414","14108","20829","2184","23","1426","2097","1789","1088","507"
"20192","11650590","방배본동","22144","12260","9884","89","4146","5712","5885","3957","2355","62","1410","2986","3427","2569","1806","27","2736","2726","2458","1388","549"
"20192","11650600","방배1동","18441","12190","6251","85","3639","5661","4470","3357","1229","59","1727","3453","3295","2744","912","26","1912","2208","1175","613","317"
"20192","11650610","방배2동","12555","6119","6436","18","2116","3209","3443","2419","1350","3","739","1441","1595","1428","913","15","1377","1768","1848","991","437"
"20192","11650620","방배3동","14532","9510","5022","85","2270","4325","3925","2367","1560","26","1153","2713","2823","1629","1166","59","1117","1612","1102","738","394"
"20192","11650621","방배4동","15638","9663","5975","28","2699","4318","3888","2993","1712","11","1142","2544","2639","2093","1234","17","1557","1774","1249","900","478"
"20192","11650651","양재1동","25511","16466","9045","336","5958","7047","5779","3804","2587","162","3026","4732","4077","2533","1936","174","2932","2315","1702","1271","651"
"20192","11650652","양재2동","30435","22816","7619","43","4044","7444","8543","8017","2344","25","2446","5476","6559","6537","1773","18","1598","1968","1984","1480","571"
"20192","11650660","내곡동","1650","1080","570","3","237","343","354","353","360","3","168","251","242","205","211","0","69","92","112","148","149"
"20192","11680510","신사동","26882","16013","10869","72","5590","8117","6819","4099","2185","27","2169","4956","4566","2679","1616","45","3421","3161","2253","1420","569"
"20192","11680521","논현1동","40704","23806","16898","116","10638","12233","8657","5627","3433","42","4526","7272","5837","3631","2498","74","6112","4961","2820","1996","935"
"20192","11680531","논현2동","51265","32713","18552","101","9820","14835","12344","8315","5850","25","4261","8868","8768","6309","4482","76","5559","5967","3576","2006","1368"
"20192","11680545","압구정동","40822","22984","17838","223","9084","12764","9380","6106","3265","85","3367","7173","6312","4021","2026","138","5717","5591","3068","2085","1239"
"20192","11680565","청담동","54591","31246","23345","143","11348","18058","13560","8194","3288","56","4266","10308","8912","5409","2295","87","7082","7750","4648","2785","993"
"20192","11680580","삼성1동","159167","107420","51747","379","32071","47730","42640","28254","8093","187","17237","31553","31455","22149","4839","192","14834","16177","11185","6105","3254"
"20192","11680590","삼성2동","58014","33339","24675","123","11688","18819","14737","8204","4443","48","4846","11071","9834","4616","2924","75","6842","7748","4903","3588","1519"
"20192","11680600","대치1동","16783","8940","7843","30","3070","5477","4182","2611","1413","11","1153","2718","2365","1670","1023","19","1917","2759","1817","941","390"
"20192","11680610","대치2동","85188","47669","37519","484","15475","23451","19634","16079","10065","213","7126","14365","12628","8299","5038","271","8349","9086","7006","7780","5027"
"20192","11680630","대치4동","33175","20389","12786","131","5321","9871","9013","5633","3206","12","2289","5975","6167","3950","1996","119","3032","3896","2846","1683","1210"
"20192","11680640","역삼1동","168845","99888","68957","434","34064","51371","43504","29454","10018","160","16299","32057","28395","15953","7024","274","17765","19314","15109","13501","2994"
"20192","11680650","역삼2동","48392","28688","19704","185","11140","13440","11498","8557","3572","73","5370","8610","7651","4473","2511","112","5770","4830","3847","4084","1061"
"20192","11680655","도곡1동","31446","22284","9162","69","5375","7320","8764","7956","1962","54","2727","4798","6593","6518","1594","15","2648","2522","2171","1438","368"
"20192","11680656","도곡2동","88264","60360","27904","422","16866","34690","25354","9139","1793","267","9010","23760","19491","6650","1182","155","7856","10930","5863","2489","611"
"20192","11680660","개포1동","2438","1498","940","10","381","646","635","505","261","4","172","357","438","341","186","6","209","289","197","164","75"
"20192","11680670","개포2동","5146","3374","1772","17","901","1463","1230","953","582","6","482","980","850","608","448","11","419","483","380","345","134"
"20192","11680690","개포4동","8263","5944","2319","0","1002","1869","2335","1984","1073","0","496","1250","1765","1545","888","0","506","619","570","439","185"
"20192","11680700","세곡동","471","271","200","0","40","82","96","135","118","0","18","41","55","80","77","0","22","41","41","55","41"
"20192","11680730","일원1동","1708","931","777","0","231","321","388","373","395","0","101","170","201","195","264","0","130","151","187","178","131"
"20192","11680750","수서동","15479","8167","7312","24","2206","4170","4162","3073","1844","14","988","2240","2183","1632","1110","10","1218","1930","1979","1441","734"
"20192","11710510","풍납1동","716","404","312","0","91","162","185","189","89","0","49","87","98","100","70","0","42","75","87","89","19"
"20192","11710520","풍납2동","531","261","270","0","116","182","132","80","21","0","32","95","69","49","16","0","84","87","63","31","5"
"20192","11710531","거여1동","2854","2106","748","1","713","794","685","397","264","1","490","628","524","270","193","0","223","166","161","127","71"
"20192","11710532","거여2동","1310","677","633","3","166","215","323","392","211","1","93","128","164","176","115","2","73","87","159","216","96"
"20192","11710540","마천1동","622","307","315","0","67","134","182","169","70","0","25","64","88","80","50","0","42","70","94","89","20"
"20192","11710550","마천2동","1635","1032","603","0","158","383","451","418","225","0","95","239","255","249","194","0","63","144","196","169","31"
"20192","11710561","방이1동","8614","6296","2318","17","901","1671","2260","2297","1468","12","428","1062","1685","1844","1265","5","473","609","575","453","203"
"20192","11710562","방이2동","40875","23517","17358","68","6601","10478","9230","8701","5797","56","3711","6819","5659","4073","3199","12","2890","3659","3571","4628","2598"
"20192","11710566","오륜동","13441","7789","5652","25","2177","4063","3488","2691","997","8","877","2114","2243","1782","765","17","1300","1949","1245","909","232"
"20192","11710570","오금동","22928","16059","6869","17","3029","5459","5793","5528","3102","13","1773","3692","4283","4189","2109","4","1256","1767","1510","1339","993"
"20192","11710580","송파1동","9040","5658","3382","4","1289","2025","2248","1962","1512","1","554","1201","1467","1316","1119","3","735","824","781","646","393"
"20192","11710590","송파2동","5656","3577","2079","19","893","1401","1483","1351","509","16","433","890","1069","848","321","3","460","511","414","503","188"
"20192","11710600","석촌동","9563","6332","3231","2","1160","2182","2234","1969","2016","2","662","1579","1516","1161","1412","0","498","603","718","808","604"
"20192","11710610","삼전동","4176","2822","1354","0","495","953","941","838","949","0","284","625","619","514","780","0","211","328","322","324","169"
"20192","11710620","가락본동","25135","15183","9952","57","3410","6042","5753","4911","4962","22","1634","3773","3850","2845","3059","35","1776","2269","1903","2066","1903"
"20192","11710631","가락1동","5894","4120","1774","0","403","1097","1622","1689","1083","0","270","840","1194","1107","709","0","133","257","428","582","374"
"20192","11710632","가락2동","6848","4622","2226","3","913","1455","1358","1280","1839","3","541","996","900","768","1414","0","372","459","458","512","425"
"20192","11710641","문정1동","31693","24481","7212","1","2878","5915","9134","11966","1799","1","1693","4266","7104","10245","1172","0","1185","1649","2030","1721","627"
"20192","11710642","문정2동","30105","18925","11180","56","4311","9160","9228","5331","2019","25","2064","5171","6327","4081","1257","31","2247","3989","2901","1250","762"
"20192","11710646","장지동","5460","3730","1730","3","586","872","1293","1443","1263","1","327","584","865","1015","938","2","259","288","428","428","325"
"20192","11710650","잠실본동","9082","5802","3280","26","1236","1738","2126","2013","1943","0","551","1059","1331","1386","1475","26","685","679","795","627","468"
"20192","11710670","잠실2동","3796","2532","1264","4","728","1103","995","758","208","4","457","774","676","500","121","0","271","329","319","258","87"
"20192","11710680","잠실3동","33924","23006","10918","167","6200","8498","8445","6422","4192","75","3231","5878","6253","4607","2962","92","2969","2620","2192","1815","1230"
"20192","11710690","잠실4동","3061","2460","601","14","407","962","889","650","139","6","293","791","733","531","106","8","114","171","156","119","33"
"20192","11710710","잠실6동","51676","27541","24135","104","8225","13713","14738","13173","1723","34","3808","8429","8508","5465","1297","70","4417","5284","6230","7708","426"
"20192","11740515","강일동","125","81","44","0","20","26","34","30","15","0","10","18","21","19","13","0","10","8","13","11","2"
"20192","11740520","상일동","1247","629","618","0","177","282","310","332","146","0","59","141","186","151","92","0","118","141","124","181","54"
"20192","11740530","명일1동","3780","2107","1673","0","558","1014","952","685","571","0","260","609","622","350","266","0","298","405","330","335","305"
"20192","11740540","명일2동","2521","1726","795","2","292","719","677","536","295","2","150","508","491","344","231","0","142","211","186","192","64"
"20192","11740550","고덕1동","1016","528","488","0","113","224","263","244","172","0","50","125","129","113","111","0","63","99","134","131","61"
"20192","11740560","고덕2동","1088","690","398","0","64","144","232","381","267","0","13","64","134","263","216","0","51","80","98","118","51"
"20192","11740570","암사1동","2792","1708","1084","0","358","594","588","565","687","0","173","390","372","383","390","0","185","204","216","182","297"
"20192","11740580","암사2동","1930","706","1224","1","197","320","454","579","379","1","71","149","183","167","135","0","126","171","271","412","244"
"20192","11740600","천호1동","1929","1116","813","1","183","363","480","454","448","0","73","188","245","267","343","1","110","175","235","187","105"
"20192","11740610","천호2동","3320","1717","1603","5","411","704","817","775","608","4","166","331","406","386","424","1","245","373","411","389","184"
"20192","11740620","천호3동","1366","779","587","0","72","149","229","246","670","0","25","68","114","125","447","0","47","81","115","121","223"
"20192","11740640","성내1동","13172","8952","4220","18","1558","2756","2833","3403","2604","5","903","1718","1857","2460","2009","13","655","1038","976","943","595"
"20192","11740650","성내2동","2007","1243","764","0","335","417","450","412","393","0","222","259","262","256","244","0","113","158","188","156","149"
"20192","11740660","성내3동","4156","2495","1661","4","590","933","1042","862","725","4","308","593","628","485","477","0","282","340","414","377","248"
"20192","11740685","길동","8576","4357","4219","5","1235","1710","1937","2087","1602","4","484","910","1033","962","964","1","751","800","904","1125","638"
"20192","11740700","둔촌2동","2842","1279","1563","0","540","744","611","589","358","0","155","308","304","281","231","0","385","436","307","308","127"
"20192","11110550","부암동","1514","840","674","1","255","440","405","292","121","0","104","243","233","176","84","1","151","197","172","116","37"
"20192","11110515","청운효자동","6476","4168","2308","27","1182","1871","1798","1145","453","0","516","1171","1341","827","313","27","666","700","457","318","140"
"20192","11110530","사직동","44477","27846","16631","37","5864","12589","13409","8809","3769","8","2453","7735","9175","6159","2316","29","3411","4854","4234","2650","1453"
"20192","11110540","삼청동","3911","3185","726","0","483","1033","1218","924","253","0","309","792","1036","828","220","0","174","241","182","96","33"
"20192","11110560","평창동","12926","7250","5676","14","1603","3463","4226","2805","815","7","768","1769","2496","1684","526","7","835","1694","1730","1121","289"
"20192","11110570","무악동","451","124","327","3","127","127","110","58","26","3","27","25","35","19","15","0","100","102","75","39","11"
"20192","11110580","교남동","713","422","291","1","80","184","190","147","111","0","28","93","113","100","88","1","52","91","77","47","23"
"20192","11110600","가회동","11063","8229","2834","4","1188","3801","3323","2076","671","4","613","2795","2596","1709","512","0","575","1006","727","367","159"
"20192","11110615","종로1?2?3?4가동","116875","64403","52472","1676","23688","35525","32006","18343","5637","717","10323","17834","18759","12922","3848","959","13365","17691","13247","5421","1789"
"20192","11110630","종로5?6가동","22052","13772","8280","565","5126","6357","5417","3344","1243","152","2122","4096","3964","2573","865","413","3004","2261","1453","771","378"
"20192","11110640","이화동","1569","867","702","0","237","398","400","332","202","0","74","183","234","222","154","0","163","215","166","110","48"
"20192","11110650","혜화동","4395","2144","2251","4","722","1187","1064","874","544","4","247","576","564","452","301","0","475","611","500","422","243"
"20192","11110670","창신1동","2120","926","1194","0","167","375","649","530","399","0","68","135","217","238","268","0","99","240","432","292","131"
"20192","11110680","창신2동","243","72","171","0","10","22","67","91","53","0","0","4","21","29","18","0","10","18","46","62","35"
"20192","11110690","창신3동","99","46","53","0","11","27","25","26","10","0","4","11","12","13","6","0","7","16","13","13","4"
"20192","11110700","숭인1동","307","140","167","0","59","67","68","68","45","0","10","28","34","36","32","0","49","39","34","32","13"
"20192","11110710","숭인2동","1662","856","806","2","248","293","392","398","329","1","76","140","219","239","181","1","172","153","173","159","148"
"20192","11140520","소공동","94203","50043","44160","490","27265","29761","20737","12450","3500","137","8857","14809","14799","9103","2338","353","18408","14952","5938","3347","1162"
"20192","11140540","회현동","74892","46291","28601","234","14028","26412","20476","10879","2863","75","6553","15764","13340","8559","2000","159","7475","10648","7136","2320","863"
"20192","11140550","명동","123928","71739","52189","151","20262","41748","33631","22016","6120","50","8100","21531","21683","16239","4136","101","12162","20217","11948","5777","1984"
"20192","11140570","필동","11974","5624","6350","14","1726","3032","3695","2620","887","4","583","1498","1736","1230","573","10","1143","1534","1959","1390","314"
"20192","11140580","장충동","7351","3888","3463","25","1689","2019","1903","1399","316","6","593","1134","1134","806","215","19","1096","885","769","593","101"
"20192","11140590","광희동","55742","27778","27964","552","16017","14709","11448","8810","4206","233","7786","8562","6632","2988","1577","319","8231","6147","4816","5822","2629"
"20192","11140605","을지로동","15882","8650","7232","43","3845","3862","3459","2757","1916","4","1006","2126","2249","1917","1348","39","2839","1736","1210","840","568"
"20192","11140615","신당동","5611","3022","2589","48","1593","1194","1056","1028","692","15","710","623","543","659","472","33","883","571","513","369","220"
"20192","11140625","다산동","6255","3937","2318","4","1113","1990","1507","1098","543","0","459","1366","1053","672","387","4","654","624","454","426","156"
"20192","11140635","약수동","10940","4230","6710","28","1760","4090","3031","1500","531","3","535","1440","1005","861","386","25","1225","2650","2026","639","145"
"20192","11140645","청구동","1894","1043","851","0","277","508","445","405","259","0","93","264","285","252","149","0","184","244","160","153","110"
"20192","11140650","신당5동","768","406","362","0","81","169","194","177","147","0","35","75","99","94","103","0","46","94","95","83","44"
"20192","11140665","동화동","1183","535","648","0","188","287","312","249","147","0","50","98","151","138","98","0","138","189","161","111","49"
"20192","11140670","황학동","774","519","255","0","117","216","197","152","92","0","73","135","124","106","81","0","44","81","73","46","11"
"20192","11140680","중림동","3099","1730","1369","0","654","994","809","426","216","0","299","540","448","284","159","0","355","454","361","142","57"
"20192","11170510","후암동","1640","967","673","0","251","364","456","370","199","0","93","217","299","219","139","0","158","147","157","151","60"
"20192","11170520","용산2가동","583","422","161","0","35","97","217","207","27","0","13","53","171","165","20","0","22","44","46","42","7"
"20193","11110550","부암동","1514","840","674","1","255","440","405","292","121","0","104","243","233","176","84","1","151","197","172","116","37"
"20193","11110515","청운효자동","6476","4168","2308","27","1182","1871","1798","1145","453","0","516","1171","1341","827","313","27","666","700","457","318","140"
"20193","11110530","사직동","44477","27846","16631","37","5864","12589","13409","8809","3769","8","2453","7735","9175","6159","2316","29","3411","4854","4234","2650","1453"
"20193","11110540","삼청동","3911","3185","726","0","483","1033","1218","924","253","0","309","792","1036","828","220","0","174","241","182","96","33"
"20193","11110560","평창동","12926","7250","5676","14","1603","3463","4226","2805","815","7","768","1769","2496","1684","526","7","835","1694","1730","1121","289"
"20193","11110570","무악동","451","124","327","3","127","127","110","58","26","3","27","25","35","19","15","0","100","102","75","39","11"
"20193","11110580","교남동","713","422","291","1","80","184","190","147","111","0","28","93","113","100","88","1","52","91","77","47","23"
"20193","11110600","가회동","11063","8229","2834","4","1188","3801","3323","2076","671","4","613","2795","2596","1709","512","0","575","1006","727","367","159"
"20193","11110615","종로1?2?3?4가동","116875","64403","52472","1676","23688","35525","32006","18343","5637","717","10323","17834","18759","12922","3848","959","13365","17691","13247","5421","1789"
"20193","11110630","종로5?6가동","22052","13772","8280","565","5126","6357","5417","3344","1243","152","2122","4096","3964","2573","865","413","3004","2261","1453","771","378"
"20193","11110640","이화동","1569","867","702","0","237","398","400","332","202","0","74","183","234","222","154","0","163","215","166","110","48"
"20193","11110650","혜화동","4395","2144","2251","4","722","1187","1064","874","544","4","247","576","564","452","301","0","475","611","500","422","243"
"20193","11110670","창신1동","2120","926","1194","0","167","375","649","530","399","0","68","135","217","238","268","0","99","240","432","292","131"
"20193","11110680","창신2동","243","72","171","0","10","22","67","91","53","0","0","4","21","29","18","0","10","18","46","62","35"
"20193","11110690","창신3동","99","46","53","0","11","27","25","26","10","0","4","11","12","13","6","0","7","16","13","13","4"
"20193","11110700","숭인1동","307","140","167","0","59","67","68","68","45","0","10","28","34","36","32","0","49","39","34","32","13"
"20193","11110710","숭인2동","1662","856","806","2","248","293","392","398","329","1","76","140","219","239","181","1","172","153","173","159","148"
"20193","11140520","소공동","94203","50043","44160","490","27265","29761","20737","12450","3500","137","8857","14809","14799","9103","2338","353","18408","14952","5938","3347","1162"
"20193","11140540","회현동","74892","46291","28601","234","14028","26412","20476","10879","2863","75","6553","15764","13340","8559","2000","159","7475","10648","7136","2320","863"
"20193","11140550","명동","123928","71739","52189","151","20262","41748","33631","22016","6120","50","8100","21531","21683","16239","4136","101","12162","20217","11948","5777","1984"
"20193","11140570","필동","11974","5624","6350","14","1726","3032","3695","2620","887","4","583","1498","1736","1230","573","10","1143","1534","1959","1390","314"
"20193","11140580","장충동","7351","3888","3463","25","1689","2019","1903","1399","316","6","593","1134","1134","806","215","19","1096","885","769","593","101"
"20193","11140590","광희동","55742","27778","27964","552","16017","14709","11448","8810","4206","233","7786","8562","6632","2988","1577","319","8231","6147","4816","5822","2629"
"20193","11140605","을지로동","15882","8650","7232","43","3845","3862","3459","2757","1916","4","1006","2126","2249","1917","1348","39","2839","1736","1210","840","568"
"20193","11140615","신당동","5611","3022","2589","48","1593","1194","1056","1028","692","15","710","623","543","659","472","33","883","571","513","369","220"
"20193","11140625","다산동","6255","3937","2318","4","1113","1990","1507","1098","543","0","459","1366","1053","672","387","4","654","624","454","426","156"
"20193","11140635","약수동","10940","4230","6710","28","1760","4090","3031","1500","531","3","535","1440","1005","861","386","25","1225","2650","2026","639","145"
"20193","11140645","청구동","1894","1043","851","0","277","508","445","405","259","0","93","264","285","252","149","0","184","244","160","153","110"
"20193","11140650","신당5동","768","406","362","0","81","169","194","177","147","0","35","75","99","94","103","0","46","94","95","83","44"
"20193","11140665","동화동","1183","535","648","0","188","287","312","249","147","0","50","98","151","138","98","0","138","189","161","111","49"
"20193","11140670","황학동","774","519","255","0","117","216","197","152","92","0","73","135","124","106","81","0","44","81","73","46","11"
"20193","11140680","중림동","3099","1730","1369","0","654","994","809","426","216","0","299","540","448","284","159","0","355","454","361","142","57"
"20193","11170510","후암동","1640","967","673","0","251","364","456","370","199","0","93","217","299","219","139","0","158","147","157","151","60"
"20193","11170520","용산2가동","583","422","161","0","35","97","217","207","27","0","13","53","171","165","20","0","22","44","46","42","7"
"20193","11170530","남영동","16176","6814","9362","130","6152","3987","3084","2068","755","9","1154","2142","1834","1110","565","121","4998","1845","1250","958","190"
"20193","11170555","청파동","3050","1639","1411","0","463","776","736","648","427","0","159","362","387","400","331","0","304","414","349","248","96"
"20193","11170560","원효로1동","2742","1874","868","0","427","748","717","503","347","0","253","536","498","345","242","0","174","212","219","158","105"
"20193","11170570","원효로2동","2765","1990","775","6","435","834","773","441","276","3","249","597","593","329","219","3","186","237","180","112","57"
"20193","11170580","효창동","1251","709","542","0","167","314","351","278","141","0","80","183","209","140","97","0","87","131","142","138","44"
"20193","11170590","용문동","2388","1377","1011","1","468","651","656","443","169","1","195","382","387","297","115","0","273","269","269","146","54"
"20193","11170625","한강로동","42930","21198","21732","139","8770","13384","12241","6306","2090","66","3572","6265","6088","3835","1372","73","5198","7119","6153","2471","718"
"20193","11170630","이촌1동","5274","3375","1899","24","857","1417","1477","1077","422","15","426","874","1041","725","294","9","431","543","436","352","128"
"20193","11170640","이촌2동","1547","1055","492","0","219","429","459","337","103","0","100","271","346","262","76","0","119","158","113","75","27"
"20193","11170650","이태원1동","22194","9721","12473","15","6513","8556","4317","2120","673","9","1671","3592","2389","1540","520","6","4842","4964","1928","580","153"
"20193","11170660","이태원2동","1112","629","483","0","185","367","287","176","97","0","86","205","156","97","85","0","99","162","131","79","12"
"20193","11170685","한남동","35228","25774","9454","91","5790","10427","9250","8090","1580","63","2747","6946","7505","7247","1266","28","3043","3481","1745","843","314"
"20193","11170690","서빙고동","7218","4732","2486","14","1282","2153","2221","1142","406","5","614","1259","1623","912","319","9","668","894","598","230","87"
"20193","11170700","보광동","565","286","279","0","67","121","148","143","86","0","8","59","77","82","60","0","59","62","71","61","26"
"20193","11200520","왕십리2동","1070","635","435","0","151","269","305","230","115","0","75","142","188","143","87","0","76","127","117","87","28"
"20193","11200535","왕십리도선동","3787","1736","2051","8","625","732","790","929","703","0","215","405","425","393","298","8","410","327","365","536","405"
"20193","11200540","마장동","6773","4812","1961","11","560","1193","1565","2229","1215","11","334","818","1142","1599","908","0","226","375","423","630","307"
"20193","11200550","사근동","409","297","112","0","17","71","136","127","58","0","6","45","96","99","51","0","11","26","40","28","7"
"20193","11200560","행당1동","1608","1090","518","0","200","335","412","460","201","0","100","207","284","349","150","0","100","128","128","111","51"
"20193","11200570","행당2동","9","2","7","0","0","1","4","3","1","0","0","0","1","0","1","0","0","1","3","3","0"
"20193","11200580","응봉동","583","239","344","1","140","156","129","97","60","0","32","54","59","49","45","1","108","102","70","48","15"
"20193","11200590","금호1가동","1349","500","849","9","158","439","552","151","40","0","49","146","218","59","28","9","109","293","334","92","12"
"20193","11200615","금호2?3가동","447","239","208","0","44","79","106","106","112","0","6","32","53","62","86","0","38","47","53","44","26"
"20193","11200620","금호4가동","691","412","279","0","75","158","190","169","99","0","28","81","124","105","74","0","47","77","66","64","25"
"20193","11200645","옥수동","1764","681","1083","0","449","525","399","268","123","0","112","194","185","126","64","0","337","331","214","142","59"
"20193","11200650","성수1가1동","2148","1345","803","0","278","451","477","568","374","0","127","282","306","386","244","0","151","169","171","182","130"
"20193","11200660","성수1가2동","5342","3658","1684","12","855","1093","1126","1156","1100","8","506","725","727","817","875","4","349","368","399","339","225"
"20193","11200670","성수2가1동","7914","5023","2891","67","1801","2274","1809","1289","674","36","814","1473","1234","913","553","31","987","801","575","376","121"
"20193","11200690","성수2가3동","22685","14557","8128","58","3728","5773","5674","4536","2916","50","2071","3861","3815","2739","2021","8","1657","1912","1859","1797","895"
"20193","11200720","송정동","878","540","338","0","123","207","222","176","150","0","60","129","124","106","121","0","63","78","98","70","29"
"20193","11215740","중곡1동","4120","2003","2117","48","1068","786","826","971","421","15","456","424","410","391","307","33","612","362","416","580","114"
"20193","11200790","용답동","2792","1696","1096","15","703","780","575","439","280","0","304","504","383","281","224","15","399","276","192","158","56"
"20193","11215710","화양동","1335","859","476","0","170","210","328","401","226","0","61","115","216","281","186","0","109","95","112","120","40"
"20193","11215730","군자동","1356","734","622","0","166","285","306","309","290","0","64","150","173","163","184","0","102","135","133","146","106"
"20193","11215750","중곡2동","2261","1295","966","0","304","455","580","538","384","0","191","264","305","284","251","0","113","191","275","254","133"
"20193","11215760","중곡3동","860","548","312","0","99","210","237","196","118","0","54","150","139","124","81","0","45","60","98","72","37"
"20193","11215770","중곡4동","3137","1539","1598","0","541","763","802","729","302","0","157","352","389","395","246","0","384","411","413","334","56"
"20193","11215780","능동","1369","854","515","0","193","320","356","278","222","0","95","190","227","170","172","0","98","130","129","108","50"
"20193","11215810","광장동","5066","3074","1992","49","1574","1332","984","777","350","14","754","860","666","522","258","35","820","472","318","255","92"
"20193","11215820","자양1동","8810","6948","1862","0","596","1244","2387","3594","989","0","261","797","1917","3127","846","0","335","447","470","467","143"
"20193","11215830","자양2동","2177","1351","826","0","312","489","566","557","253","0","209","310","337","307","188","0","103","179","229","250","65"
"20193","11215840","자양3동","2008","1444","564","3","240","518","560","505","182","1","148","365","415","372","143","2","92","153","145","133","39"
"20193","11215847","자양4동","849","554","295","0","58","126","206","223","236","0","25","70","122","143","194","0","33","56","84","80","42"
"20193","11215850","구의1동","3413","2039","1374","2","486","855","944","777","349","2","254","496","524","503","260","0","232","359","420","274","89"
"20193","11215860","구의2동","2134","1326","808","22","304","368","538","574","328","8","155","205","351","376","231","14","149","163","187","198","97"
"20193","11215870","구의3동","9125","5563","3562","12","1072","1923","2205","2286","1627","3","615","1341","1499","1177","928","9","457","582","706","1109","699"
"20193","11230536","용신동","19195","9941","9254","10","2310","4277","4753","4730","3115","5","1097","2448","2507","2167","1717","5","1213","1829","2246","2563","1398"
"20193","11230545","제기동","4848","2895","1953","0","639","1192","1184","1027","806","0","267","705","753","606","564","0","372","487","431","421","242"
"20193","11230560","전농1동","1128","726","402","1","121","193","305","318","190","0","80","125","208","206","107","1","41","68","97","112","83"
"20193","11230570","전농2동","1183","619","564","0","133","250","315","317","168","0","54","117","169","165","114","0","79","133","146","152","54"
"20193","11230600","답십리1동","2044","978","1066","0","296","420","572","545","211","0","201","282","206","147","142","0","95","138","366","398","69"
"20193","11230610","답십리2동","2483","1819","664","10","403","567","574","503","426","10","301","435","418","347","308","0","102","132","156","156","118"
"20193","11230650","장안1동","9958","6284","3674","13","1352","1959","2159","2188","2287","13","813","1259","1348","1322","1529","0","539","700","811","866","758"
"20193","11230660","장안2동","5242","2815","2427","20","1611","1015","1055","978","563","16","838","580","488","476","417","4","773","435","567","502","146"
"20241","11140625","다산동","5954","3783","2171","0","1053","1917","1452","1038","494","0","433","1319","1023","638","370","0","620","598","429","400","124"
"20193","11230705","청량리동","2822","1510","1312","0","501","812","543","529","437","0","188","466","307","300","249","0","313","346","236","229","188"
"20193","11230710","회기동","179","87","92","0","19","41","46","43","30","0","5","16","22","20","24","0","14","25","24","23","6"
"20193","11230720","휘경1동","902","535","367","0","100","174","224","234","170","0","37","100","144","160","94","0","63","74","80","74","76"
"20193","11230730","휘경2동","1380","712","668","0","182","304","360","330","204","0","53","144","188","176","151","0","129","160","172","154","53"
"20193","11230740","이문1동","1134","515","619","0","215","295","306","213","105","0","39","114","152","132","78","0","176","181","154","81","27"
"20193","11230750","이문2동","200","104","96","0","23","44","46","51","36","0","8","20","22","27","27","0","15","24","24","24","9"
"20193","11260520","면목2동","1066","590","476","0","95","177","232","325","237","0","25","80","120","185","180","0","70","97","112","140","57"
"20193","11260540","면목4동","769","580","189","0","43","123","214","289","100","0","19","80","149","244","88","0","24","43","65","45","12"
"20193","11260550","면목5동","991","683","308","0","93","165","265","251","217","0","64","129","130","164","196","0","29","36","135","87","21"
"20193","11260565","면목본동","1335","729","606","0","165","306","358","327","179","0","55","154","190","190","140","0","110","152","168","137","39"
"20193","11260570","면목7동","946","517","429","0","112","176","232","261","165","0","35","79","121","150","132","0","77","97","111","111","33"
"20193","11260575","면목3?8동","1713","1076","637","0","158","303","438","479","335","0","50","156","260","348","262","0","108","147","178","131","73"
"20193","11260580","상봉1동","1704","1188","516","6","202","299","356","454","387","5","131","185","203","316","348","1","71","114","153","138","39"
"20193","11260590","상봉2동","4761","3294","1467","1","567","1238","1579","1081","295","1","330","868","1055","791","249","0","237","370","524","290","46"
"20193","11260600","중화1동","1187","626","561","0","135","257","306","284","205","0","49","104","149","157","167","0","86","153","157","127","38"
"20193","11260610","중화2동","864","500","364","0","95","122","228","197","222","0","47","56","114","114","169","0","48","66","114","83","53"
"20193","11260620","묵1동","912","430","482","0","93","210","271","220","118","0","33","98","120","99","80","0","60","112","151","121","38"
"20193","11260630","묵2동","1390","950","440","0","199","345","331","381","134","0","114","236","220","281","99","0","85","109","111","100","35"
"20193","11260655","망우본동","1589","830","759","1","173","293","358","485","279","0","55","110","167","266","232","1","118","183","191","219","47"
"20193","11260660","망우3동","423","226","197","0","34","60","102","129","98","0","12","24","46","71","73","0","22","36","56","58","25"
"20193","11260680","신내1동","1973","942","1031","0","348","429","363","524","309","0","92","182","173","258","237","0","256","247","190","266","72"
"20193","11260690","신내2동","464","257","207","0","62","117","114","114","57","0","26","55","59","73","44","0","36","62","55","41","13"
"20193","11290525","성북동","15551","11848","3703","13","2033","3821","4511","4499","674","2","1126","2665","3578","4006","471","11","907","1156","933","493","203"
"20193","11290555","삼선동","4636","2321","2315","0","495","1113","1401","1158","469","0","170","480","674","727","270","0","325","633","727","431","199"
"20193","11290575","동선동","2112","1056","1056","4","278","440","479","535","376","3","96","192","234","293","238","1","182","248","245","242","138"
"20193","11290580","돈암1동","103","48","55","0","29","32","22","14","6","0","7","16","12","8","5","0","22","16","10","6","1"
"20193","11290590","돈암2동","431","262","169","1","66","103","137","78","46","0","31","62","91","57","21","1","35","41","46","21","25"
"20193","11290600","안암동","1991","1311","680","0","268","526","564","435","198","0","135","333","367","312","164","0","133","193","197","123","34"
"20193","11290610","보문동","3276","2486","790","0","312","971","690","690","613","0","171","778","553","553","431","0","141","193","137","137","182"
"20193","11290620","정릉1동","751","411","340","0","91","138","170","197","155","0","23","50","85","122","131","0","68","88","85","75","24"
"20193","11290630","정릉2동","1097","476","621","0","174","264","298","239","122","0","41","112","115","114","94","0","133","152","183","125","28"
"20193","11290640","정릉3동","427","302","125","0","65","133","105","72","52","0","37","96","77","55","37","0","28","37","28","17","15"
"20193","11290650","정릉4동","1116","688","428","0","89","166","273","355","233","0","26","83","177","240","162","0","63","83","96","115","71"
"20193","11290660","길음1동","3041","1484","1557","203","1064","745","509","329","191","86","458","391","251","152","146","117","606","354","258","177","45"
"20193","11290685","길음2동","453","189","264","1","46","89","122","128","67","1","19","35","57","45","32","0","27","54","65","83","35"
"20193","11290705","종암동","15832","8326","7506","29","1338","4000","5589","4522","354","1","573","1466","2553","3520","213","28","765","2534","3036","1002","141"
"20193","11290715","월곡1동","1385","849","536","0","94","174","284","300","533","0","32","82","150","198","387","0","62","92","134","102","146"
"20193","11290725","월곡2동","2501","1589","912","1","398","705","608","443","346","0","199","464","371","266","289","1","199","241","237","177","57"
"20193","11290760","장위1동","505","264","241","0","91","105","118","107","84","0","42","59","59","52","52","0","49","46","59","55","32"
"20193","11290770","장위2동","770","466","304","0","59","130","186","188","207","0","17","64","106","117","162","0","42","66","80","71","45"
"20193","11290780","장위3동","189","115","74","0","29","37","40","48","35","0","10","19","22","30","34","0","19","18","18","18","1"
"20251","11110560","평창동","14903","8370","6533","0","1838","4002","4877","3247","939","0","887","2053","2881","1947","602","0","951","1949","1996","1300","337"
"20251","11140665","동화동","1303","581","722","0","208","313","342","282","158","0","56","102","169","152","102","0","152","211","173","130","56"
"20251","11140680","중림동","3863","2163","1700","0","813","1254","1015","521","260","0","369","678","570","349","197","0","444","576","445","172","63"
"20251","11140670","황학동","796","612","184","0","87","255","233","133","88","0","78","167","155","124","88","0","9","88","78","9","0"
"20251","11170580","효창동","1419","829","590","0","195","372","395","307","150","0","97","220","241","154","117","0","98","152","154","153","33"
"20251","11200590","금호1가동","1732","633","1099","5","205","574","709","199","40","0","59","190","276","77","31","5","146","384","433","122","9"
"20251","11200550","사근동","438","330","108","0","6","73","161","145","53","0","0","50","113","115","52","0","6","23","48","30","1"
"20251","11215830","자양2동","2506","1569","937","0","346","565","672","665","258","0","241","365","388","360","215","0","105","200","284","305","43"
"20251","11215840","자양3동","1753","1311","442","0","196","468","506","452","131","0","127","338","383","345","118","0","69","130","123","107","13"
"20251","11260610","중화2동","361","262","99","0","2","11","126","87","135","0","1","3","63","63","132","0","1","8","63","24","3"
"20251","11305603","번2동","364","174","190","0","40","37","110","126","51","0","15","20","46","62","31","0","25","17","64","64","20"
"20251","11320690","방학1동","3898","2269","1629","0","390","861","959","1181","507","0","216","499","499","669","386","0","174","362","460","512","121"
"20251","11320670","쌍문2동","851","508","343","0","71","138","210","276","156","0","5","66","111","182","144","0","66","72","99","94","12"
"20251","11320511","창1동","785","351","434","0","101","161","216","220","87","0","32","63","94","102","60","0","69","98","122","118","27"
"20251","11350670","상계5동","1381","696","685","0","4","49","246","407","675","0","0","36","99","178","383","0","4","13","147","229","292"
"20251","11380560","구산동","1973","1056","917","0","225","366","445","641","296","0","86","164","209","399","198","0","139","202","236","242","98"
"20251","11440600","대흥동","3405","1675","1730","0","1423","786","486","458","252","0","543","404","270","278","180","0","880","382","216","180","72"
"20251","11440740","상암동","16189","9996","6193","11","3426","5957","4431","1808","556","3","1501","3769","2953","1290","480","8","1925","2188","1478","518","76"
"20251","11440730","성산2동","1511","675","836","0","103","292","424","501","191","0","29","144","191","194","117","0","74","148","233","307","74"
"20251","11470560","신월1동","2220","1482","738","0","145","385","531","783","376","0","81","242","317","532","310","0","64","143","214","251","66"
"20251","11500535","등촌3동","12234","6484","5750","0","1532","2610","2740","3030","2322","0","674","1424","1600","1473","1313","0","858","1186","1140","1557","1009"
"20251","11500615","우장산동","3048","1696","1352","0","663","691","659","640","395","0","244","403","394","390","265","0","419","288","265","250","130"
"20251","11530720","고척1동","2091","1505","586","0","178","424","560","637","292","0","93","289","393","484","246","0","85","135","167","153","46"
"20251","11530540","구로3동","62687","41149","21538","196","13038","21165","15911","7771","4606","136","6594","14051","11226","5433","3709","60","6444","7114","4685","2338","897"
"20251","11530790","수궁동","1732","1206","526","0","150","327","410","508","337","0","96","212","265","349","284","0","54","115","145","159","53"
"20251","11560605","문래동","65200","47342","17858","23","10086","21308","20093","10272","3418","3","5624","16203","16404","6958","2150","20","4462","5105","3689","3314","1268"
"20251","11560670","신길5동","626","304","322","0","36","140","221","168","61","0","13","62","84","84","61","0","23","78","137","84","0"
"20251","11560690","신길7동","2276","1568","708","0","256","439","512","661","408","0","157","301","349","427","334","0","99","138","163","234","74"
"20251","11560620","양평2동","14874","8538","6336","0","2707","4073","4130","2572","1392","0","1172","2463","2345","1522","1036","0","1535","1610","1785","1050","356"
"20251","11560535","영등포동","14034","7872","6162","0","2566","3490","3364","2777","1837","0","929","1950","2105","1645","1243","0","1637","1540","1259","1132","594"
"20251","11590640","사당3동","1114","648","466","0","130","250","304","264","166","0","48","132","185","153","130","0","82","118","119","111","36"
"20251","11590560","상도4동","940","584","356","0","100","228","259","243","110","0","48","135","158","185","58","0","52","93","101","58","52"
"20251","11620775","난곡동","981","573","408","0","38","216","249","354","124","0","2","110","124","215","122","0","36","106","125","139","2"
"20251","11620735","대학동","590","507","83","0","56","156","186","161","31","0","40","123","167","146","31","0","16","33","19","15","0"
"20251","11620525","보라매동","1644","847","797","0","190","388","403","431","232","0","64","198","205","203","177","0","126","190","198","228","55"
"20251","11620685","신사동","3137","2229","908","0","499","950","960","550","178","0","219","659","772","437","142","0","280","291","188","113","36"
"20251","11620625","인헌동","1623","950","673","0","339","486","428","244","126","0","152","299","260","124","115","0","187","187","168","120","11"
"20251","11650510","서초1동","47656","26664","20992","0","10020","12365","10535","11639","3097","0","3599","6646","6099","8061","2259","0","6421","5719","4436","3578","838"
"20251","11680590","삼성2동","70662","40645","30017","44","14269","22959","17969","10010","5411","11","5918","13510","12008","5622","3576","33","8351","9449","5961","4388","1835"
"20251","11680700","세곡동","379","233","146","0","5","66","79","124","105","0","0","35","48","76","74","0","5","31","31","48","31"
"20251","11710562","방이2동","40697","23384","17313","0","6579","10448","9191","8692","5787","0","3695","6803","5625","4074","3187","0","2884","3645","3566","4618","2600"
"20251","11710590","송파2동","4268","2690","1578","2","682","1065","1114","1017","388","2","332","674","804","634","244","0","350","391","310","383","144"
"20251","11740660","성내3동","3676","2235","1441","0","497","837","936","773","633","0","259","537","573","440","426","0","238","300","363","333","207"
"20251","11740610","천호2동","2893","1513","1380","0","265","627","774","728","499","0","87","284","383","364","395","0","178","343","391","364","104"
"20251","11200645","옥수동","3197","1245","1952","0","823","948","719","483","224","0","212","352","337","228","116","0","611","596","382","255","108"
"20251","11290590","돈암2동","552","334","218","1","85","133","175","99","59","0","39","79","117","73","26","1","46","54","58","26","33"
"20251","11470610","신월6동","597","353","244","0","59","112","138","161","127","0","22","58","75","92","106","0","37","54","63","69","21"
"20251","11380650","수색동","176","113","63","0","22","48","43","35","28","0","11","31","27","22","22","0","11","17","16","13","6"
"20251","11305608","번3동","262","143","119","0","26","40","65","77","54","0","8","20","36","43","36","0","18","20","29","34","18"
"20251","11710690","잠실4동","4438","3563","875","22","593","1392","1289","940","202","9","426","1142","1063","767","156","13","167","250","226","173","46"
"20251","11110700","숭인1동","211","96","115","0","37","49","52","50","23","0","0","20","26","28","22","0","37","29","26","22","1"
"20251","11110515","청운효자동","5324","3453","1871","0","976","1558","1487","952","351","0","424","979","1104","693","253","0","552","579","383","259","98"
"20251","11140635","약수동","13696","5297","8399","21","2208","5127","3798","1874","668","0","676","1807","1260","1073","481","21","1532","3320","2538","801","187"
"20251","11140605","을지로동","17430","9533","7897","0","4230","4221","3831","3039","2109","0","1096","2338","2494","2114","1491","0","3134","1883","1337","925","618"
"20251","11140580","장충동","4450","2358","2092","0","1024","1222","1151","860","193","0","365","683","683","495","132","0","659","539","468","365","61"
"20251","11140645","청구동","2178","1190","988","0","315","576","515","470","302","0","104","298","323","287","178","0","211","278","192","183","124"
"20251","11140540","회현동","69985","43262","26723","135","13133","24729","19174","10170","2644","25","6135","14755","12489","8013","1845","110","6998","9974","6685","2157","799"
"20251","11200690","성수2가3동","31123","19941","11182","42","5123","7926","7782","6246","4004","42","2840","5291","5234","3771","2763","0","2283","2635","2548","2475","1241"
"20251","11200720","송정동","748","488","260","0","83","184","205","156","120","0","37","119","118","99","115","0","46","65","87","57","5"
"20251","11200790","용답동","2556","1592","964","4","663","747","528","391","223","0","280","500","365","256","191","4","383","247","163","135","32"
"20251","11200560","행당1동","1709","1189","520","0","196","364","447","511","191","0","98","232","315","392","152","0","98","132","132","119","39"
"20251","11230536","용신동","18615","9634","8981","0","2288","4133","4595","4562","3037","0","1077","2384","2423","2091","1659","0","1211","1749","2172","2471","1378"
"20251","11230570","전농2동","713","371","342","0","81","152","190","192","98","0","33","70","102","100","66","0","48","82","88","92","32"
"20251","11230545","제기동","3687","2316","1371","0","372","976","970","811","558","0","125","595","650","495","451","0","247","381","320","316","107"
"20251","11260540","면목4동","768","656","112","0","6","95","247","328","92","0","3","74","188","299","92","0","3","21","59","29","0"
"20251","11260550","면목5동","962","720","242","0","55","141","287","260","219","0","55","132","139","175","219","0","0","9","148","85","0"
"20251","11260590","상봉2동","4607","3264","1343","0","527","1201","1578","1063","238","0","307","863","1060","796","238","0","220","338","518","267","0"
"20251","11290810","석관동","1564","1222","342","0","13","172","268","323","788","0","5","135","166","233","683","0","8","37","102","90","105"
"20251","11290600","안암동","1916","1309","607","0","234","524","570","423","165","0","123","331","372","323","160","0","111","193","198","100","5"
"20251","11290715","월곡1동","1348","854","494","0","39","147","285","292","585","0","0","71","148","198","437","0","39","76","137","94","148"
"20251","11290725","월곡2동","4503","2851","1652","0","732","1280","1101","798","592","0","366","834","663","472","516","0","366","446","438","326","76"
"20251","11305595","번1동","1944","1235","709","0","176","398","383","558","429","0","71","264","249","387","264","0","105","134","134","171","165"
"20251","11305534","삼양동","115","89","26","0","3","11","28","35","38","0","0","5","16","30","38","0","3","6","12","5","0"
"20251","11305545","송중동","998","495","503","0","39","141","339","302","177","0","3","46","144","144","158","0","36","95","195","158","19"
"20251","11305645","우이동","1810","1172","638","0","30","78","239","466","997","0","0","31","134","335","672","0","30","47","105","131","325"
"20251","11350595","공릉1동","6065","3288","2777","0","640","921","1336","1667","1501","0","291","502","664","867","964","0","349","419","672","800","537"
"20251","11350625","중계2?3동","1194","663","531","0","158","312","305","305","114","0","94","183","157","159","70","0","64","129","148","146","44"
"20251","11350619","중계본동","821","385","436","0","78","160","216","262","105","0","36","81","87","115","66","0","42","79","129","147","39"
"20251","11380552","갈현2동","3191","1660","1531","0","265","637","877","889","523","0","121","361","417","391","370","0","144","276","460","498","153"
"20251","11380520","불광1동","1769","744","1025","0","237","428","497","411","196","0","80","182","207","175","100","0","157","246","290","236","96"
"20251","11380631","신사1동","1400","758","642","0","110","304","334","363","289","0","35","148","186","175","214","0","75","156","148","188","75"
"20251","11410555","북아현동","918","674","244","0","94","212","259","262","91","0","36","157","201","202","78","0","58","55","58","60","13"
"20251","11440690","망원1동","3418","1953","1465","0","986","995","707","493","237","0","575","538","344","298","198","0","411","457","363","195","39"
"20251","11440710","연남동","3795","2412","1383","0","592","921","961","827","494","0","255","496","580","587","494","0","337","425","381","240","0"
"20251","11440610","염리동","2245","1512","733","2","431","512","456","501","343","0","218","350","349","350","245","2","213","162","107","151","98"
"20251","11470520","목2동","3311","1852","1459","0","453","814","882","764","398","0","213","443","489","440","267","0","240","371","393","324","131"
"20251","11470611","신월7동","2610","1717","893","0","272","428","535","628","747","0","207","327","356","380","447","0","65","101","179","248","300"
"20251","11500603","가양1동","5314","3339","1975","0","557","1115","1222","1290","1130","0","224","687","740","844","844","0","333","428","482","446","286"
"20251","11500611","발산1동","6493","3818","2675","0","319","922","1780","2186","1286","0","123","464","857","1284","1090","0","196","458","923","902","196"
"20251","11500640","방화2동","1301","937","364","0","83","248","306","385","279","0","53","168","215","255","246","0","30","80","91","130","33"
"20251","11530760","개봉3동","2665","1685","980","0","314","681","711","590","369","0","157","437","437","346","308","0","157","244","274","244","61"
"20251","11530730","고척2동","1601","1052","549","0","131","373","436","471","190","0","93","243","266","274","176","0","38","130","170","197","14"
"20251","11530550","구로4동","1298","735","563","0","78","277","351","346","246","0","20","165","181","181","188","0","58","112","170","165","58"
"20251","11530560","구로5동","12925","8170","4755","0","1815","3059","3363","2870","1818","0","1022","2111","2227","1706","1104","0","793","948","1136","1164","714"
"20251","11530770","오류1동","3372","2148","1224","0","430","635","834","982","491","0","312","434","501","555","346","0","118","201","333","427","145"
"20251","11545620","독산2동","1291","761","530","0","122","262","322","428","157","0","66","119","161","266","149","0","56","143","161","162","8"
"20251","11545630","독산3동","2738","2017","721","0","178","421","507","550","1082","0","96","268","275","331","1047","0","82","153","232","219","35"
"20251","11620715","난향동","344","166","178","0","35","79","102","73","55","0","5","36","41","37","47","0","30","43","61","36","8"
"20244","11305534","삼양동","115","89","26","0","3","11","28","35","38","0","0","5","16","30","38","0","3","6","12","5","0"
"20251","11620630","남현동","3701","2490","1211","0","617","939","1008","734","403","0","342","645","718","490","295","0","275","294","290","244","108"
"20251","11620545","청림동","512","288","224","0","78","169","167","78","20","0","32","95","98","49","14","0","46","74","69","29","6"
"20251","11650570","반포2동","4018","2394","1624","6","675","1248","1044","673","372","3","296","754","673","406","262","3","379","494","371","267","110"
"20251","11650581","반포4동","49942","44085","5857","6","4990","10610","13478","18579","2279","1","3789","8826","11959","17655","1855","5","1201","1784","1519","924","424"
"20251","11680670","개포2동","8854","5812","3042","2","1555","2526","2126","1643","1002","0","831","1691","1463","1050","777","2","724","835","663","593","225"
"20251","11680531","논현2동","57007","36529","20478","0","10931","16592","13817","9239","6428","0","4747","9931","9837","7043","4971","0","6184","6661","3980","2196","1457"
"20251","11680545","압구정동","50479","28382","22097","129","11239","15770","11602","7617","4122","14","4180","8864","7796","4984","2544","115","7059","6906","3806","2633","1578"
"20251","11680650","역삼2동","55876","33133","22743","109","12897","15530","13301","9915","4124","30","6229","9943","8842","5185","2904","79","6668","5587","4459","4730","1220"
"20251","11710510","풍납1동","651","394","257","0","62","146","190","192","61","0","39","86","104","106","59","0","23","60","86","86","2"
"20251","11740515","강일동","143","97","46","0","18","32","41","36","16","0","9","23","27","24","14","0","9","9","14","12","2"
"20251","11740550","고덕1동","845","437","408","0","96","186","218","201","144","0","42","106","107","91","91","0","54","80","111","110","53"
"20251","11740560","고덕2동","1176","740","436","0","57","144","265","416","294","0","2","61","153","286","238","0","55","83","112","130","56"
"20251","11710670","잠실2동","4063","2707","1356","2","779","1180","1068","810","224","2","488","829","725","532","131","0","291","351","343","278","93"
"20251","11350700","상계8동","561","295","266","0","76","163","139","128","55","0","27","104","58","70","36","0","49","59","81","58","19"
"20251","11110600","가회동","12996","9701","3295","1","1382","4493","3905","2451","764","1","716","3299","3067","2020","598","0","666","1194","838","431","166"
"20251","11110570","무악동","485","124","361","0","140","140","127","54","24","0","31","31","38","12","12","0","109","109","89","42","12"
"20251","11110540","삼청동","4210","3509","701","0","499","1132","1342","1008","229","0","324","884","1165","914","222","0","175","248","177","94","7"
"20251","11110670","창신1동","1733","744","989","0","30","288","613","492","310","0","2","60","204","228","250","0","28","228","409","264","60"
"20251","11170625","한강로동","58448","28867","29581","54","11959","18301","16734","8581","2819","23","4871","8563","8329","5223","1858","31","7088","9738","8405","3358","961"
"20251","11200650","성수1가1동","3325","2072","1253","0","412","704","746","896","567","0","185","438","475","610","364","0","227","266","271","286","203"
"20251","11215870","구의3동","11355","6943","4412","0","1329","2401","2748","2867","2010","0","756","1685","1868","1487","1147","0","573","716","880","1380","863"
"20251","11215730","군자동","1002","562","440","0","97","213","244","231","217","0","31","112","143","127","149","0","66","101","101","104","68"
"20251","11215820","자양1동","11952","9440","2512","0","822","1690","3243","4879","1318","0","365","1102","2591","4227","1155","0","457","588","652","652","163"
"20251","11215750","중곡2동","2251","1333","918","0","273","455","607","554","362","0","186","269","324","300","254","0","87","186","283","254","108"
"20251","11215710","화양동","872","621","251","0","86","118","230","300","138","0","27","64","170","226","134","0","59","54","60","74","4"
"20251","11230610","답십리2동","4714","3462","1252","0","732","1065","1115","993","809","0","580","820","799","677","586","0","152","245","316","316","223"
"20251","11260630","묵2동","1255","888","367","0","176","319","303","364","93","0","107","220","197","271","93","0","69","99","106","93","0"
"20251","11290685","길음2동","303","110","193","0","8","59","96","106","34","0","1","17","45","30","17","0","7","42","51","76","17"
"20251","11290575","동선동","2040","1007","1033","0","261","423","468","516","372","0","80","182","231","283","231","0","181","241","237","233","141"
"20251","11290610","보문동","4757","3566","1191","0","459","1409","998","996","895","0","248","1115","792","792","619","0","211","294","206","204","276"
"20251","11290555","삼선동","4986","2496","2490","0","497","1214","1546","1261","468","0","148","514","743","803","288","0","349","700","803","458","180"
"20251","11290780","장위3동","275","169","106","0","31","53","62","73","56","0","4","28","35","46","56","0","27","25","27","27","0"
"20251","11290630","정릉2동","1084","446","638","0","152","281","308","245","98","0","6","111","117","114","98","0","146","170","191","131","0"
"20251","11290705","종암동","17974","9486","8488","0","1535","4580","6381","5138","340","0","664","1688","2911","4009","214","0","871","2892","3470","1129","126"
"20251","11305660","인수동","2893","1782","1111","0","194","570","800","921","408","0","34","329","510","557","352","0","160","241","290","364","56"
"20251","11320710","방학3동","1090","659","431","0","190","249","255","254","142","0","122","143","162","123","109","0","68","106","93","131","33"
"20251","11320515","창5동","4983","3174","1809","0","554","1117","1227","1077","1008","0","285","776","835","595","683","0","269","341","392","482","325"
"20251","11350665","상계3?4동","500","392","108","0","2","16","138","223","121","0","0","8","91","176","117","0","2","8","47","47","4"
"20251","11350570","월계2동","29","12","17","0","2","7","8","10","2","0","0","2","2","6","2","0","2","5","6","4","0"
"20251","11380590","응암2동","481","332","149","0","47","47","126","151","110","0","29","29","76","93","105","0","18","18","50","58","5"
"20251","11410615","연희동","9207","6166","3041","0","1431","2325","1994","2623","834","0","806","1575","1263","1900","622","0","625","750","731","723","212"
"20251","11410520","천연동","1130","610","520","0","73","180","306","417","154","0","12","81","174","244","99","0","61","99","132","173","55"
"20251","11440720","성산1동","5565","3706","1859","0","693","1164","1282","1097","1329","0","344","726","815","763","1058","0","349","438","467","334","271"
"20251","11470580","신월3동","1178","713","465","0","85","219","272","388","214","0","18","91","144","259","201","0","67","128","128","129","13"
"20251","11470620","신정1동","12831","7494","5337","53","2263","3222","3223","2732","1338","53","936","2009","1940","1584","972","0","1327","1213","1283","1148","366"
"20251","11500620","공항동","5425","2853","2572","0","908","1800","1501","1054","162","0","213","753","876","879","132","0","695","1047","625","175","30"
"20251","11500550","화곡2동","1788","1119","669","0","215","507","473","435","158","0","131","344","295","234","115","0","84","163","178","201","43"
"20251","11530740","개봉1동","5014","2924","2090","0","400","1088","1214","1351","961","0","204","602","622","768","728","0","196","486","592","583","233"
"20251","11530530","구로2동","10594","6583","4011","0","1221","2488","2693","2703","1489","0","563","1477","1617","1787","1139","0","658","1011","1076","916","350"
"20251","11545680","시흥2동","1037","609","428","0","103","209","259","311","155","0","59","119","146","180","105","0","44","90","113","131","50"
"20251","11590530","상도1동","3543","2039","1504","0","567","862","858","783","473","0","246","477","519","476","321","0","321","385","339","307","152"
"20251","11590670","신대방1동","3411","2173","1238","0","650","1096","797","552","316","0","334","707","554","359","219","0","316","389","243","193","97"
"20251","11650560","반포1동","8508","5269","3239","0","1544","2865","2155","1282","662","0","728","1875","1448","715","503","0","816","990","707","567","159"
"20251","11650620","방배3동","13530","8866","4664","44","2139","4018","3672","2203","1454","10","1089","2518","2632","1524","1093","34","1050","1500","1040","679","361"
"20251","11680610","대치2동","102922","57561","45361","585","18687","28320","23721","19409","12200","251","8608","17328","15247","10020","6107","334","10079","10992","8474","9389","6093"
"20251","11680655","도곡1동","32403","22954","9449","39","5550","7548","9026","8211","2029","39","2816","4946","6788","6717","1648","0","2734","2602","2238","1494","381"
"20251","11680730","일원1동","1822","1008","814","0","221","342","428","401","430","0","93","184","220","210","301","0","128","158","208","191","129"
"20251","11710620","가락본동","27617","16684","10933","0","3757","6663","6325","5409","5463","0","1795","4149","4233","3136","3371","0","1962","2514","2092","2273","2092"
"20251","11710540","마천1동","586","285","301","0","19","135","210","197","25","0","0","63","103","94","25","0","19","72","107","103","0"
"20251","11710570","오금동","21434","14979","6455","0","2841","5091","5432","5171","2899","0","1667","3432","4005","3904","1971","0","1174","1659","1427","1267","928"
"20251","11710710","잠실6동","83532","44510","39022","149","13303","22172","23826","21315","2767","41","6156","13631","13753","8845","2084","108","7147","8541","10073","12470","683"
"20251","11740650","성내2동","1852","1288","564","0","290","394","449","365","354","0","227","267","268","267","259","0","63","127","181","98","95"
"20251","11740570","암사1동","3050","1889","1161","0","381","663","645","607","754","0","187","438","413","413","438","0","194","225","232","194","316"
"20251","11230750","이문2동","256","135","121","0","27","57","59","68","45","0","7","27","28","38","35","0","20","30","31","30","10"
"20251","11380690","진관동","1216","637","579","0","99","309","346","299","163","0","43","195","195","122","82","0","56","114","151","177","81"
"20251","11110710","숭인2동","1325","671","654","0","185","234","319","325","262","0","46","110","180","193","142","0","139","124","139","132","120"
"20251","11170700","보광동","254","140","114","0","24","51","82","72","25","0","0","24","46","46","24","0","24","27","36","26","1"
"20251","11170560","원효로1동","2961","2059","902","0","450","825","784","549","353","0","268","599","551","387","254","0","182","226","233","162","99"
"20251","11170555","청파동","3226","1748","1478","0","463","845","794","705","419","0","145","388","429","441","345","0","318","457","365","264","74"
"20251","11200535","왕십리도선동","3005","1379","1626","0","494","575","631","748","557","0","168","322","342","312","235","0","326","253","289","436","322"
"20251","11215810","광장동","8850","5370","3480","51","2760","2340","1714","1372","613","5","1326","1506","1160","919","454","46","1434","834","554","453","159"
"20251","11215850","구의1동","3506","2156","1350","0","481","915","1003","817","290","0","258","539","553","545","261","0","223","376","450","272","29"
"20251","11215847","자양4동","513","449","64","0","0","22","133","165","193","0","0","21","99","136","193","0","0","1","34","29","0"
"20251","11215760","중곡3동","515","378","137","0","28","136","167","130","54","0","19","114","104","91","50","0","9","22","63","39","4"
"20251","11215770","중곡4동","2743","1350","1393","0","470","682","721","653","217","0","119","315","351","353","212","0","351","367","370","300","5"
"20251","11230650","장안1동","10019","6324","3695","0","1354","1983","2166","2223","2293","0","813","1279","1355","1340","1537","0","541","704","811","883","756"
"20251","11230560","전농1동","308","267","41","0","9","22","122","129","26","0","8","19","111","111","18","0","1","3","11","18","8"
"20251","11230710","회기동","51","21","30","0","1","12","16","13","9","0","0","2","6","4","9","0","1","10","10","9","0"
"20251","11260520","면목2동","737","450","287","0","16","114","178","266","163","0","0","49","90","158","153","0","16","65","88","108","10"
"20251","11290660","길음1동","3772","1845","1927","244","1326","931","630","413","228","99","572","492","313","190","179","145","754","439","317","223","49"
"20251","11290760","장위1동","394","220","174","0","68","85","110","85","46","0","30","55","55","40","40","0","38","30","55","45","6"
"20251","11290770","장위2동","608","423","185","0","3","94","182","166","163","0","0","47","106","115","155","0","3","47","76","51","8"
"20251","11305635","수유3동","2732","1420","1312","0","178","698","755","791","310","0","35","294","351","498","242","0","143","404","404","293","68"
"20251","11320514","창4동","1820","1144","676","0","191","347","451","504","327","0","78","184","267","341","274","0","113","163","184","163","53"
"20251","11350600","공릉2동","1031","479","552","0","175","257","250","240","109","0","55","117","117","119","71","0","120","140","133","121","38"
"20251","11350720","상계10동","413","174","239","0","63","88","110","120","32","0","13","37","42","57","25","0","50","51","68","63","7"
"20251","11350611","하계1동","994","630","364","0","115","205","254","282","138","0","54","119","151","198","108","0","61","86","103","84","30"
"20251","11380510","녹번동","4336","2305","2031","0","472","1015","1194","1163","492","0","223","488","567","696","331","0","249","527","627","467","161"
"20251","11440565","공덕동","9286","5387","3899","0","2085","2579","2544","1630","448","0","825","1366","1622","1233","341","0","1260","1213","922","397","107"
"20251","11440585","도화동","13155","8000","5155","0","2428","3216","3317","2949","1245","0","1265","2209","2185","1536","805","0","1163","1007","1132","1413","440"
"20251","11440655","서강동","3223","2051","1172","0","544","797","778","639","465","0","265","477","521","430","358","0","279","320","257","209","107"
"20251","11440660","서교동","25701","13133","12568","0","5382","7250","5986","4237","2846","0","2202","3625","3300","2235","1771","0","3180","3625","2686","2002","1075"
"20251","11440555","아현동","5852","3226","2626","0","1117","1898","1674","987","176","0","488","1061","934","607","136","0","629","837","740","380","40"
"20251","11470550","목5동","15114","9195","5919","38","2457","3913","3662","3167","1877","19","1132","2356","2311","2074","1303","19","1325","1557","1351","1093","574"
"20251","11470600","신월5동","1313","750","563","0","135","346","350","349","133","0","64","173","182","210","121","0","71","173","168","139","12"
"20251","11470640","신정3동","2055","1493","562","0","155","397","525","436","542","0","74","247","359","310","503","0","81","150","166","126","39"
"20251","11470650","신정4동","6204","3442","2762","0","1036","1099","1194","1323","1552","0","282","534","611","723","1292","0","754","565","583","600","260"
"20193","11305555","송천동","926","463","463","0","57","147","197","245","280","0","14","66","89","140","154","0","43","81","108","105","126"
"20193","11290810","석관동","2897","1908","989","2","248","439","544","584","1080","1","122","266","311","365","843","1","126","173","233","219","237"
"20193","11305534","삼양동","462","267","195","0","60","88","111","111","92","0","22","40","57","71","77","0","38","48","54","40","15"
"20193","11305535","미아동","1214","684","530","0","122","217","350","340","185","0","50","106","193","207","128","0","72","111","157","133","57"
"20193","11305545","송중동","1450","722","728","2","146","239","414","379","270","2","55","102","182","185","196","0","91","137","232","194","74"
"20193","11305575","삼각산동","335","183","152","0","57","89","108","56","25","0","23","50","60","28","22","0","34","39","48","28","3"
"20193","11305595","번1동","2250","1326","924","0","274","457","451","584","484","0","118","280","273","375","280","0","156","177","178","209","204"
"20193","11305603","번2동","337","160","177","0","43","44","94","106","50","0","18","23","41","50","28","0","25","21","53","56","22"
"20193","11305608","번3동","207","112","95","1","22","35","50","57","42","1","8","16","28","31","28","0","14","19","22","26","14"
"20193","11305615","수유1동","1218","548","670","0","119","216","318","362","203","0","30","86","134","155","143","0","89","130","184","207","60"
"20193","11305625","수유2동","1248","662","586","0","41","79","239","380","509","0","6","41","153","260","202","0","35","38","86","120","307"
"20193","11305635","수유3동","3045","1555","1490","0","315","734","793","800","403","0","118","314","373","490","260","0","197","420","420","310","143"
"20193","11305645","우이동","1638","1010","628","0","80","136","228","397","797","0","18","64","127","274","527","0","62","72","101","123","270"
"20193","11305660","인수동","3004","1763","1241","0","287","600","776","869","472","0","105","322","473","516","347","0","182","278","303","353","125"
"20193","11320511","창1동","837","384","453","0","116","170","221","227","103","0","46","66","100","108","64","0","70","104","121","119","39"
"20193","11320512","창2동","1231","698","533","0","142","279","337","291","182","0","65","166","185","148","134","0","77","113","152","143","48"
"20193","11320513","창3동","624","332","292","0","50","130","205","167","72","0","8","76","121","79","48","0","42","54","84","88","24"
"20193","11320514","창4동","1594","1003","591","0","167","306","393","436","292","0","74","163","232","294","240","0","93","143","161","142","52"
"20193","11320515","창5동","5200","3289","1911","0","599","1162","1285","1099","1055","0","310","798","866","602","713","0","289","364","419","497","342"
"20193","11320521","도봉1동","1718","1138","580","0","63","192","393","617","453","0","7","98","230","445","358","0","56","94","163","172","95"
"20193","11320522","도봉2동","748","480","268","0","37","92","130","190","299","0","14","46","73","126","221","0","23","46","57","64","78"
"20193","11320660","쌍문1동","812","383","429","0","94","129","224","226","139","0","20","44","85","117","117","0","74","85","139","109","22"
"20193","11320670","쌍문2동","998","564","434","0","109","171","237","283","198","0","30","78","125","178","153","0","79","93","112","105","45"
"20193","11320680","쌍문3동","1107","517","590","0","239","252","263","263","90","0","55","116","136","147","63","0","184","136","127","116","27"
"20193","11320681","쌍문4동","160","82","78","0","18","37","44","41","20","0","5","17","22","22","16","0","13","20","22","19","4"
"20193","11320690","방학1동","3094","1795","1299","1","311","681","761","927","413","1","167","396","394","527","310","0","144","285","367","400","103"
"20193","11320700","방학2동","810","370","440","0","68","162","199","164","217","0","27","81","91","81","90","0","41","81","108","83","127"
"20193","11320710","방학3동","1081","647","434","3","183","246","252","249","148","3","116","140","159","120","109","0","67","106","93","129","39"
"20193","11350560","월계1동","1344","738","606","0","215","320","347","266","196","0","101","193","175","138","131","0","114","127","172","128","65"
"20193","11350570","월계2동","163","78","85","0","19","35","45","46","18","0","7","13","21","24","13","0","12","22","24","22","5"
"20193","11350580","월계3동","190","95","95","0","21","34","50","55","30","0","8","17","23","29","18","0","13","17","27","26","12"
"20193","11350595","공릉1동","4836","2615","2221","0","501","746","1059","1343","1187","0","228","410","525","695","757","0","273","336","534","648","430"
"20193","11350600","공릉2동","820","375","445","0","136","206","202","192","84","0","42","93","92","94","54","0","94","113","110","98","30"
"20193","11350611","하계1동","554","351","203","0","64","116","139","160","75","0","31","66","83","113","58","0","33","50","56","47","17"
"20193","11350619","중계본동","921","446","475","2","107","186","230","260","136","2","51","94","99","118","82","0","56","92","131","142","54"
"20193","11350621","중계1동","982","540","442","2","129","215","294","244","98","2","54","117","156","134","77","0","75","98","138","110","21"
"20193","11350624","중계4동","1169","639","530","4","112","238","276","310","229","3","41","114","145","162","174","1","71","124","131","148","55"
"20193","11350625","중계2?3동","1438","813","625","2","185","376","370","371","134","2","110","226","191","198","86","0","75","150","179","173","48"
"20193","11350630","상계1동","3699","2347","1352","3","423","765","901","942","665","3","243","520","584","587","410","0","180","245","317","355","255"
"20193","11350640","상계2동","2183","1063","1120","0","289","371","551","564","408","0","101","207","261","270","224","0","188","164","290","294","184"
"20193","11350665","상계3?4동","652","468","184","0","30","52","164","248","158","0","10","26","106","190","136","0","20","26","58","58","22"
"20193","11350670","상계5동","1190","589","601","0","60","128","202","307","493","0","23","68","87","136","275","0","37","60","115","171","218"
"20193","11350695","상계6?7동","3980","1760","2220","4","559","940","1022","1013","442","3","147","355","456","553","246","1","412","585","566","460","196"
"20193","11350700","상계8동","448","233","215","1","63","131","110","100","43","0","22","82","46","54","29","1","41","49","64","46","14"
"20193","11350710","상계9동","1010","640","370","1","131","253","251","285","89","1","71","161","148","190","69","0","60","92","103","95","20"
"20193","11350720","상계10동","344","145","199","0","53","73","92","98","28","0","11","31","36","47","20","0","42","42","56","51","8"
"20193","11380510","녹번동","2744","1454","1290","0","314","646","738","728","318","0","149","313","355","427","210","0","165","333","383","301","108"
"20193","11380520","불광1동","2010","883","1127","0","287","478","531","462","252","0","106","209","236","203","129","0","181","269","295","259","123"
"20193","11380530","불광2동","2110","1016","1094","0","116","284","342","444","924","0","39","146","137","181","513","0","77","138","205","263","411"
"20193","11380551","갈현1동","2296","1176","1120","2","393","536","541","504","320","2","158","281","272","256","207","0","235","255","269","248","113"
"20193","11380552","갈현2동","2994","1539","1455","0","300","594","794","803","503","0","139","332","374","358","336","0","161","262","420","445","167"
"20193","11380560","구산동","1608","857","751","2","195","302","359","506","244","0","73","133","172","315","164","2","122","169","187","191","80"
"20193","11380570","대조동","2231","1096","1135","1","270","473","606","513","368","1","99","231","286","228","251","0","171","242","320","285","117"
"20193","11380580","응암1동","2343","1308","1035","0","243","393","556","546","605","0","111","185","293","279","440","0","132","208","263","267","165"
"20193","11380590","응암2동","435","282","153","0","54","59","98","126","98","0","32","32","58","75","85","0","22","27","40","51","13"
"20193","11380600","응암3동","1607","782","825","0","167","379","454","388","219","0","62","188","211","176","145","0","105","191","243","212","74"
"20193","11380625","역촌동","3262","1576","1686","2","544","666","840","737","473","0","197","305","392","358","324","2","347","361","448","379","149"
"20193","11380631","신사1동","1161","624","537","0","119","243","268","289","242","0","48","121","147","137","171","0","71","122","121","152","71"
"20193","11380632","신사2동","1019","718","301","0","113","199","262","256","189","0","89","136","154","171","168","0","24","63","108","85","21"
"20193","11380640","증산동","2105","1369","736","0","272","555","576","479","223","0","127","373","381","316","172","0","145","182","195","163","51"
"20193","11380650","수색동","242","153","89","0","30","66","59","48","39","0","15","42","36","30","30","0","15","24","23","18","9"
"20193","11380690","진관동","767","405","362","0","77","187","208","185","110","0","36","117","117","79","56","0","41","70","91","106","54"
"20193","11410520","천연동","1096","594","502","0","97","180","283","380","156","0","34","81","159","223","97","0","63","99","124","157","59"
"20193","11410555","북아현동","1204","879","325","0","120","275","330","341","138","0","49","207","260","264","99","0","71","68","70","77","39"
"20193","11410565","충현동","11021","6826","4195","13","1390","2786","2904","2607","1321","8","654","1688","1842","1706","928","5","736","1098","1062","901","393"
"20193","11410585","신촌동","2172","1143","1029","0","335","580","554","467","236","0","126","252","285","306","174","0","209","328","269","161","62"
"20193","11410615","연희동","8633","5661","2972","25","1367","2133","1866","2380","862","13","758","1421","1162","1706","601","12","609","712","704","674","261"
"20193","11410620","홍제1동","1698","876","822","0","182","254","432","588","242","0","55","117","226","329","149","0","127","137","206","259","93"
"20193","11410640","홍제3동","875","434","441","0","78","112","174","229","282","0","25","44","82","119","164","0","53","68","92","110","118"
"20193","11410655","홍제2동","361","183","178","0","52","80","92","79","58","0","17","51","47","39","29","0","35","29","45","40","29"
"20193","11410660","홍은1동","2623","518","2105","0","93","191","713","1265","361","0","34","64","131","151","138","0","59","127","582","1114","223"
"20193","11410685","홍은2동","1454","936","518","2","232","392","359","309","160","2","132","257","231","202","112","0","100","135","128","107","48"
"20193","11410690","남가좌1동","951","572","379","1","69","120","166","235","360","1","46","81","105","125","214","0","23","39","61","110","146"
"20193","11410700","남가좌2동","1164","608","556","0","124","245","325","325","145","0","38","117","157","184","112","0","86","128","168","141","33"
"20193","11410710","북가좌1동","422","333","89","0","7","20","48","88","259","0","3","8","22","59","241","0","4","12","26","29","18"
"20193","11410720","북가좌2동","1307","661","646","0","194","261","292","325","235","0","52","132","161","175","141","0","142","129","131","150","94"
"20193","11440555","아현동","5728","3145","2583","8","1089","1837","1624","974","196","3","471","1027","911","593","140","5","618","810","713","381","56"
"20193","11440565","공덕동","9194","5298","3896","38","2044","2501","2467","1614","530","12","815","1325","1571","1195","380","26","1229","1176","896","419","150"
"20193","11440585","도화동","12438","7561","4877","18","2285","3031","3127","2774","1203","9","1194","2082","2060","1448","768","9","1091","949","1067","1326","435"
"20193","11440590","용강동","10604","6283","4321","6","1554","2616","2509","2100","1819","5","750","1545","1656","1219","1108","1","804","1071","853","881","711"
"20193","11440600","대흥동","3225","1589","1636","16","1291","732","475","448","263","2","502","379","258","270","178","14","789","353","217","178","85"
"20193","11440610","염리동","1979","1305","674","28","374","446","397","434","300","10","190","300","296","300","209","18","184","146","101","134","91"
"20193","11440630","신수동","2488","1412","1076","1","302","692","697","601","195","1","114","324","398","426","149","0","188","368","299","175","46"
"20193","11440655","서강동","3646","2283","1363","3","638","885","882","712","526","2","314","523","579","474","391","1","324","362","303","238","135"
"20193","11440660","서교동","26294","13454","12840","65","5497","7416","6104","4311","2901","51","2248","3708","3366","2280","1801","14","3249","3708","2738","2031","1100"
"20193","11440680","합정동","5349","3000","2349","4","886","1541","1390","985","543","3","350","756","877","638","376","1","536","785","513","347","167"
"20193","11440690","망원1동","2980","1659","1321","3","818","824","621","438","276","0","474","442","300","264","179","3","344","382","321","174","97"
"20193","11440700","망원2동","4621","2759","1862","3","581","865","1003","1403","766","2","316","637","704","652","448","1","265","228","299","751","318"
"20193","11440710","연남동","2839","1750","1089","0","450","674","698","606","411","0","200","363","415","418","354","0","250","311","283","188","57"
"20193","11440720","성산1동","4650","3081","1569","5","592","970","1071","906","1106","5","290","602","678","631","875","0","302","368","393","275","231"
"20193","11440730","성산2동","1375","617","758","1","128","255","367","424","200","1","44","126","164","166","116","0","84","129","203","258","84"
"20193","11440740","상암동","11981","7355","4626","28","2528","4343","3258","1353","471","12","1109","2738","2171","944","381","16","1419","1605","1087","409","90"
"20193","11470510","목1동","13488","8753","4735","30","2332","3670","3362","2754","1340","20","1088","2412","2387","1974","872","10","1244","1258","975","780","468"
"20193","11470520","목2동","2860","1599","1261","0","391","696","763","654","356","0","183","382","424","379","231","0","208","314","339","275","125"
"20193","11470530","목3동","1685","928","757","0","216","373","447","406","243","0","108","217","240","207","156","0","108","156","207","199","87"
"20193","11470540","목4동","2011","1221","790","0","244","444","580","502","241","0","95","266","345","321","194","0","149","178","235","181","47"
"20193","11470550","목5동","15306","9313","5993","56","2485","3954","3710","3201","1900","27","1145","2383","2342","2098","1318","29","1340","1571","1368","1103","582"
"20193","11470560","신월1동","2132","1379","753","0","199","347","491","700","395","0","106","214","299","466","294","0","93","133","192","234","101"
"20193","11470570","신월2동","1814","1052","762","2","150","292","492","496","382","2","85","173","255","264","273","0","65","119","237","232","109"
"20193","11470580","신월3동","1121","648","473","0","109","205","257","340","210","0","38","85","137","214","174","0","71","120","120","126","36"
"20193","11470590","신월4동","1289","874","415","0","68","160","302","413","346","0","30","86","176","277","305","0","38","74","126","136","41"
"20193","11470600","신월5동","1632","904","728","1","199","406","411","416","199","1","89","203","214","245","152","0","110","203","197","171","47"
"20193","11470610","신월6동","811","475","336","0","86","151","184","222","168","0","34","77","101","125","138","0","52","74","83","97","30"
"20193","11470611","신월7동","2779","1824","955","0","297","458","567","666","791","0","220","351","372","404","477","0","77","107","195","262","314"
"20193","11470620","신정1동","7889","4612","3277","31","1390","1978","1982","1678","830","31","578","1233","1188","976","606","0","812","745","794","702","224"
"20193","11470630","신정2동","11584","6645","4939","43","2079","3748","3094","2042","578","18","844","2064","1918","1350","451","25","1235","1684","1176","692","127"
"20193","11470640","신정3동","2687","1918","769","1","212","517","670","569","718","0","100","313","454","402","649","1","112","204","216","167","69"
"20193","11470650","신정4동","5283","2917","2366","0","895","938","1009","1109","1332","0","272","458","513","601","1073","0","623","480","496","508","259"
"20193","11470680","신정7동","405","241","164","0","46","98","124","92","45","0","21","55","75","57","33","0","25","43","49","35","12"
"20193","11500510","염창동","2992","1389","1603","3","464","880","893","503","249","2","168","385","360","277","197","1","296","495","533","226","52"
"20193","11500520","등촌1동","5201","3120","2081","6","1046","1343","1150","936","720","4","386","847","793","610","480","2","660","496","357","326","240"
"20193","11500530","등촌2동","2566","1515","1051","0","310","505","617","659","475","0","129","275","372","415","324","0","181","230","245","244","151"
"20193","11500535","등촌3동","13486","7148","6338","34","1668","2867","3012","3335","2570","17","730","1569","1768","1621","1443","17","938","1298","1244","1714","1127"
"20193","11500540","화곡1동","4483","2513","1970","1","469","916","1118","1252","727","1","217","528","608","708","451","0","252","388","510","544","276"
"20193","11500550","화곡2동","1437","869","568","0","174","396","375","349","143","0","102","260","228","183","96","0","72","136","147","166","47"
"20193","11500560","화곡3동","3751","2313","1438","3","511","909","962","866","500","2","275","606","582","487","361","1","236","303","380","379","139"
"20193","11500570","화곡4동","2206","977","1229","0","519","601","447","414","225","0","116","260","217","220","164","0","403","341","230","194","61"
"20193","11500590","화곡본동","2282","1292","990","0","246","455","556","547","478","0","89","252","317","287","347","0","157","203","239","260","131"
"20193","11500591","화곡6동","7410","4703","2707","12","1049","1974","1894","1680","801","1","520","1256","1209","1112","605","11","529","718","685","568","196"
"20193","11500593","화곡8동","1848","1009","839","1","267","483","518","338","241","1","121","263","259","204","161","0","146","220","259","134","80"
"20193","11500603","가양1동","1410","884","526","0","152","292","322","341","303","0","64","180","193","223","224","0","88","112","129","118","79"
"20193","11500605","가양3동","245","157","88","0","42","54","68","51","30","0","27","36","44","30","20","0","15","18","24","21","10"
"20193","11500611","발산1동","2302","1331","971","2","156","344","609","738","453","1","70","173","291","428","368","1","86","171","318","310","85"
"20193","11500615","우장산동","3447","1897","1550","0","752","778","730","726","461","0","285","451","432","430","299","0","467","327","298","296","162"
"20193","11500620","공항동","5401","2825","2576","0","906","1777","1480","1052","186","0","212","739","864","868","142","0","694","1038","616","184","44"
"20193","11500630","방화1동","4187","3299","888","0","438","892","1027","1199","631","0","319","733","825","997","425","0","119","159","202","202","206"
"20193","11500640","방화2동","2319","1512","807","3","241","448","526","608","493","3","133","270","340","390","376","0","108","178","186","218","117"
"20193","11500641","방화3동","2527","1628","899","1","246","538","634","695","413","1","124","284","392","487","340","0","122","254","242","208","73"
"20193","11530510","신도림동","9462","6223","3239","20","1543","2936","2307","1716","940","10","644","2005","1665","1185","714","10","899","931","642","531","226"
"20193","11530530","구로2동","11964","7355","4609","30","1450","2769","2976","2995","1744","15","678","1636","1783","1965","1278","15","772","1133","1193","1030","466"
"20193","11530595","가리봉동","899","418","481","0","76","149","212","194","268","0","32","69","96","76","145","0","44","80","116","118","123"
"20193","11530540","구로3동","51508","33744","17764","190","10703","17329","13040","6414","3832","126","5411","11489","9183","4470","3065","64","5292","5840","3857","1944","767"
"20193","11530550","구로4동","1713","983","730","0","178","336","430","428","341","0","80","186","236","236","245","0","98","150","194","192","96"
"20193","11530560","구로5동","12772","8068","4704","30","1789","2989","3320","2837","1807","23","1008","2063","2198","1681","1095","7","781","926","1122","1156","712"
"20193","11530720","고척1동","2691","1903","788","0","239","547","706","821","378","0","126","363","492","616","306","0","113","184","214","205","72"
"20193","11530730","고척2동","1771","1104","667","0","196","392","450","483","250","0","123","248","265","275","193","0","73","144","185","208","57"
"20193","11530740","개봉1동","2776","1616","1160","1","245","594","668","732","536","1","127","331","343","416","398","0","118","263","325","316","138"
"20193","11530750","개봉2동","5442","2689","2753","22","956","1321","1293","1292","558","10","544","841","571","432","291","12","412","480","722","860","267"
"20193","11530760","개봉3동","1537","922","615","1","206","380","390","331","229","1","101","233","233","184","170","0","105","147","157","147","59"
"20193","11530770","오류1동","3354","2133","1221","2","433","625","820","976","498","1","309","422","496","563","342","1","124","203","324","413","156"
"20193","11530780","오류2동","695","426","269","0","71","157","180","178","109","0","30","88","107","114","87","0","41","69","73","64","22"
"20193","11530790","수궁동","1792","1217","575","4","184","344","409","505","346","4","113","220","259","345","276","0","71","124","150","160","70"
"20193","11545510","가산동","83042","54609","28433","288","16371","25792","20541","12162","7888","185","8686","17319","14814","8083","5522","103","7685","8473","5727","4079","2366"
"20193","11545610","독산1동","11846","7593","4253","25","939","1621","1988","2588","4685","24","554","1076","1267","1593","3079","1","385","545","721","995","1606"
"20193","11545620","독산2동","1367","766","601","0","176","281","317","390","203","0","94","132","158","227","155","0","82","149","159","163","48"
"20193","11545630","독산3동","3618","2582","1036","1","301","555","639","698","1424","0","159","329","345","419","1330","1","142","226","294","279","94"
"20193","11545640","독산4동","1482","844","638","0","181","250","318","353","380","0","105","150","190","173","226","0","76","100","128","180","154"
"20193","11545670","시흥1동","4261","2277","1984","1","594","1028","1013","1066","559","1","271","511","511","603","380","0","323","517","502","463","179"
"20193","11545680","시흥2동","748","443","305","0","75","149","189","224","111","0","44","85","107","131","76","0","31","64","82","93","35"
"20193","11545690","시흥3동","1739","1032","707","0","124","257","404","455","499","0","66","168","232","247","319","0","58","89","172","208","180"
"20193","11545700","시흥4동","1232","741","491","5","194","254","353","301","125","5","118","176","212","139","91","0","76","78","141","162","34"
"20193","11545710","시흥5동","1359","804","555","7","192","316","346","282","216","6","100","210","206","145","137","1","92","106","140","137","79"
"20193","11560515","영등포본동","4029","2291","1738","15","574","993","1033","976","438","6","247","503","593","610","332","9","327","490","440","366","106"
"20193","11560535","영등포동","13344","7468","5876","17","2458","3330","3157","2626","1756","3","916","1862","1969","1550","1168","14","1542","1468","1188","1076","588"
"20193","11560540","여의동","192384","136520","55864","459","35370","68950","49462","29496","8647","172","19526","49287","38201","23479","5855","287","15844","19663","11261","6017","2792"
"20193","11560550","당산1동","6754","4052","2702","2","1145","1912","1502","1247","946","1","454","1069","941","873","714","1","691","843","561","374","232"
"20193","11560560","당산2동","11843","7942","3901","22","1854","2662","2874","2614","1817","10","948","1663","2004","1919","1398","12","906","999","870","695","419"
"20193","11560585","도림동","706","455","251","1","57","118","176","186","168","1","24","74","113","119","124","0","33","44","63","67","44"
"20193","11560605","문래동","57767","41893","15874","91","8919","18849","17779","9120","3009","34","4971","14334","14518","6158","1878","57","3948","4515","3261","2962","1131"
"20193","11560610","양평1동","8907","5158","3749","32","1764","2051","1970","1787","1303","14","902","1310","1174","917","841","18","862","741","796","870","462"
"20193","11560620","양평2동","12582","7198","5384","19","2292","3431","3463","2170","1207","6","1002","2073","1961","1272","884","13","1290","1358","1502","898","323"
"20193","11560630","신길1동","2688","1182","1506","1","478","645","597","531","436","0","148","311","281","223","219","1","330","334","316","308","217"
"20193","11560650","신길3동","622","419","203","0","34","99","147","158","184","0","13","61","95","105","145","0","21","38","52","53","39"
"20193","11560660","신길4동","593","295","298","0","99","141","152","140","61","0","36","64","73","77","45","0","63","77","79","63","16"
"20193","11560670","신길5동","793","383","410","0","76","170","259","196","92","0","35","79","93","99","77","0","41","91","166","97","15"
"20193","11560680","신길6동","1813","1134","679","0","195","434","475","398","311","0","97","268","285","249","235","0","98","166","190","149","76"
"20193","11560690","신길7동","2410","1649","761","1","282","461","548","691","427","1","176","313","369","442","348","0","106","148","179","249","79"
"20193","11560700","대림1동","1494","570","924","0","489","344","306","249","106","0","99","121","150","126","74","0","390","223","156","123","32"
"20193","11560710","대림2동","3767","1911","1856","9","701","901","838","576","742","2","270","476","362","321","480","7","431","425","476","255","262"
"20193","11560720","대림3동","4922","3181","1741","3","511","1028","1264","1176","940","0","262","720","905","740","554","3","249","308","359","436","386"
"20193","11590510","노량진1동","4261","2390","1871","7","559","1015","1069","1016","595","6","238","581","650","551","364","1","321","434","419","465","231"
"20193","11590520","노량진2동","4451","2310","2141","7","705","1303","1081","906","449","1","368","567","500","581","293","6","337","736","581","325","156"
"20193","11590530","상도1동","3561","2063","1498","0","550","881","868","790","472","0","235","492","524","490","322","0","315","389","344","300","150"
"20193","11590540","상도2동","992","509","483","0","119","231","263","240","139","0","51","121","141","120","76","0","68","110","122","120","63"
"20193","11590550","상도3동","887","505","382","0","73","179","236","209","190","0","41","119","140","104","101","0","32","60","96","105","89"
"20193","11590560","상도4동","1118","665","453","0","152","252","274","280","160","0","74","148","164","197","82","0","78","104","110","83","78"
"20193","11590605","흑석동","217","126","91","0","26","50","60","50","31","0","13","28","35","28","22","0","13","22","25","22","9"
"20193","11590620","사당1동","3764","1979","1785","0","633","931","1011","691","498","0","204","451","507","414","403","0","429","480","504","277","95"
"20193","11590630","사당2동","1976","1093","883","1","315","579","535","370","176","0","152","354","318","171","98","1","163","225","217","199","78"
"20193","11590640","사당3동","919","543","376","0","108","205","249","216","141","0","40","112","156","129","106","0","68","93","93","87","35"
"20193","11590650","사당4동","1255","649","606","1","133","205","276","243","397","1","51","103","123","111","260","0","82","102","153","132","137"
"20193","11590651","사당5동","1460","785","675","0","180","358","442","349","131","0","80","167","228","196","114","0","100","191","214","153","17"
"20193","11590660","대방동","7997","5308","2689","4","1342","2172","1870","1787","822","1","715","1484","1301","1286","521","3","627","688","569","501","301"
"20193","11590670","신대방1동","3893","2467","1426","7","746","1246","906","622","366","6","380","803","626","407","245","1","366","443","280","215","121"
"20193","11590680","신대방2동","12684","8075","4609","27","2313","2647","2375","2964","2358","16","1750","2029","1515","1512","1253","11","563","618","860","1452","1105"
"20193","11620525","보라매동","1634","839","795","4","217","366","385","406","256","1","90","186","198","192","172","3","127","180","187","214","84"
"20193","11620545","청림동","444","253","191","0","67","148","146","65","18","0","29","82","88","42","12","0","38","66","58","23","6"
"20193","11620565","성현동","1543","587","956","11","218","271","353","467","223","6","100","142","160","127","52","5","118","129","193","340","171"
"20193","11620575","행운동","1996","1113","883","0","292","490","476","456","282","0","144","275","254","235","205","0","148","215","222","221","77"
"20193","11620585","낙성대동","5211","2886","2325","2","846","1794","1120","796","653","1","382","943","589","465","506","1","464","851","531","331","147"
"20193","11620595","청룡동","3302","1810","1492","0","539","936","792","748","287","0","212","473","440","487","198","0","327","463","352","261","89"
"20193","11620605","은천동","1054","505","549","1","144","196","219","292","202","0","50","92","113","133","117","1","94","104","106","159","85"
"20193","11620615","중앙동","1225","572","653","0","149","221","283","331","241","0","60","108","133","157","114","0","89","113","150","174","127"
"20193","11620625","인헌동","1416","819","597","0","291","410","357","223","135","0","135","254","211","116","103","0","156","156","146","107","32"
"20193","11620665","서림동","1454","821","633","0","216","259","365","311","303","0","108","137","195","185","196","0","108","122","170","126","107"
"20193","11620630","남현동","3384","2228","1156","0","563","844","918","657","402","0","309","566","644","430","279","0","254","278","274","227","123"
"20193","11620645","서원동","2333","963","1370","1","453","505","425","519","430","0","115","205","213","188","242","1","338","300","212","331","188"
"20193","11620655","신원동","628","362","266","0","62","135","158","155","118","0","33","74","95","92","68","0","29","61","63","63","50"
"20193","11620685","신사동","3698","2518","1180","0","591","1068","1075","668","296","0","256","723","839","505","195","0","335","345","236","163","101"
"20193","11620695","신림동","1706","1028","678","0","137","239","414","393","523","0","47","125","228","228","400","0","90","114","186","165","123"
"20193","11620715","난향동","544","264","280","0","64","118","151","118","93","0","17","53","61","60","73","0","47","65","90","58","20"
"20193","11620725","조원동","2959","1843","1116","0","561","720","720","635","323","0","258","469","461","426","229","0","303","251","259","209","94"
"20193","11620735","대학동","939","712","227","0","126","232","275","232","74","0","74","163","220","189","66","0","52","69","55","43","8"
"20193","11620745","삼성동","879","491","388","0","93","182","237","235","132","0","40","90","126","128","107","0","53","92","111","107","25"
"20193","11620765","미성동","3064","1812","1252","9","292","537","728","805","693","8","185","316","409","416","478","1","107","221","319","389","215"
"20193","11620775","난곡동","991","549","442","0","98","204","244","293","152","0","39","106","122","166","116","0","59","98","122","127","36"
"20193","11650510","서초1동","41803","23403","18400","73","8762","10834","9210","10203","2721","24","3143","5837","5345","7072","1982","49","5619","4997","3865","3131","739"
"20193","11650520","서초2동","58613","38928","19685","130","12272","19335","14678","8974","3224","41","6696","13060","10098","6723","2310","89","5576","6275","4580","2251","914"
"20193","11650530","서초3동","58156","34532","23624","141","9986","17421","14896","10606","5106","63","4230","10148","9527","6917","3647","78","5756","7273","5369","3689","1459"
"20193","11650531","서초4동","34217","19563","14654","122","6684","10471","8595","6060","2285","57","2541","5983","5574","3799","1609","65","4143","4488","3021","2261","676"
"20193","11650540","잠원동","13663","7914","5749","47","2846","4027","3372","2101","1270","25","1123","2355","2234","1316","861","22","1723","1672","1138","785","409"
"20193","11650550","반포본동","11263","6137","5126","17","1863","3718","3220","1927","518","10","682","2030","1805","1206","404","7","1181","1688","1415","721","114"
"20193","11650560","반포1동","6436","3951","2485","3","1174","2135","1609","985","530","0","554","1394","1069","547","387","3","620","741","540","438","143"
"20193","11650570","반포2동","1948","1160","788","4","326","604","506","327","181","2","143","365","326","197","127","2","183","239","180","130","54"
"20193","11650580","반포3동","3165","1765","1400","7","501","804","700","633","520","3","212","474","463","367","246","4","289","330","237","266","274"
"20193","11650581","반포4동","58955","52025","6930","40","5899","12511","15897","21917","2691","17","4473","10414","14108","20829","2184","23","1426","2097","1789","1088","507"
"20193","11650590","방배본동","22144","12260","9884","89","4146","5712","5885","3957","2355","62","1410","2986","3427","2569","1806","27","2736","2726","2458","1388","549"
"20193","11650600","방배1동","18441","12190","6251","85","3639","5661","4470","3357","1229","59","1727","3453","3295","2744","912","26","1912","2208","1175","613","317"
"20193","11650610","방배2동","12555","6119","6436","18","2116","3209","3443","2419","1350","3","739","1441","1595","1428","913","15","1377","1768","1848","991","437"
"20193","11650620","방배3동","14532","9510","5022","85","2270","4325","3925","2367","1560","26","1153","2713","2823","1629","1166","59","1117","1612","1102","738","394"
"20193","11650621","방배4동","15638","9663","5975","28","2699","4318","3888","2993","1712","11","1142","2544","2639","2093","1234","17","1557","1774","1249","900","478"
"20193","11650651","양재1동","25511","16466","9045","336","5958","7047","5779","3804","2587","162","3026","4732","4077","2533","1936","174","2932","2315","1702","1271","651"
"20193","11650652","양재2동","30435","22816","7619","43","4044","7444","8543","8017","2344","25","2446","5476","6559","6537","1773","18","1598","1968","1984","1480","571"
"20193","11650660","내곡동","1650","1080","570","3","237","343","354","353","360","3","168","251","242","205","211","0","69","92","112","148","149"
"20241","11170700","보광동","316","168","148","0","31","66","98","87","34","0","0","31","53","53","31","0","31","35","45","34","3"
"20193","11680510","신사동","26882","16013","10869","72","5590","8117","6819","4099","2185","27","2169","4956","4566","2679","1616","45","3421","3161","2253","1420","569"
"20193","11680521","논현1동","40704","23806","16898","116","10638","12233","8657","5627","3433","42","4526","7272","5837","3631","2498","74","6112","4961","2820","1996","935"
"20193","11680531","논현2동","51265","32713","18552","101","9820","14835","12344","8315","5850","25","4261","8868","8768","6309","4482","76","5559","5967","3576","2006","1368"
"20193","11680545","압구정동","40822","22984","17838","223","9084","12764","9380","6106","3265","85","3367","7173","6312","4021","2026","138","5717","5591","3068","2085","1239"
"20193","11680565","청담동","54591","31246","23345","143","11348","18058","13560","8194","3288","56","4266","10308","8912","5409","2295","87","7082","7750","4648","2785","993"
"20193","11680580","삼성1동","159167","107420","51747","379","32071","47730","42640","28254","8093","187","17237","31553","31455","22149","4839","192","14834","16177","11185","6105","3254"
"20193","11680590","삼성2동","58014","33339","24675","123","11688","18819","14737","8204","4443","48","4846","11071","9834","4616","2924","75","6842","7748","4903","3588","1519"
"20193","11680600","대치1동","16783","8940","7843","30","3070","5477","4182","2611","1413","11","1153","2718","2365","1670","1023","19","1917","2759","1817","941","390"
"20193","11680610","대치2동","85188","47669","37519","484","15475","23451","19634","16079","10065","213","7126","14365","12628","8299","5038","271","8349","9086","7006","7780","5027"
"20193","11680630","대치4동","33175","20389","12786","131","5321","9871","9013","5633","3206","12","2289","5975","6167","3950","1996","119","3032","3896","2846","1683","1210"
"20193","11680640","역삼1동","168845","99888","68957","434","34064","51371","43504","29454","10018","160","16299","32057","28395","15953","7024","274","17765","19314","15109","13501","2994"
"20193","11680650","역삼2동","48392","28688","19704","185","11140","13440","11498","8557","3572","73","5370","8610","7651","4473","2511","112","5770","4830","3847","4084","1061"
"20193","11680655","도곡1동","31446","22284","9162","69","5375","7320","8764","7956","1962","54","2727","4798","6593","6518","1594","15","2648","2522","2171","1438","368"
"20193","11680656","도곡2동","88264","60360","27904","422","16866","34690","25354","9139","1793","267","9010","23760","19491","6650","1182","155","7856","10930","5863","2489","611"
"20193","11680660","개포1동","2438","1498","940","10","381","646","635","505","261","4","172","357","438","341","186","6","209","289","197","164","75"
"20193","11680670","개포2동","5146","3374","1772","17","901","1463","1230","953","582","6","482","980","850","608","448","11","419","483","380","345","134"
"20193","11680690","개포4동","8263","5944","2319","0","1002","1869","2335","1984","1073","0","496","1250","1765","1545","888","0","506","619","570","439","185"
"20193","11680700","세곡동","471","271","200","0","40","82","96","135","118","0","18","41","55","80","77","0","22","41","41","55","41"
"20193","11680730","일원1동","1708","931","777","0","231","321","388","373","395","0","101","170","201","195","264","0","130","151","187","178","131"
"20193","11680750","수서동","15479","8167","7312","24","2206","4170","4162","3073","1844","14","988","2240","2183","1632","1110","10","1218","1930","1979","1441","734"
"20193","11710510","풍납1동","716","404","312","0","91","162","185","189","89","0","49","87","98","100","70","0","42","75","87","89","19"
"20193","11710520","풍납2동","531","261","270","0","116","182","132","80","21","0","32","95","69","49","16","0","84","87","63","31","5"
"20193","11710531","거여1동","2854","2106","748","1","713","794","685","397","264","1","490","628","524","270","193","0","223","166","161","127","71"
"20193","11710532","거여2동","1310","677","633","3","166","215","323","392","211","1","93","128","164","176","115","2","73","87","159","216","96"
"20193","11710540","마천1동","622","307","315","0","67","134","182","169","70","0","25","64","88","80","50","0","42","70","94","89","20"
"20193","11710550","마천2동","1635","1032","603","0","158","383","451","418","225","0","95","239","255","249","194","0","63","144","196","169","31"
"20193","11710561","방이1동","8614","6296","2318","17","901","1671","2260","2297","1468","12","428","1062","1685","1844","1265","5","473","609","575","453","203"
"20193","11710562","방이2동","40875","23517","17358","68","6601","10478","9230","8701","5797","56","3711","6819","5659","4073","3199","12","2890","3659","3571","4628","2598"
"20193","11710566","오륜동","13441","7789","5652","25","2177","4063","3488","2691","997","8","877","2114","2243","1782","765","17","1300","1949","1245","909","232"
"20193","11710570","오금동","22928","16059","6869","17","3029","5459","5793","5528","3102","13","1773","3692","4283","4189","2109","4","1256","1767","1510","1339","993"
"20193","11710580","송파1동","9040","5658","3382","4","1289","2025","2248","1962","1512","1","554","1201","1467","1316","1119","3","735","824","781","646","393"
"20193","11710590","송파2동","5656","3577","2079","19","893","1401","1483","1351","509","16","433","890","1069","848","321","3","460","511","414","503","188"
"20193","11710600","석촌동","9563","6332","3231","2","1160","2182","2234","1969","2016","2","662","1579","1516","1161","1412","0","498","603","718","808","604"
"20193","11710610","삼전동","4176","2822","1354","0","495","953","941","838","949","0","284","625","619","514","780","0","211","328","322","324","169"
"20193","11710620","가락본동","25135","15183","9952","57","3410","6042","5753","4911","4962","22","1634","3773","3850","2845","3059","35","1776","2269","1903","2066","1903"
"20193","11710631","가락1동","5894","4120","1774","0","403","1097","1622","1689","1083","0","270","840","1194","1107","709","0","133","257","428","582","374"
"20193","11710632","가락2동","6848","4622","2226","3","913","1455","1358","1280","1839","3","541","996","900","768","1414","0","372","459","458","512","425"
"20193","11710641","문정1동","31693","24481","7212","1","2878","5915","9134","11966","1799","1","1693","4266","7104","10245","1172","0","1185","1649","2030","1721","627"
"20193","11710642","문정2동","30105","18925","11180","56","4311","9160","9228","5331","2019","25","2064","5171","6327","4081","1257","31","2247","3989","2901","1250","762"
"20193","11710646","장지동","5460","3730","1730","3","586","872","1293","1443","1263","1","327","584","865","1015","938","2","259","288","428","428","325"
"20193","11710650","잠실본동","9082","5802","3280","26","1236","1738","2126","2013","1943","0","551","1059","1331","1386","1475","26","685","679","795","627","468"
"20193","11710670","잠실2동","3796","2532","1264","4","728","1103","995","758","208","4","457","774","676","500","121","0","271","329","319","258","87"
"20193","11710680","잠실3동","33924","23006","10918","167","6200","8498","8445","6422","4192","75","3231","5878","6253","4607","2962","92","2969","2620","2192","1815","1230"
"20193","11710690","잠실4동","3061","2460","601","14","407","962","889","650","139","6","293","791","733","531","106","8","114","171","156","119","33"
"20193","11710710","잠실6동","51676","27541","24135","104","8225","13713","14738","13173","1723","34","3808","8429","8508","5465","1297","70","4417","5284","6230","7708","426"
"20193","11740515","강일동","125","81","44","0","20","26","34","30","15","0","10","18","21","19","13","0","10","8","13","11","2"
"20193","11740520","상일동","1247","629","618","0","177","282","310","332","146","0","59","141","186","151","92","0","118","141","124","181","54"
"20193","11740530","명일1동","3780","2107","1673","0","558","1014","952","685","571","0","260","609","622","350","266","0","298","405","330","335","305"
"20193","11740540","명일2동","2521","1726","795","2","292","719","677","536","295","2","150","508","491","344","231","0","142","211","186","192","64"
"20193","11740550","고덕1동","1016","528","488","0","113","224","263","244","172","0","50","125","129","113","111","0","63","99","134","131","61"
"20193","11740560","고덕2동","1088","690","398","0","64","144","232","381","267","0","13","64","134","263","216","0","51","80","98","118","51"
"20193","11740570","암사1동","2792","1708","1084","0","358","594","588","565","687","0","173","390","372","383","390","0","185","204","216","182","297"
"20193","11740580","암사2동","1930","706","1224","1","197","320","454","579","379","1","71","149","183","167","135","0","126","171","271","412","244"
"20193","11740600","천호1동","1929","1116","813","1","183","363","480","454","448","0","73","188","245","267","343","1","110","175","235","187","105"
"20193","11740610","천호2동","3320","1717","1603","5","411","704","817","775","608","4","166","331","406","386","424","1","245","373","411","389","184"
"20193","11740620","천호3동","1366","779","587","0","72","149","229","246","670","0","25","68","114","125","447","0","47","81","115","121","223"
"20193","11740640","성내1동","13172","8952","4220","18","1558","2756","2833","3403","2604","5","903","1718","1857","2460","2009","13","655","1038","976","943","595"
"20193","11740650","성내2동","2007","1243","764","0","335","417","450","412","393","0","222","259","262","256","244","0","113","158","188","156","149"
"20193","11740660","성내3동","4156","2495","1661","4","590","933","1042","862","725","4","308","593","628","485","477","0","282","340","414","377","248"
"20193","11740685","길동","8576","4357","4219","5","1235","1710","1937","2087","1602","4","484","910","1033","962","964","1","751","800","904","1125","638"
"20193","11740700","둔촌2동","2842","1279","1563","0","540","744","611","589","358","0","155","308","304","281","231","0","385","436","307","308","127"
"20251","11500520","등촌1동","6016","3636","2380","0","1202","1576","1339","1070","829","0","439","1000","933","708","556","0","763","576","406","362","273"
"20251","11500630","방화1동","4242","3399","843","0","401","909","1063","1240","629","0","316","759","861","1038","425","0","85","150","202","202","204"
"20251","11500641","방화3동","2019","1311","708","0","205","431","510","552","321","0","103","229","318","387","274","0","102","202","192","165","47"
"20251","11500510","염창동","2625","1223","1402","0","408","777","786","443","211","0","148","340","317","248","170","0","260","437","469","195","41"
"20251","11500540","화곡1동","3939","2263","1676","0","315","829","1006","1174","615","0","137","498","558","668","402","0","178","331","448","506","213"
"20251","11500570","화곡4동","2098","912","1186","0","495","596","433","397","177","0","85","251","214","214","148","0","410","345","219","183","29"
"20251","11500591","화곡6동","6872","4389","2483","0","961","1852","1767","1570","722","0","478","1179","1132","1040","560","0","483","673","635","530","162"
"20251","11500590","화곡본동","2037","1201","836","0","171","396","521","521","428","0","47","242","303","274","335","0","124","154","218","247","93"
"20251","11545670","시흥1동","4641","2508","2133","0","669","1111","1109","1189","563","0","305","555","555","675","418","0","364","556","554","514","145"
"20251","11545690","시흥3동","1939","1152","787","0","140","283","447","508","561","0","74","183","259","279","357","0","66","100","188","229","204"
"20251","11560550","당산1동","8973","5408","3565","0","1540","2555","2001","1640","1237","0","615","1429","1261","1156","947","0","925","1126","740","484","290"
"20251","11560710","대림2동","3597","1835","1762","0","665","861","800","557","714","0","261","458","342","313","461","0","404","403","458","244","253"
"20251","11560585","도림동","517","406","111","0","3","72","142","165","135","0","0","58","108","119","121","0","3","14","34","46","14"
"20251","11590630","사당2동","1640","909","731","0","257","500","455","300","128","0","123","305","274","138","69","0","134","195","181","162","59"
"20251","11590680","신대방2동","11362","7234","4128","12","2080","2368","2131","2662","2109","6","1572","1820","1358","1354","1124","6","508","548","773","1308","985"
"20251","11620645","서원동","2303","915","1388","0","418","503","423","530","429","0","78","195","213","190","239","0","340","308","210","340","190"
"20251","11620565","성현동","1347","505","842","0","193","237","309","412","196","0","87","123","140","112","43","0","106","114","169","300","153"
"20251","11650621","방배4동","16097","9948","6149","0","2785","4449","4011","3076","1776","0","1178","2622","2713","2155","1280","0","1607","1827","1298","921","496"
"20251","11650590","방배본동","20669","11449","9220","33","3880","5347","5505","3699","2205","33","1320","2789","3212","2405","1690","0","2560","2558","2293","1294","515"
"20244","11500630","방화1동","4242","3399","843","0","401","909","1063","1240","629","0","316","759","861","1038","425","0","85","150","202","202","204"
"20251","11650530","서초3동","51852","30803","21049","1","8929","15547","13305","9482","4588","0","3783","9057","8507","6177","3279","1","5146","6490","4798","3305","1309"
"20251","11650540","잠원동","14890","8636","6254","0","3109","4397","3687","2306","1391","0","1227","2580","2441","1446","942","0","1882","1817","1246","860","449"
"20251","11680656","도곡2동","84833","58013","26820","395","16210","33336","24374","8787","1731","253","8662","22832","18737","6396","1133","142","7548","10504","5637","2391","598"
"20251","11680565","청담동","58171","33367","24804","4","12144","19273","14498","8756","3496","0","4574","11017","9542","5787","2447","4","7570","8256","4956","2969","1049"
"20251","11710550","마천2동","1312","881","431","0","70","317","400","366","159","0","49","209","235","229","159","0","21","108","165","137","0"
"20251","11710646","장지동","3961","2686","1275","0","428","625","944","1048","916","0","236","418","624","728","680","0","192","207","320","320","236"
"20251","11110690","창신3동","77","31","46","0","4","23","20","26","4","0","0","7","7","13","4","0","4","16","13","13","0"
"20251","11650550","반포본동","5670","3087","2583","11","936","1869","1616","972","266","7","342","1019","907","608","204","4","594","850","709","364","62"
"20251","11710520","풍납2동","475","233","242","0","103","162","119","72","19","0","28","84","62","44","15","0","75","78","57","28","4"
"20251","11680660","개포1동","3433","2110","1323","12","538","910","895","710","368","5","243","503","617","480","262","7","295","407","278","230","106"
"20251","11110530","사직동","45215","28318","16897","7","5980","12797","13643","8976","3812","0","2503","7865","9332","6264","2354","7","3477","4932","4311","2712","1458"
"20251","11140625","다산동","5877","3733","2144","0","1042","1895","1435","1023","482","0","427","1302","1010","631","363","0","615","593","425","392","119"
"20251","11140520","소공동","92258","48973","43285","481","26690","29120","20284","12220","3463","119","8677","14488","14469","8916","2304","362","18013","14632","5815","3304","1159"
"20251","11170570","원효로2동","3004","2205","799","0","471","929","846","485","273","0","275","666","657","373","234","0","196","263","189","112","39"
"20251","11170640","이촌2동","2035","1381","654","0","291","557","605","443","139","0","133","350","455","340","103","0","158","207","150","103","36"
"20251","11170660","이태원2동","875","494","381","0","116","332","271","105","51","0","51","180","147","65","51","0","65","152","124","40","0"
"20251","11200540","마장동","6924","4974","1950","0","526","1228","1600","2331","1239","0","320","863","1175","1663","953","0","206","365","425","668","286"
"20251","11215860","구의2동","2960","1873","1087","0","413","511","769","811","456","0","208","286","511","530","338","0","205","225","258","281","118"
"20251","11230600","답십리1동","1750","840","910","0","255","359","489","472","175","0","174","241","175","127","123","0","81","118","314","345","52"
"20251","11230740","이문1동","1106","484","622","0","208","300","318","210","70","0","24","111","157","129","63","0","184","189","161","81","7"
"20251","11260575","면목3?8동","1762","1178","584","0","108","293","486","521","354","0","12","156","301","408","301","0","96","137","185","113","53"
"20251","11260570","면목7동","509","306","203","0","26","74","141","175","93","0","0","27","76","110","93","0","26","47","65","65","0"
"20251","11260565","면목본동","811","461","350","0","49","210","239","219","94","0","0","109","129","129","94","0","49","101","110","90","0"
"20251","11290525","성북동","20512","15615","4897","0","2692","5039","5957","5940","884","0","1478","3522","4711","5284","620","0","1214","1517","1246","656","264"
"20251","11290650","정릉4동","1020","642","378","0","52","150","256","350","212","0","6","75","165","240","156","0","46","75","91","110","56"
"20251","11305555","송천동","388","236","152","0","0","19","52","134","183","0","0","4","17","100","115","0","0","15","35","34","68"
"20251","11305625","수유2동","1314","728","586","0","1","14","255","435","609","0","0","10","173","305","240","0","1","4","82","130","369"
"20251","11320522","도봉2동","1070","694","376","0","30","118","183","276","463","0","9","59","101","179","346","0","21","59","82","97","117"
"20251","11320660","쌍문1동","872","415","457","0","72","124","259","273","144","0","0","37","90","144","144","0","72","87","169","129","0"
"20251","11350630","상계1동","3606","2296","1310","0","414","755","866","915","656","0","251","504","566","573","402","0","163","251","300","342","254"
"20251","11350560","월계1동","1264","683","581","0","192","307","338","248","179","0","81","184","169","125","124","0","111","123","169","123","55"
"20251","11350621","중계1동","1184","653","531","0","155","260","357","297","115","0","67","142","188","164","92","0","88","118","169","133","23"
"20251","11380551","갈현1동","2238","1134","1104","0","370","537","542","520","269","0","128","273","271","264","198","0","242","264","271","256","71"
"20251","11380625","역촌동","3452","1640","1812","0","553","700","925","813","461","0","179","308","441","384","328","0","374","392","484","429","133"
"20251","11380580","응암1동","2298","1290","1008","0","201","375","554","537","631","0","78","182","290","272","468","0","123","193","264","265","163"
"20251","11380600","응암3동","1446","702","744","0","71","372","468","385","150","0","1","186","212","173","130","0","70","186","256","212","20"
"20251","11410700","남가좌2동","1052","541","511","0","75","219","328","334","96","0","1","102","158","185","95","0","74","117","170","149","1"
"20251","11410710","북가좌1동","537","447","90","0","1","13","59","120","344","0","0","4","27","84","332","0","1","9","32","36","12"
"20251","11410585","신촌동","1629","871","758","0","246","464","425","364","130","0","82","198","218","251","122","0","164","266","207","113","8"
"20251","11410660","홍은1동","3106","591","2515","0","86","224","857","1505","434","0","27","72","155","178","159","0","59","152","702","1327","275"
"20251","11440590","용강동","15056","8974","6082","0","2190","3721","3571","2989","2585","0","1070","2214","2368","1744","1578","0","1120","1507","1203","1245","1007"
"20251","11470510","목1동","16732","10843","5889","4","2914","4564","4190","3406","1654","3","1365","2987","2964","2448","1076","1","1549","1577","1226","958","578"
"20251","11470590","신월4동","1153","803","350","0","27","128","284","394","320","0","10","71","162","269","291","0","17","57","122","125","29"
"20251","11470630","신정2동","14182","8150","6032","0","2570","4619","3801","2509","683","0","1038","2534","2357","1670","551","0","1532","2085","1444","839","132"
"20251","11500530","등촌2동","2781","1634","1147","0","324","559","677","721","500","0","133","303","399","455","344","0","191","256","278","266","156"
"20251","11530750","개봉2동","7366","3651","3715","0","1312","1791","1758","1758","747","0","749","1148","781","586","387","0","563","643","977","1172","360"
"20251","11530510","신도림동","9248","6073","3175","0","1514","2874","2251","1686","923","0","627","1955","1626","1168","697","0","887","919","625","518","226"
"20251","11545610","독산1동","10617","6849","3768","0","780","1424","1782","2345","4286","0","471","961","1154","1452","2811","0","309","463","628","893","1475"
"20251","11545710","시흥5동","961","612","349","0","104","236","274","211","136","0","57","172","172","109","102","0","47","64","102","102","34"
"20251","11560700","대림1동","1366","500","866","0","457","329","302","223","55","0","75","111","151","112","51","0","382","218","151","111","4"
"20251","11590510","노량진1동","2833","1594","1239","0","355","688","725","685","380","0","145","396","441","375","237","0","210","292","284","310","143"
"20251","11620665","서림동","1424","819","605","0","192","259","361","317","295","0","96","136","197","191","199","0","96","123","164","126","96"
"20251","11620615","중앙동","1301","591","710","0","122","227","303","403","246","0","41","111","136","186","117","0","81","116","167","217","129"
"20251","11680640","역삼1동","202016","119620","82396","173","40848","61541","52155","35305","11994","28","19566","38401","34059","19124","8442","145","21282","23140","18096","16181","3552"
"20251","11740700","둔촌2동","2489","1120","1369","0","472","661","548","519","289","0","127","274","274","245","200","0","345","387","274","274","89"
"20251","11260690","신내2동","1355","755","600","0","177","340","333","338","167","0","74","161","172","219","129","0","103","179","161","119","38"
"20251","11500605","가양3동","265","171","94","0","44","58","75","56","32","0","29","39","48","33","22","0","15","19","27","23","10"
"20251","11350710","상계9동","1074","675","399","0","135","270","270","304","95","0","74","170","158","200","73","0","61","100","112","104","22"
"20251","11110680","창신2동","28","0","28","0","0","0","5","19","4","0","0","0","0","0","0","0","0","0","5","19","4"
"20251","11140570","필동","16151","7598","8553","0","2319","4115","4992","3534","1191","0","783","2035","2353","1657","770","0","1536","2080","2639","1877","421"
"20251","11170530","남영동","18490","7775","10715","130","7046","4567","3527","2384","836","1","1323","2451","2090","1279","631","129","5723","2116","1437","1105","205"
"20251","11170650","이태원1동","18302","8053","10249","0","5374","6989","3593","1789","557","0","1406","2923","1985","1282","457","0","3968","4066","1608","507","100"
"20251","11170685","한남동","45554","33353","12201","20","7545","13497","11978","10460","2054","20","3589","8987","9694","9391","1672","0","3956","4510","2284","1069","382"
"20251","11170510","후암동","1885","1117","768","0","261","428","556","450","190","0","73","252","368","262","162","0","188","176","188","188","28"
"20251","11200580","응봉동","542","224","318","0","131","143","118","96","54","0","31","50","52","49","42","0","100","93","66","47","12"
"20251","11215740","중곡1동","3866","1893","1973","2","1042","745","776","926","375","0","447","403","382","369","292","2","595","342","394","557","83"
"20251","11230705","청량리동","2337","1268","1069","0","399","726","447","425","340","0","140","427","251","246","204","0","259","299","196","179","136"
"20251","11260660","망우3동","223","129","94","0","0","13","61","95","54","0","0","0","21","54","54","0","0","13","40","41","0"
"20251","11260680","신내1동","2688","1277","1411","0","473","588","485","724","418","0","120","244","228","359","326","0","353","344","257","365","92"
"20251","11290620","정릉1동","489","277","212","0","41","87","114","149","98","0","0","26","57","96","98","0","41","61","57","53","0"
"20251","11290640","정릉3동","281","234","47","0","36","97","75","51","22","0","25","76","64","48","21","0","11","21","11","3","1"
"20251","11320521","도봉1동","1435","1066","369","0","0","70","372","604","389","0","0","41","223","447","355","0","0","29","149","157","34"
"20251","11320680","쌍문3동","1058","475","583","0","232","249","273","257","47","0","33","112","141","146","43","0","199","137","132","111","4"
"20251","11320512","창2동","1070","633","437","0","112","255","307","263","133","0","49","158","170","135","121","0","63","97","137","128","12"
"20251","11350640","상계2동","1731","857","874","0","169","276","477","479","330","0","35","172","226","227","197","0","134","104","251","252","133"
"20251","11350695","상계6?7동","4965","2197","2768","0","701","1166","1280","1265","553","0","182","444","578","682","311","0","519","722","702","583","242"
"20251","11380530","불광2동","2497","1189","1308","0","64","342","413","559","1119","0","7","177","165","221","619","0","57","165","248","338","500"
"20251","11380632","신사2동","863","641","222","0","79","170","232","227","155","0","73","124","134","155","155","0","6","46","98","72","0"
"20251","11410655","홍제2동","334","168","166","0","44","70","92","80","48","0","13","46","46","39","24","0","31","24","46","41","24"
"20251","11410640","홍제3동","821","398","423","0","34","71","170","238","308","0","0","21","67","127","183","0","34","50","103","111","125"
"20251","11470530","목3동","1687","940","747","0","212","371","463","416","225","0","106","217","252","211","154","0","106","154","211","205","71"
"20251","11530595","가리봉동","577","264","313","0","6","94","142","130","205","0","1","45","57","45","116","0","5","49","85","85","89"
"20251","11545510","가산동","106107","69840","36267","305","20915","33020","26286","15533","10048","200","11101","22189","18969","10323","7058","105","9814","10831","7317","5210","2990"
"20251","11545640","독산4동","1147","692","455","0","116","189","239","281","322","0","87","116","151","136","202","0","29","73","88","145","120"
"20251","11545700","시흥4동","1105","683","422","0","171","235","337","284","78","0","111","167","202","131","72","0","60","68","135","153","6"
"20251","11590651","사당5동","1558","859","699","0","174","400","487","377","120","0","76","183","254","226","120","0","98","217","233","151","0"
"20251","11590605","흑석동","91","59","32","0","0","22","33","25","11","0","0","14","20","14","11","0","0","8","13","11","0"
"20251","11620695","신림동","1310","812","498","0","45","173","338","319","435","0","1","90","186","186","349","0","44","83","152","133","86"
"20251","11620655","신원동","398","267","131","0","1","96","127","119","55","0","1","59","86","78","43","0","0","37","41","41","12"
"20251","11620575","행운동","2409","1350","1059","0","349","598","572","555","335","0","167","342","304","288","249","0","182","256","268","267","86"
"20251","11650610","방배2동","15603","7589","8014","0","2643","4020","4313","2993","1634","0","908","1801","1990","1779","1111","0","1735","2219","2323","1214","523"
"20251","11650652","양재2동","33724","25319","8405","0","4473","8268","9497","8910","2576","0","2703","6081","7293","7278","1964","0","1770","2187","2204","1632","612"
"20251","11680690","개포4동","7242","5255","1987","0","872","1650","2061","1731","928","0","432","1108","1569","1361","785","0","440","542","492","370","143"
"20251","11680521","논현1동","45242","26462","18780","0","11837","13617","9633","6313","3842","0","5038","8080","6492","4058","2794","0","6799","5537","3141","2255","1048"
"20251","11710531","거여1동","2887","2180","707","0","733","846","701","372","235","0","507","683","545","262","183","0","226","163","156","110","52"
"20251","11710641","문정1동","23872","18450","5422","0","2165","4451","6877","9020","1359","0","1276","3213","5353","7729","879","0","889","1238","1524","1291","480"
"20251","11710642","문정2동","78185","49174","29011","112","11211","23820","23985","13848","5209","40","5373","13448","16441","10621","3251","72","5838","10372","7544","3227","1958"
"20251","11710610","삼전동","4352","2946","1406","0","509","988","985","884","986","0","292","645","643","541","825","0","217","343","342","343","161"
"20251","11710650","잠실본동","12201","7840","4361","0","1641","2349","2863","2716","2632","0","716","1428","1807","1879","2010","0","925","921","1056","837","622"
"20251","11740530","명일1동","3986","2240","1746","0","588","1079","1016","710","593","0","269","662","671","364","274","0","319","417","345","346","319"
"20251","11170630","이촌1동","5907","3784","2123","11","956","1595","1657","1209","479","11","473","982","1169","814","335","0","483","613","488","395","144"
"20251","11200570","행당2동","3","0","3","0","0","1","1","1","0","0","0","0","0","0","0","0","0","1","1","1","0"
"20251","11650580","반포3동","3009","1678","1331","0","479","767","666","603","494","0","203","452","439","350","234","0","276","315","227","253","260"
"20251","11710566","오륜동","15658","9074","6584","14","2540","4738","4068","3134","1164","4","1022","2464","2615","2076","893","10","1518","2274","1453","1058","271"
"20251","11110580","교남동","870","522","348","0","82","232","249","180","127","0","20","118","149","125","110","0","62","114","100","55","17"
"20251","11110550","부암동","1509","851","658","0","249","446","417","290","107","0","102","247","237","182","83","0","147","199","180","108","24"
"20251","11110640","이화동","1632","904","728","0","239","418","428","343","204","0","68","190","254","234","158","0","171","228","174","109","46"
"20251","11140650","신당5동","622","340","282","0","9","145","192","169","107","0","0","50","97","95","98","0","9","95","95","74","9"
"20251","11140615","신당동","4203","2291","1912","0","1316","896","790","738","463","0","568","475","406","510","332","0","748","421","384","228","131"
"20251","11170520","용산2가동","479","378","101","0","4","74","204","195","2","0","0","42","171","163","2","0","4","32","33","32","0"
"20251","11200620","금호4가동","507","307","200","0","59","118","145","124","61","0","20","60","97","78","52","0","39","58","48","46","9"
"20251","11200520","왕십리2동","1287","798","489","0","142","356","385","298","106","0","71","192","237","194","104","0","71","164","148","104","2"
"20251","11230720","휘경1동","732","461","271","0","48","149","197","197","141","0","9","95","129","143","85","0","39","54","68","54","56"
"20251","11230730","휘경2동","1097","562","535","0","135","243","296","273","150","0","33","112","154","146","117","0","102","131","142","127","33"
"20251","11260655","망우본동","1426","768","658","0","100","257","342","486","241","0","5","92","160","272","239","0","95","165","182","214","2"
"20251","11305575","삼각산동","374","201","173","0","65","106","125","56","22","0","23","59","69","28","22","0","42","47","56","28","0"
"20251","11305615","수유1동","944","421","523","0","49","139","286","327","143","0","0","39","111","141","130","0","49","100","175","186","13"
"20251","11320700","방학2동","424","186","238","0","0","90","111","90","133","0","0","45","48","45","48","0","0","45","63","45","85"
"20251","11320513","창3동","491","275","216","0","0","90","226","166","9","0","0","61","137","68","9","0","0","29","89","98","0"
"20251","11410690","남가좌1동","1312","791","521","0","92","168","231","329","492","0","61","114","146","176","294","0","31","54","85","153","198"
"20251","11410565","충현동","11142","6941","4201","0","1372","2856","2964","2654","1296","0","643","1733","1883","1748","934","0","729","1123","1081","906","362"
"20251","11410685","홍은2동","1790","1177","613","0","284","495","452","386","173","0","167","324","290","263","133","0","117","171","162","123","40"
"20251","11470540","목4동","2148","1354","794","0","226","490","664","557","211","0","85","302","397","366","204","0","141","188","267","191","7"
"20251","11500560","화곡3동","2985","1846","1139","0","413","722","764","687","399","0","223","480","465","388","290","0","190","242","299","299","109"
"20251","11500593","화곡8동","1853","1041","812","0","224","532","574","323","200","0","100","287","287","214","153","0","124","245","287","109","47"
"20251","11560630","신길1동","1933","816","1117","0","341","485","438","373","296","0","88","227","202","150","149","0","253","258","236","223","147"
"20251","11560650","신길3동","382","344","38","0","0","39","95","112","136","0","0","38","80","91","135","0","0","1","15","21","1"
"20251","11560680","신길6동","2010","1325","685","0","169","497","554","448","342","0","83","320","345","300","277","0","86","177","209","148","65"
"20251","11560515","영등포본동","3360","1932","1428","0","450","854","891","832","333","0","180","433","516","531","272","0","270","421","375","301","61"
"20251","11590650","사당4동","892","471","421","0","74","124","199","167","328","0","30","63","79","74","225","0","44","61","120","93","103"
"20251","11590540","상도2동","1012","522","490","0","98","254","282","266","112","0","42","133","147","133","67","0","56","121","135","133","45"
"20251","11620585","낙성대동","5994","3307","2687","0","969","2074","1282","927","742","0","436","1091","666","533","581","0","533","983","616","394","161"
"20251","11620725","조원동","2688","1701","987","0","513","668","664","583","260","0","235","436","429","403","198","0","278","232","235","180","62"
"20251","11650651","양재1동","24087","15586","8501","246","5654","6688","5488","3608","2403","118","2865","4493","3871","2416","1823","128","2789","2195","1617","1192","580"
"20251","11680630","대치4동","43704","26895","16809","74","7025","13031","11897","7456","4221","0","3018","7885","8140","5224","2628","74","4007","5146","3757","2232","1593"
"20251","11680580","삼성1동","189339","127736","61603","476","38149","56772","50706","33617","9619","235","20500","37522","37383","26349","5747","241","17649","19250","13323","7268","3872"
"20251","11710561","방이1동","5978","4386","1592","0","616","1171","1575","1595","1021","0","295","747","1177","1283","884","0","321","424","398","312","137"
"20251","11740540","명일2동","2834","1939","895","0","340","806","757","597","334","0","173","567","549","386","264","0","167","239","208","211","70"
"20251","11740520","상일동","1291","653","638","0","193","290","316","338","154","0","69","145","191","152","96","0","124","145","125","186","58"
"20251","11290580","돈암1동","228","106","122","0","66","70","47","33","12","0","16","35","25","18","12","0","50","35","22","15","0"
"20251","11710631","가락1동","6121","4283","1838","0","416","1136","1687","1754","1128","0","281","869","1242","1152","739","0","135","267","445","602","389"
"20251","11110615","종로1?2?3?4가동","109733","60491","49242","1434","22258","33474","30108","17196","5263","594","9710","16818","17654","12130","3585","840","12548","16656","12454","5066","1678"
"20251","11110630","종로5?6가동","18962","11871","7091","386","4479","5500","4696","2883","1018","60","1852","3546","3442","2241","730","326","2627","1954","1254","642","288"
"20251","11110650","혜화동","4377","2131","2246","0","697","1211","1077","881","511","0","228","591","575","451","286","0","469","620","502","430","225"
"20251","11140590","광희동","52971","26362","26609","448","15198","13935","10903","8387","4100","170","7378","8101","6292","2857","1564","278","7820","5834","4611","5530","2536"
"20251","11140550","명동","120704","69872","50832","9","19744","40682","32795","21490","5984","0","7874","20955","21135","15844","4064","9","11870","19727","11660","5646","1920"
"20251","11170690","서빙고동","10106","6642","3464","0","1800","3017","3123","1596","570","0","868","1764","2283","1279","448","0","932","1253","840","317","122"
"20251","11170590","용문동","3079","1795","1284","0","607","836","858","579","199","0","254","491","513","395","142","0","353","345","345","184","57"
"20251","11200615","금호2?3가동","244","149","95","0","14","32","62","63","73","0","0","5","31","40","73","0","14","27","31","23","0"
"20251","11200660","성수1가2동","8657","5972","2685","0","1383","1771","1828","1888","1787","0","826","1174","1180","1345","1447","0","557","597","648","543","340"
"20251","11200670","성수2가1동","7660","4923","2737","10","1778","2247","1788","1247","590","5","798","1460","1234","898","528","5","980","787","554","349","62"
"20251","11215780","능동","1414","899","515","0","198","339","375","285","217","0","94","206","242","175","182","0","104","133","133","110","35"
"20251","11230660","장안2동","5320","2870","2450","0","1665","1038","1090","999","528","0","860","600","508","486","416","0","805","438","582","513","112"
"20251","11260620","묵1동","1165","548","617","0","89","292","366","296","122","0","19","137","158","137","97","0","70","155","208","159","25"
"20251","11260580","상봉1동","1611","1195","416","0","154","264","346","456","391","0","112","179","201","332","371","0","42","85","145","124","20"
"20251","11260600","중화1동","1094","579","515","0","100","242","296","272","184","0","26","87","133","163","170","0","74","155","163","109","14"
"20251","11305535","미아동","602","363","239","0","27","98","215","196","66","0","4","48","122","131","58","0","23","50","93","65","8"
"20251","11320681","쌍문4동","265","141","124","0","22","64","78","72","29","0","5","31","39","39","27","0","17","33","39","33","2"
"20251","11350624","중계4동","1196","660","536","0","106","246","285","325","234","0","35","118","151","174","182","0","71","128","134","151","52"
"20241","11110550","부암동","1055","591","464","0","177","310","291","201","76","0","70","172","165","126","58","0","107","138","126","75","18"
"20241","11140540","회현동","85852","53079","32773","161","16113","30338","23534","12471","3235","32","7524","18100","15335","9829","2259","129","8589","12238","8199","2642","976"
"20241","11170580","효창동","1148","663","485","0","158","297","316","250","127","0","78","174","190","126","95","0","80","123","126","124","32"
"20241","11170510","후암동","1618","964","654","0","235","366","465","383","169","0","77","217","307","225","138","0","158","149","158","158","31"
"20241","11200615","금호2?3가동","238","132","106","0","23","35","58","59","63","0","0","9","29","35","59","0","23","26","29","24","4"
"20241","11215870","구의3동","7778","4744","3034","0","918","1641","1879","1961","1379","0","521","1148","1274","1015","786","0","397","493","605","946","593"
"20241","11230750","이문2동","217","117","100","0","24","49","49","56","39","0","7","24","24","31","31","0","17","25","25","25","8"
"20241","11260520","면목2동","2968","1720","1248","0","126","479","695","990","678","0","0","213","355","583","569","0","126","266","340","407","109"
"20241","11260590","상봉2동","3451","2431","1020","0","410","897","1164","794","186","0","237","637","785","591","181","0","173","260","379","203","5"
"20241","11260660","망우3동","196","112","84","0","2","15","54","78","47","0","0","3","21","44","44","0","2","12","33","34","3"
"20241","11215710","화양동","750","511","239","0","83","112","195","246","114","0","26","60","138","180","107","0","57","52","57","66","7"
"20241","11260680","신내1동","1252","597","655","0","219","277","230","336","190","0","56","116","109","165","151","0","163","161","121","171","39"
"20241","11290555","삼선동","3678","1837","1841","0","378","891","1124","924","361","0","117","378","540","584","218","0","261","513","584","340","143"
"20241","11290715","월곡1동","1214","758","456","0","48","145","250","269","502","0","5","72","129","179","373","0","43","73","121","90","129"
"20241","11305603","번2동","1063","503","560","0","129","127","306","342","159","0","48","69","130","165","91","0","81","58","176","177","68"
"20241","11305608","번3동","511","281","230","0","52","83","125","148","103","0","19","40","70","82","70","0","33","43","55","66","33"
"20241","11290770","장위2동","668","452","216","0","8","110","189","184","177","0","0","55","111","124","162","0","8","55","78","60","15"
"20241","11350630","상계1동","3429","2169","1260","0","398","714","820","873","624","0","236","478","532","538","385","0","162","236","288","335","239"
"20241","11350695","상계6?7동","7209","3192","4017","0","1013","1698","1857","1839","802","0","263","648","838","992","451","0","750","1050","1019","847","351"
"20241","11350670","상계5동","866","436","430","0","5","39","150","247","425","0","1","27","59","107","242","0","4","12","91","140","183"
"20241","11350570","월계2동","21","10","11","0","2","5","6","6","2","0","0","2","3","3","2","0","2","3","3","3","0"
"20241","11350619","중계본동","642","308","334","0","67","131","162","194","88","0","32","66","69","86","55","0","35","65","93","108","33"
"20241","11380625","역촌동","2751","1312","1439","0","447","553","732","640","379","0","152","245","348","304","263","0","295","308","384","336","116"
"20241","11410710","북가좌1동","326","273","53","0","1","9","33","72","211","0","0","3","15","52","203","0","1","6","18","20","8"
"20241","11350625","중계2?3동","1011","562","449","0","136","262","258","258","97","0","81","155","132","134","60","0","55","107","126","124","37"
"20241","11470540","목4동","1884","1172","712","0","211","427","568","481","197","0","81","261","338","309","183","0","130","166","230","172","14"
"20241","11470530","목3동","1514","836","678","0","198","332","405","366","213","0","99","192","221","184","140","0","99","140","184","182","73"
"20241","11470680","신정7동","353","208","145","0","42","84","108","79","40","0","19","47","65","48","29","0","23","37","43","31","11"
"20241","11500590","화곡본동","2162","1261","901","0","192","425","541","545","459","0","57","253","315","289","347","0","135","172","226","256","112"
"20241","11530780","오류2동","714","443","271","0","65","162","186","185","116","0","29","94","108","118","94","0","36","68","78","67","22"
"20241","11530790","수궁동","1304","903","401","0","120","252","306","375","251","0","75","163","196","260","209","0","45","89","110","115","42"
"20241","11560550","당산1동","5713","3446","2267","0","976","1633","1279","1048","777","0","387","911","807","742","599","0","589","722","472","306","178"
"20241","11530510","신도림동","15684","10325","5359","0","2575","4881","3830","2852","1546","0","1067","3324","2768","1981","1185","0","1508","1557","1062","871","361"
"20241","11560630","신길1동","3295","1408","1887","0","572","815","743","647","518","0","149","387","347","264","261","0","423","428","396","383","257"
"20241","11590620","사당1동","2903","1557","1346","0","475","738","797","528","365","0","137","361","402","331","326","0","338","377","395","197","39"
"20241","11590520","노량진2동","3154","1642","1512","0","505","931","765","647","306","0","264","409","350","415","204","0","241","522","415","232","102"
"20241","11545680","시흥2동","732","429","303","0","75","148","183","217","109","0","41","85","103","126","74","0","34","63","80","91","35"
"20241","11620775","난곡동","847","489","358","0","45","187","211","290","114","0","10","96","105","174","104","0","35","91","106","116","10"
"20241","11620715","난향동","325","158","167","0","35","73","93","72","52","0","5","33","39","37","44","0","30","40","54","35","8"
"20241","11650620","방배3동","10742","7029","3713","48","1697","3188","2906","1747","1156","14","863","1997","2084","1205","866","34","834","1191","822","542","290"
"20241","11620605","은천동","843","405","438","0","113","160","177","233","160","0","36","77","92","105","95","0","77","83","85","128","65"
"20241","11680580","삼성1동","214989","145072","69917","532","43316","64476","57579","38167","10919","264","23280","42620","42460","29923","6525","268","20036","21856","15119","8244","4394"
"20241","11650652","양재2동","44246","33258","10988","2","5872","10847","12472","11704","3349","1","3555","7989","9587","9562","2564","1","2317","2858","2885","2142","785"
"20241","11650540","잠원동","11344","6577","4767","0","2364","3351","2810","1755","1064","0","930","1966","1864","1099","718","0","1434","1385","946","656","346"
"20241","11710642","문정2동","37090","23328","13762","56","5321","11298","11371","6570","2474","22","2550","6380","7795","5037","1544","34","2771","4918","3576","1533","930"
"20241","11710550","마천2동","1272","838","434","0","86","304","378","351","153","0","54","196","220","215","153","0","32","108","158","136","0"
"20241","11710650","잠실본동","10964","7018","3946","0","1485","2111","2566","2444","2358","0","650","1283","1612","1681","1792","0","835","828","954","763","566"
"20241","11710690","잠실4동","4260","3421","839","21","570","1338","1237","902","192","9","410","1097","1020","736","149","12","160","241","217","166","43"
"20241","11110570","무악동","423","113","310","0","120","120","109","52","22","0","27","27","35","13","11","0","93","93","74","39","11"
"20241","11110530","사직동","38826","24316","14510","10","5130","10990","11706","7710","3280","0","2146","6755","8012","5381","2022","10","2984","4235","3694","2329","1258"
"20241","11140570","필동","14869","6999","7870","0","2139","3778","4591","3258","1103","0","724","1871","2163","1529","712","0","1415","1907","2428","1729","391"
"20241","11170650","이태원1동","18256","8052","10204","0","5359","6986","3593","1768","550","0","1406","2928","1988","1280","450","0","3953","4058","1605","488","100"
"20241","11170630","이촌1동","4473","2865","1608","12","724","1207","1253","917","360","10","358","742","884","618","253","2","366","465","369","299","107"
"20241","11140645","청구동","13042","7126","5916","0","1893","3441","3080","2805","1823","0","638","1782","1928","1713","1065","0","1255","1659","1152","1092","758"
"20241","11200535","왕십리도선동","2960","1359","1601","0","490","569","619","733","549","0","167","315","335","308","234","0","323","254","284","425","315"
"20241","11200580","응봉동","419","177","242","0","101","110","89","76","43","0","26","40","40","38","33","0","75","70","49","38","10"
"20241","11230740","이문1동","1176","518","658","0","221","317","334","218","86","0","31","118","166","134","69","0","190","199","168","84","17"
"20241","11230545","제기동","9210","5573","3637","0","1096","2349","2329","1982","1454","0","413","1404","1509","1170","1077","0","683","945","820","812","377"
"20241","11260655","망우본동","1159","615","544","0","98","215","274","379","193","0","10","83","129","209","184","0","88","132","145","170","9"
"20241","11215750","중곡2동","1991","1168","823","0","249","400","529","485","328","0","167","233","283","259","226","0","82","167","246","226","102"
"20241","11215760","중곡3동","634","445","189","0","46","161","198","157","72","0","30","127","120","108","60","0","16","34","78","49","12"
"20241","11260630","묵2동","1139","798","341","0","164","286","278","323","88","0","98","195","182","241","82","0","66","91","96","82","6"
"20241","11290660","길음1동","3566","1740","1826","234","1248","878","599","389","218","95","538","463","296","179","169","139","710","415","303","210","49"
"20241","11305545","송중동","918","450","468","0","50","139","298","264","167","0","9","50","126","126","139","0","41","89","172","138","28"
"20241","11305555","송천동","437","246","191","0","3","40","75","139","180","0","0","13","30","95","108","0","3","27","45","44","72"
"20241","11320521","도봉1동","1270","908","362","0","2","94","323","508","343","0","0","52","189","369","298","0","2","42","134","139","45"
"20241","11380590","응암2동","429","287","142","0","47","47","109","131","95","0","27","27","65","79","89","0","20","20","44","52","6"
"20241","11410660","홍은1동","2739","539","2200","0","84","203","752","1311","389","0","28","66","141","159","145","0","56","137","611","1152","244"
"20241","11350621","중계1동","1073","591","482","0","141","235","322","269","106","0","61","128","170","148","84","0","80","107","152","121","22"
"20241","11440590","용강동","12219","7268","4951","0","1787","3015","2894","2427","2096","0","873","1790","1915","1413","1277","0","914","1225","979","1014","819"
"20241","11440700","망원2동","3385","2037","1348","0","424","630","726","1032","573","0","237","469","514","481","336","0","187","161","212","551","237"
"20241","11440740","상암동","13325","8216","5109","18","2819","4883","3639","1493","473","7","1235","3088","2422","1062","402","11","1584","1795","1217","431","71"
"20241","11440710","연남동","2215","1408","807","0","345","535","564","485","286","0","148","286","341","348","285","0","197","249","223","137","1"
"20241","11470610","신월6동","536","314","222","0","54","102","123","145","112","0","20","53","66","82","93","0","34","49","57","63","19"
"20241","11470520","목2동","2740","1533","1207","0","380","667","730","628","335","0","180","364","406","359","224","0","200","303","324","269","111"
"20241","11410655","홍제2동","239","120","119","0","32","51","64","56","36","0","10","33","32","27","18","0","22","18","32","29","18"
"20241","11500530","등촌2동","1806","1072","734","0","208","362","441","468","327","0","87","198","264","298","225","0","121","164","177","170","102"
"20241","11500550","화곡2동","5028","3087","1941","0","634","1386","1303","1218","487","0","384","921","806","640","336","0","250","465","497","578","151"
"20241","11530760","개봉3동","1071","671","400","0","128","273","284","235","151","0","64","174","174","136","123","0","64","99","110","99","28"
"20241","11470620","신정1동","6180","3613","2567","23","1091","1552","1551","1317","646","23","452","968","933","764","473","0","639","584","618","553","173"
"20241","11545630","독산3동","2918","2129","789","0","196","447","538","583","1154","0","105","283","289","347","1105","0","91","164","249","236","49"
"20241","11530595","가리봉동","563","259","304","0","12","95","138","127","191","0","2","46","57","46","108","0","10","49","81","81","83"
"20241","11560700","대림1동","1030","374","656","0","346","246","228","163","47","0","56","81","114","82","41","0","290","165","114","81","6"
"20241","11560690","신길7동","1873","1285","588","0","215","359","423","539","337","0","132","246","286","350","271","0","83","113","137","189","66"
"20241","11590660","대방동","6596","4405","2191","0","1090","1797","1560","1479","670","0","586","1230","1088","1073","428","0","504","567","472","406","242"
"20241","11560540","여의동","201758","143165","58593","463","37097","72314","51883","30938","9063","170","20475","51688","40070","24622","6140","293","16622","20626","11813","6316","2923"
"20241","11620575","행운동","1975","1109","866","0","291","488","466","453","277","0","142","277","248","236","206","0","149","211","218","217","71"
"20241","11650651","양재1동","20452","13209","7243","233","4798","5664","4641","3059","2057","111","2432","3807","3269","2041","1549","122","2366","1857","1372","1018","508"
"20241","11680640","역삼1동","157737","93388","64349","188","31880","48041","40695","27564","9369","45","15270","29978","26576","14929","6590","143","16610","18063","14119","12635","2779"
"20241","11620545","청림동","220","126","94","0","32","73","73","33","9","0","13","42","43","21","7","0","19","31","30","12","2"
"20241","11650580","반포3동","2501","1395","1106","1","398","637","553","502","410","0","169","375","365","292","194","1","229","262","188","210","216"
"20241","11710580","송파1동","20397","12734","7663","0","2895","4579","5069","4438","3416","0","1236","2704","3295","2981","2518","0","1659","1875","1774","1457","898"
"20241","11710590","송파2동","3402","2143","1259","3","542","847","891","810","309","3","262","537","641","506","194","0","280","310","250","304","115"
"20241","11740685","길동","7262","3689","3573","0","1013","1459","1661","1781","1348","0","388","781","888","816","816","0","625","678","773","965","532"
"20241","11710520","풍납2동","372","182","190","0","81","126","92","57","16","0","22","65","48","35","12","0","59","61","44","22","4"
"20241","11740560","고덕2동","888","563","325","0","44","111","200","312","221","0","4","48","116","215","180","0","40","63","84","97","41"
"20241","11110650","혜화동","4341","2119","2222","0","699","1189","1063","871","519","0","235","582","565","449","288","0","464","607","498","422","231"
"20241","11140590","광희동","52790","26286","26504","469","15141","13894","10859","8353","4074","187","7353","8084","6266","2845","1551","282","7788","5810","4593","5508","2523"
"20241","11110600","가회동","10719","7983","2736","1","1143","3698","3218","2018","641","1","592","2713","2522","1658","497","0","551","985","696","360","144"
"20241","11110700","숭인1동","195","87","108","0","35","43","48","45","24","0","0","18","24","24","21","0","35","25","24","21","3"
"20241","11170530","남영동","16969","7145","9824","127","6466","4190","3236","2179","771","4","1220","2248","1917","1172","584","123","5246","1942","1319","1007","187"
"20241","11170690","서빙고동","7358","4832","2526","0","1309","2194","2273","1168","414","0","630","1283","1661","931","327","0","679","911","612","237","87"
"20241","11200720","송정동","720","467","253","0","89","177","189","148","117","0","42","113","110","94","108","0","47","64","79","54","9"
"20241","11140650","신당5동","604","327","277","0","23","140","177","156","108","0","6","53","90","87","91","0","17","87","87","69","17"
"20241","11215810","광장동","5323","3225","2098","34","1657","1406","1035","822","369","5","794","905","699","551","271","29","863","501","336","271","98"
"20241","11215780","능동","1102","700","402","0","153","264","292","222","171","0","72","161","189","137","141","0","81","103","103","85","30"
"20241","11215840","자양3동","1581","1164","417","0","181","419","449","403","129","0","117","298","335","303","111","0","64","121","114","100","18"
"20241","11230536","용신동","16487","8520","7967","0","2055","3648","4057","4032","2695","0","970","2096","2140","1845","1469","0","1085","1552","1917","2187","1226"
"20241","11260570","면목7동","581","344","237","0","36","88","164","191","102","0","0","37","89","116","102","0","36","51","75","75","0"
"20241","11290575","동선동","3905","1936","1969","0","490","821","897","1010","687","0","141","354","439","563","439","0","349","467","458","447","248"
"20241","11290685","길음2동","286","107","179","0","15","57","88","92","34","0","3","17","42","28","17","0","12","40","46","64","17"
"20241","11290610","보문동","2689","2024","665","0","256","800","564","563","506","0","137","635","450","450","352","0","119","165","114","113","154"
"20241","11290525","성북동","15450","11773","3677","0","2024","3799","4489","4473","665","0","1117","2658","3552","3982","464","0","907","1141","937","491","201"
"20241","11290705","종암동","12167","6414","5753","0","1062","3086","4289","3464","266","0","462","1143","1961","2686","162","0","600","1943","2328","778","104"
"20241","11305595","번1동","1761","1098","663","0","177","360","344","496","384","0","73","233","217","342","233","0","104","127","127","154","151"
"20241","11305660","인수동","2202","1334","868","0","166","434","598","681","323","0","37","246","377","410","264","0","129","188","221","271","59"
"20241","11320513","창3동","529","295","234","0","9","101","227","170","22","0","0","64","138","71","22","0","9","37","89","99","0"
"20241","11320514","창4동","1452","913","539","0","156","276","355","401","264","0","66","146","211","271","219","0","90","130","144","130","45"
"20241","11350665","상계3?4동","419","316","103","0","7","18","115","179","100","0","0","9","75","139","93","0","7","9","40","40","7"
"20241","11380631","신사1동","1154","619","535","0","103","247","272","297","235","0","36","121","151","143","168","0","67","126","121","154","67"
"20241","11380520","불광1동","1687","719","968","0","233","406","462","394","192","0","80","174","196","171","98","0","153","232","266","223","94"
"20241","11380530","불광2동","10488","5018","5470","0","421","1495","1788","2315","4469","0","99","764","731","950","2474","0","322","731","1057","1365","1995"
"20241","11350720","상계10동","386","161","225","0","60","82","103","111","30","0","12","34","39","53","23","0","48","48","64","58","7"
"20241","11380580","응암1동","1751","972","779","0","169","291","418","407","466","0","70","141","217","205","339","0","99","150","201","202","127"
"20241","11380690","진관동","640","337","303","0","56","161","179","158","86","0","24","102","102","65","44","0","32","59","77","93","42"
"20241","11410555","북아현동","938","686","252","0","98","217","259","266","98","0","40","161","201","205","79","0","58","56","58","61","19"
"20241","11440565","공덕동","12823","7440","5383","4","2870","3550","3515","2252","632","0","1131","1885","2247","1701","476","4","1739","1665","1268","551","156"
"20241","11440600","대흥동","3136","1546","1590","0","1294","715","453","431","243","0","498","369","248","262","169","0","796","346","205","169","74"
"20241","11380570","대조동","1501","744","757","0","145","336","421","365","234","0","34","166","202","163","179","0","111","170","219","202","55"
"20241","11440660","서교동","24904","12720","12184","0","5217","7000","5782","4116","2789","0","2141","3500","3181","2168","1730","0","3076","3500","2601","1948","1059"
"20241","11440555","아현동","4414","2432","1982","0","838","1434","1260","748","134","0","366","802","704","456","104","0","472","632","556","292","30"
"20241","11440730","성산2동","1476","660","816","0","112","280","410","480","194","0","34","138","184","188","116","0","78","142","226","292","78"
"20241","11500540","화곡1동","3969","2254","1715","0","349","832","1008","1149","631","0","153","490","555","647","409","0","196","342","453","502","222"
"20241","11500630","방화1동","3439","2722","717","0","337","736","859","997","510","0","258","605","691","829","339","0","79","131","168","168","171"
"20241","11530720","고척1동","2225","1591","634","0","191","454","593","674","313","0","100","308","414","509","260","0","91","146","179","165","53"
"20241","11470640","신정3동","1399","1010","389","0","110","269","354","299","367","0","53","166","241","211","339","0","57","103","113","88","28"
"20241","11545690","시흥3동","1998","1185","813","0","142","294","462","523","577","0","74","191","269","285","366","0","68","103","193","238","211"
"20241","11545620","독산2동","1302","759","543","0","131","270","316","418","167","0","73","122","158","256","150","0","58","148","158","162","17"
"20241","11590630","사당2동","1408","771","637","0","219","421","389","261","118","0","104","253","231","120","63","0","115","168","158","141","55"
"20241","11560660","신길4동","715","357","358","0","119","170","184","169","73","0","41","79","90","91","56","0","78","91","94","78","17"
"20241","11560535","영등포동","13005","7280","5725","0","2384","3229","3101","2575","1716","0","876","1800","1932","1515","1157","0","1508","1429","1169","1060","559"
"20241","11620645","서원동","1726","698","1028","0","315","377","319","391","324","0","66","147","161","142","182","0","249","230","158","249","142"
"20241","11620565","성현동","1199","452","747","1","174","211","274","365","174","1","80","111","124","97","39","0","94","100","150","268","135"
"20241","11590605","흑석동","76","46","30","0","0","20","26","20","10","0","0","10","16","10","10","0","0","10","10","10","0"
"20241","11620745","삼성동","713","410","303","0","57","137","210","208","101","0","24","68","110","113","95","0","33","69","100","95","6"
"20241","11650610","방배2동","32778","15950","16828","0","5555","8420","9041","6297","3465","0","1921","3769","4172","3737","2351","0","3634","4651","4869","2560","1114"
"20241","11620625","인헌동","909","532","377","0","187","277","240","135","70","0","83","173","145","69","62","0","104","104","95","66","8"
"20241","11590651","사당5동","1281","702","579","0","146","324","393","314","104","0","62","148","205","183","104","0","84","176","188","131","0"
"20241","11650510","서초1동","41721","23337","18384","2","8767","10822","9223","10183","2724","0","3149","5819","5339","7051","1979","2","5618","5003","3884","3132","745"
"20241","11680655","도곡1동","28100","19906","8194","41","4805","6545","7823","7121","1765","41","2437","4289","5882","5824","1433","0","2368","2256","1941","1297","332"
"20241","11650600","방배1동","17414","11559","5855","41","3449","5375","4250","3161","1138","39","1636","3280","3137","2605","862","2","1813","2095","1113","556","276"
"20241","11710531","거여1동","3002","2255","747","0","756","872","726","395","253","0","526","699","562","273","195","0","230","173","164","122","58"
"20241","11680600","대치1동","14138","7534","6604","16","2582","4621","3529","2200","1190","5","970","2293","1994","1405","867","11","1612","2328","1535","795","323"
"20241","11740530","명일1동","2757","1540","1217","0","409","742","700","494","412","0","186","454","459","252","189","0","223","288","241","242","223"
"20241","11740700","둔촌2동","2158","970","1188","0","412","568","471","449","258","0","112","236","235","213","174","0","300","332","236","236","84"
"20241","11740660","성내3동","5543","3369","2174","0","751","1257","1404","1173","958","0","392","807","860","669","641","0","359","450","544","504","317"
"20241","11110560","평창동","10316","5791","4525","0","1273","2770","3382","2246","645","0","613","1416","1999","1349","414","0","660","1354","1383","897","231"
"20241","11110580","교남동","689","411","278","0","68","180","196","143","102","0","18","91","117","98","87","0","50","89","79","45","15"
"20241","11140605","을지로동","15636","8536","7100","0","3783","3785","3429","2735","1904","0","986","2093","2230","1893","1334","0","2797","1692","1199","842","570"
"20241","11170685","한남동","28708","21055","7653","15","4744","8508","7564","6602","1275","15","2258","5674","6131","5934","1043","0","2486","2834","1433","668","232"
"20241","11140635","약수동","9944","3844","6100","19","1603","3722","2752","1363","485","0","491","1311","913","781","348","19","1112","2411","1839","582","137"
"20241","11200690","성수2가3동","40575","25998","14577","49","6680","10329","10153","8152","5212","49","3704","6900","6833","4917","3595","0","2976","3429","3320","3235","1617"
"20241","11200550","사근동","324","243","81","0","5","56","119","106","38","0","0","37","83","85","38","0","5","19","36","21","0"
"20241","11215830","자양2동","1864","1164","700","0","259","417","499","494","195","0","179","271","290","268","156","0","80","146","209","226","39"
"20241","11200540","마장동","6039","4290","1749","0","487","1069","1386","2007","1090","0","292","742","1009","1423","824","0","195","327","377","584","266"
"20241","11260550","면목5동","837","620","217","0","52","126","244","229","186","0","51","113","119","152","185","0","1","13","125","77","1"
"20241","11230730","휘경2동","844","434","410","0","108","190","220","206","120","0","28","90","116","108","92","0","80","100","104","98","28"
"20241","11305645","우이동","1300","825","475","0","28","71","181","335","685","0","0","30","102","236","457","0","28","41","79","99","228"
"20241","11305615","수유1동","870","390","480","0","47","138","255","294","136","0","0","42","101","129","118","0","47","96","154","165","18"
"20241","11290600","안암동","2475","1658","817","0","312","670","722","549","222","0","160","420","465","406","207","0","152","250","257","143","15"
"20241","11290760","장위1동","390","212","178","0","70","86","102","81","51","0","34","51","51","38","38","0","36","35","51","43","13"
"20241","11290630","정릉2동","1024","425","599","0","152","258","288","233","93","0","13","99","112","109","92","0","139","159","176","124","1"
"20241","11290620","정릉1동","471","264","207","0","42","88","110","141","90","0","0","31","55","89","89","0","42","57","55","52","1"
"20241","11380551","갈현1동","1802","910","892","0","301","427","432","414","228","0","107","219","216","208","160","0","194","208","216","206","68"
"20241","11380632","신사2동","775","567","208","0","75","157","208","198","137","0","64","111","121","136","135","0","11","46","87","62","2"
"20241","11440690","망원1동","2526","1428","1098","0","705","713","534","377","197","0","405","383","262","226","152","0","300","330","272","151","45"
"20241","11470510","목1동","12735","8256","4479","6","2216","3475","3185","2594","1259","4","1037","2276","2256","1863","820","2","1179","1199","929","731","439"
"20241","11500641","방화3동","1716","1110","606","0","167","368","437","471","273","0","84","195","270","329","232","0","83","173","167","142","41"
"20241","11530560","구로5동","10695","6744","3951","2","1512","2515","2776","2368","1522","2","849","1734","1834","1405","920","0","663","781","942","963","602"
"20241","11500593","화곡8동","1483","820","663","0","190","418","448","260","167","0","85","224","224","167","120","0","105","194","224","93","47"
"20241","11530530","구로2동","10444","6475","3969","2","1234","2439","2637","2650","1482","1","570","1448","1584","1747","1125","1","664","991","1053","903","357"
"20241","11545610","독산1동","9731","6253","3478","0","742","1316","1630","2147","3896","0","444","878","1050","1327","2554","0","298","438","580","820","1342"
"20241","11590540","상도2동","805","415","390","0","85","199","217","208","96","0","38","104","113","104","56","0","47","95","104","104","40"
"20241","11620665","서림동","1147","651","496","0","162","208","290","249","238","0","81","109","155","149","157","0","81","99","135","100","81"
"20241","11650531","서초4동","32314","18482","13832","106","6315","9902","8120","5716","2155","45","2399","5657","5270","3593","1518","61","3916","4245","2850","2123","637"
"20241","11680656","도곡2동","114106","78028","36078","535","21806","44841","32782","11818","2324","341","11652","30710","25200","8601","1524","194","10154","14131","7582","3217","800"
"20241","11650560","반포1동","7778","4809","2969","0","1415","2610","1960","1182","611","0","667","1708","1316","656","462","0","748","902","644","526","149"
"20241","11710641","문정1동","26466","20449","6017","0","2405","4938","7625","9988","1510","0","1416","3562","5935","8559","977","0","989","1376","1690","1429","533"
"20241","11740540","명일2동","1737","1190","547","0","208","495","466","366","202","0","106","350","338","235","161","0","102","145","128","131","41"
"20241","11710600","석촌동","6810","4488","2322","0","830","1552","1584","1401","1443","0","480","1118","1066","815","1009","0","350","434","518","586","434"
"20241","11710680","잠실3동","27271","18487","8784","116","4969","6844","6801","5172","3369","54","2589","4736","5029","3704","2375","62","2380","2108","1772","1468","994"
"20241","11110670","창신1동","1699","726","973","0","47","291","578","475","308","0","5","73","193","218","237","0","42","218","385","257","71"
"20241","11110680","창신2동","56","4","52","0","0","0","13","32","11","0","0","0","0","4","0","0","0","0","13","28","11"
"20241","11110690","창신3동","96","40","56","0","8","26","25","32","5","0","1","9","9","16","5","0","7","17","16","16","0"
"20241","11110640","이화동","1345","750","595","0","200","338","352","283","172","0","62","151","211","193","133","0","138","187","141","90","39"
"20241","11140615","신당동","4003","2167","1836","0","1228","845","749","713","468","0","533","448","383","475","328","0","695","397","366","238","140"
"20241","11170570","원효로2동","2630","1920","710","0","416","808","735","425","246","0","241","579","569","324","207","0","175","229","166","101","39"
"20241","11170660","이태원2동","755","430","325","0","113","269","216","104","53","0","53","147","117","60","53","0","60","122","99","44","0"
"20241","11170640","이촌2동","1693","1143","550","0","245","462","500","367","119","0","113","288","375","281","86","0","132","174","125","86","33"
"20241","11170625","한강로동","44336","21895","22441","62","9063","13874","12681","6513","2143","27","3691","6496","6309","3962","1410","35","5372","7378","6372","2551","733"
"20241","11140520","소공동","96440","51200","45240","498","27908","30449","21214","12761","3610","126","9073","15147","15131","9317","2406","372","18835","15302","6083","3444","1204"
"20241","11140680","중림동","2924","1636","1288","0","613","949","767","396","199","0","278","515","430","266","147","0","335","434","337","130","52"
"20241","11200560","행당1동","1334","918","416","0","164","282","346","388","154","0","82","178","242","295","121","0","82","104","104","93","33"
"20241","11200620","금호4가동","419","249","170","0","52","95","117","100","55","0","18","48","77","61","45","0","34","47","40","39","10"
"20241","11230660","장안2동","4530","2436","2094","0","1404","880","925","850","471","0","727","505","431","411","362","0","677","375","494","439","109"
"20241","11230570","전농2동","885","462","423","0","105","184","234","238","124","0","43","86","127","124","82","0","62","98","107","114","42"
"20241","11230705","청량리동","1775","954","821","0","307","538","337","325","268","0","109","313","187","186","159","0","198","225","150","139","109"
"20241","11260600","중화1동","893","475","418","0","84","197","241","218","153","0","24","75","113","128","135","0","60","122","128","90","18"
"20241","11290580","돈암1동","152","71","81","0","44","46","31","22","9","0","11","23","17","12","8","0","33","23","14","10","1"
"20241","11305535","미아동","4013","2324","1689","0","289","706","1241","1212","565","0","89","346","702","760","427","0","200","360","539","452","138"
"20241","11290650","정릉4동","948","588","360","0","56","144","234","316","198","0","10","72","151","216","139","0","46","72","83","100","59"
"20241","11320681","쌍문4동","175","92","83","0","16","40","52","47","20","0","3","19","26","26","18","0","13","21","26","21","2"
"20241","11380640","증산동","1869","1221","648","0","238","503","513","433","182","0","107","333","338","292","151","0","131","170","175","141","31"
"20241","11410700","남가좌2동","903","464","439","0","77","189","270","275","92","0","10","89","128","153","84","0","67","100","142","122","8"
"20241","11410720","북가좌2동","1266","642","624","0","165","250","294","335","222","0","26","127","171","179","139","0","139","123","123","156","83"
"20241","11410615","연희동","21401","14196","7205","0","3384","5345","4614","6001","2057","0","1892","3596","2902","4324","1482","0","1492","1749","1712","1677","575"
"20241","11410565","충현동","11306","7045","4261","0","1398","2898","3003","2692","1315","0","657","1760","1909","1774","945","0","741","1138","1094","918","370"
"20241","11410520","천연동","913","491","422","0","68","146","243","327","129","0","17","66","137","191","80","0","51","80","106","136","49"
"20241","11380560","구산동","1455","777","678","0","169","270","323","474","219","0","66","121","151","294","145","0","103","149","172","180","74"
"20241","11380650","수색동","244","158","86","0","31","66","60","48","39","0","15","43","38","31","31","0","16","23","22","17","8"
"20241","11440680","합정동","5432","3054","2378","0","887","1599","1455","984","507","0","330","786","912","657","369","0","557","813","543","327","138"
"20241","11470560","신월1동","1782","1174","608","0","137","307","419","613","306","0","76","191","250","414","243","0","61","116","169","199","63"
"20241","11470570","신월2동","1190","691","499","0","91","193","323","332","251","0","53","116","164","178","180","0","38","77","159","154","71"
"20241","11440630","신수동","2170","1233","937","0","263","605","610","533","159","0","97","284","350","371","131","0","166","321","260","162","28"
"20241","11470611","신월7동","2299","1509","790","0","248","381","469","549","652","0","186","289","313","331","390","0","62","92","156","218","262"
"20241","11500603","가양1동","2416","1516","900","0","252","505","556","588","515","0","101","310","337","384","384","0","151","195","219","204","131"
"20241","11500605","가양3동","1182","761","421","2","198","262","332","246","142","1","130","175","213","146","96","1","68","87","119","100","46"
"20241","11530770","오류1동","2151","1374","777","0","275","401","535","627","313","0","201","276","321","356","220","0","74","125","214","271","93"
"20241","11545510","가산동","95655","62951","32704","283","18856","29752","23688","14009","9067","185","10008","19990","17091","9311","6366","98","8848","9762","6597","4698","2701"
"20241","11560605","문래동","71867","52241","19626","32","11101","23517","22164","11324","3729","6","6202","17886","18113","7686","2348","26","4899","5631","4051","3638","1381"
"20241","11560680","신길6동","1442","930","512","0","138","347","388","317","252","0","69","221","237","209","194","0","69","126","151","108","58"
"20241","11560620","양평2동","11342","6502","4840","0","2061","3101","3143","1963","1074","0","894","1873","1781","1158","796","0","1167","1228","1362","805","278"
"20241","11590560","상도4동","710","424","286","0","83","171","186","177","93","0","39","99","109","128","49","0","44","72","77","49","44"
"20241","11590530","상도1동","2227","1282","945","0","354","543","540","492","298","0","152","302","327","299","202","0","202","241","213","193","96"
"20241","11680630","대치4동","31032","19078","11954","67","4984","9245","8439","5292","3005","0","2142","5591","5771","3707","1867","67","2842","3654","2668","1585","1138"
"20241","11680510","신사동","25038","14951","10087","0","5207","7580","6409","3823","2019","0","2025","4624","4287","2509","1506","0","3182","2956","2122","1314","513"
"20241","11680690","개포4동","6678","4824","1854","0","809","1516","1891","1595","867","0","402","1015","1435","1247","725","0","407","501","456","348","142"
"20241","11680670","개포2동","8731","5723","3008","4","1535","2490","2091","1621","990","0","820","1664","1440","1034","765","4","715","826","651","587","225"
"20241","11680650","역삼2동","68537","40632","27905","152","15811","19055","16307","12155","5057","43","7630","12199","10844","6356","3560","109","8181","6856","5463","5799","1497"
"20241","11710561","방이1동","8432","6181","2251","0","874","1654","2217","2258","1429","0","420","1055","1654","1811","1241","0","454","599","563","447","188"
"20241","11710562","방이2동","40058","23009","17049","7","6471","10275","9044","8561","5700","7","3632","6681","5532","4014","3143","0","2839","3594","3512","4547","2557"
"20241","11710532","거여2동","1196","618","578","0","150","198","297","359","192","0","84","117","150","163","104","0","66","81","147","196","88"
"20241","11680660","개포1동","1310","805","505","5","206","347","341","271","140","2","93","192","235","183","100","3","113","155","106","88","40"
"20241","11710646","장지동","3218","2180","1038","0","351","512","766","847","742","0","193","341","508","589","549","0","158","171","258","258","193"
"20241","11740550","고덕1동","653","337","316","0","74","143","169","156","111","0","33","80","82","71","71","0","41","63","87","85","40"
"20241","11710710","잠실6동","59905","31919","27986","111","9537","15898","17089","15283","1987","31","4414","9772","9864","6342","1496","80","5123","6126","7225","8941","491"
"20241","11710566","오륜동","15516","8991","6525","17","2517","4692","4029","3106","1155","5","1014","2440","2590","2057","885","12","1503","2252","1439","1049","270"
"20241","11110515","청운효자동","5377","3480","1897","1","988","1564","1499","958","367","0","431","980","1114","694","261","1","557","584","385","264","106"
"20241","11140665","동화동","1010","451","559","0","165","241","258","219","127","0","47","80","126","118","80","0","118","161","132","101","47"
"20241","11110540","삼청동","3669","3043","626","0","438","986","1160","876","209","0","284","763","1005","792","199","0","154","223","155","84","10"
"20241","11200590","금호1가동","1330","486","844","6","156","438","542","155","33","0","45","145","212","60","24","6","111","293","330","95","9"
"20241","11170520","용산2가동","415","312","103","0","5","69","172","164","5","0","0","37","138","132","5","0","5","32","34","32","0"
"20241","11200650","성수1가1동","2207","1375","832","0","274","467","495","593","378","0","125","290","315","403","242","0","149","177","180","190","136"
"20241","11200670","성수2가1동","7294","4668","2626","17","1689","2131","1695","1190","572","9","756","1383","1164","851","505","8","933","748","531","339","67"
"20241","11140580","장충동","5048","2670","2378","4","1160","1388","1309","970","217","0","409","777","777","561","146","4","751","611","532","409","71"
"20241","11215847","자양4동","329","275","54","0","0","22","85","104","118","0","0","18","59","80","118","0","0","4","26","24","0"
"20241","11215820","자양1동","7514","5952","1562","0","497","1061","2050","3078","828","0","218","691","1645","2673","725","0","279","370","405","405","103"
"20241","11260575","면목3?8동","1509","983","526","0","105","262","412","433","297","0","18","138","250","327","250","0","87","124","162","106","47"
"20241","11230710","회기동","40","17","23","0","0","8","14","11","7","0","0","0","6","4","7","0","0","8","8","7","0"
"20241","11230720","휘경1동","682","425","257","0","55","139","180","180","128","0","14","88","118","129","76","0","41","51","62","51","52"
"20241","11260565","면목본동","752","415","337","0","56","193","213","201","89","0","0","98","114","114","89","0","56","95","99","87","0"
"20241","11320670","쌍문2동","838","486","352","0","77","142","209","260","150","0","10","67","109","167","133","0","67","75","100","93","17"
"20241","11320660","쌍문1동","650","315","335","0","53","100","188","203","106","0","0","33","70","106","106","0","53","67","118","97","0"
"20241","11350600","공릉2동","2062","953","1109","0","342","519","504","483","214","0","103","236","236","239","139","0","239","283","268","244","75"
"20241","11320511","창1동","807","363","444","0","107","164","221","226","89","0","36","65","97","105","60","0","71","99","124","121","29"
"20241","11350611","하계1동","439","276","163","0","50","93","109","127","60","0","23","54","64","88","47","0","27","39","45","39","13"
"20241","11320710","방학3동","923","556","367","0","160","211","217","213","122","0","102","121","138","103","92","0","58","90","79","110","30"
"20241","11410685","홍은2동","1905","1237","668","0","303","524","472","411","195","0","176","340","302","271","148","0","127","184","170","140","47"
"20241","11350624","중계4동","1023","565","458","0","96","210","241","274","202","0","35","101","127","147","155","0","61","109","114","127","47"
"20241","11350580","월계3동","63","33","30","0","6","12","18","18","9","0","3","6","9","9","6","0","3","6","9","9","3"
"20241","11380510","녹번동","2119","1129","990","0","230","496","588","572","233","0","109","238","279","344","159","0","121","258","309","228","74"
"20241","11470590","신월4동","960","654","306","0","32","115","229","322","262","0","11","63","129","219","232","0","21","52","100","103","30"
"20241","11470600","신월5동","1297","733","564","0","140","342","341","338","136","0","65","171","178","201","118","0","75","171","163","137","18"
"20241","11500520","등촌1동","4511","2729","1782","0","900","1179","1002","805","625","0","330","749","698","533","419","0","570","430","304","272","206"
"20241","11500535","등촌3동","10445","5539","4906","0","1309","2231","2338","2582","1985","0","576","1217","1365","1257","1124","0","733","1014","973","1325","861"
"20241","11500640","방화2동","1685","1181","504","0","129","321","390","484","361","0","79","210","269","317","306","0","50","111","121","167","55"
"20241","11500615","우장산동","2596","1441","1155","0","570","585","557","547","337","0","213","341","332","330","225","0","357","244","225","217","112"
"20241","11530730","고척2동","1156","743","413","0","106","267","310","325","148","0","74","170","183","187","129","0","32","97","127","138","19"
"20241","11530550","구로4동","1050","582","468","0","85","224","270","268","203","0","28","128","140","140","146","0","57","96","130","128","57"
"20241","11470630","신정2동","20043","11522","8521","4","3632","6521","5379","3543","964","0","1470","3585","3332","2362","773","4","2162","2936","2047","1181","191"
"20241","11545670","시흥1동","3572","1926","1646","0","528","853","851","897","443","0","244","426","426","507","323","0","284","427","425","390","120"
"20241","11560670","신길5동","785","379","406","0","51","176","276","205","77","0","20","78","101","104","76","0","31","98","175","101","1"
"20241","11560610","양평1동","8546","4969","3577","4","1697","1985","1904","1717","1239","0","867","1270","1140","884","808","4","830","715","764","833","431"
"20241","11620685","신사동","3039","2125","914","0","493","903","913","537","193","0","219","619","723","418","146","0","274","284","190","119","47"
"20241","11620655","신원동","432","275","157","0","8","100","129","124","71","0","8","58","83","78","48","0","0","42","46","46","23"
"20241","11620735","대학동","396","336","60","0","40","105","122","105","24","0","27","81","109","95","24","0","13","24","13","10","0"
"20241","11620525","보라매동","8912","4593","4319","0","1090","2068","2150","2290","1314","0","417","1051","1099","1085","941","0","673","1017","1051","1205","373"
"20241","11620725","조원동","2571","1609","962","0","494","638","630","551","258","0","227","413","403","374","192","0","267","225","227","177","66"
"20241","11650621","방배4동","14768","9129","5639","0","2559","4085","3682","2821","1621","0","1082","2405","2494","1977","1171","0","1477","1680","1188","844","450"
"20241","11650590","방배본동","16801","9303","7498","36","3151","4342","4477","3005","1790","36","1068","2264","2609","1955","1371","0","2083","2078","1868","1050","419"
"20241","11590650","사당4동","793","419","374","0","70","118","180","148","277","0","29","61","75","66","188","0","41","57","105","82","89"
"20241","11680531","논현2동","56378","36111","20267","0","10816","16385","13654","9141","6382","0","4704","9805","9712","6968","4922","0","6112","6580","3942","2173","1460"
"20241","11680610","대치2동","84405","47202","37203","501","15329","23218","19449","15907","10001","217","7058","14207","12498","8214","5008","284","8271","9011","6951","7693","4993"
"20241","11680545","압구정동","37832","21271","16561","140","8406","11813","8694","5698","3081","35","3120","6640","5844","3730","1902","105","5286","5173","2850","1968","1179"
"20241","11650581","반포4동","63769","56313","7456","13","6374","13553","17207","23722","2900","3","4843","11276","15276","22550","2365","10","1531","2277","1931","1172","535"
"20241","11650550","반포본동","6068","3302","2766","12","1002","2001","1732","1039","282","7","366","1091","971","650","217","5","636","910","761","389","65"
"20241","11710620","가락본동","24272","14661","9611","0","3301","5848","5560","4765","4798","0","1578","3644","3720","2761","2958","0","1723","2204","1840","2004","1840"
"20241","11680590","삼성2동","54523","31356","23167","51","11003","17708","13865","7714","4182","16","4563","10420","9261","4333","2763","35","6440","7288","4604","3381","1419"
"20241","11710632","가락2동","5913","3966","1947","0","786","1251","1177","1111","1588","0","464","850","777","662","1213","0","322","401","400","449","375"
"20241","11740515","강일동","149","100","49","0","20","31","43","38","17","0","10","22","28","25","15","0","10","9","15","13","2"
"20241","11740600","천호1동","5665","3330","2335","0","439","1033","1447","1387","1359","0","133","532","732","860","1073","0","306","501","715","527","286"
"20241","11740620","천호3동","827","482","345","0","24","74","133","143","453","0","4","32","66","74","306","0","20","42","67","69","147"
"20241","11740640","성내1동","11908","8086","3822","0","1414","2494","2569","3068","2363","0","810","1558","1682","2219","1817","0","604","936","887","849","546"
"20241","11140550","명동","127964","74078","53886","25","20947","43132","34747","22800","6313","0","8365","22222","22388","16811","4292","25","12582","20910","12359","5989","2021"
"20241","11110710","숭인2동","1439","731","708","0","204","250","348","353","284","0","53","116","196","212","154","0","151","134","152","141","130"
"20241","11140670","황학동","918","675","243","0","117","277","259","167","98","0","90","178","169","140","98","0","27","99","90","27","0"
"20241","11200660","성수1가2동","4957","3435","1522","0","790","1011","1047","1084","1025","0","474","674","677","778","832","0","316","337","370","306","193"
"20241","11215860","구의2동","1846","1169","677","0","260","317","479","506","284","0","131","177","319","333","209","0","129","140","160","173","75"
"20241","11200570","행당2동","3","0","3","0","0","1","1","1","0","0","0","0","0","0","0","0","0","1","1","1","0"
"20241","11230600","답십리1동","1771","852","919","0","255","366","493","475","182","0","173","244","177","130","128","0","82","122","316","345","54"
"20241","11230560","전농1동","387","311","76","0","17","40","138","147","45","0","15","30","119","118","29","0","2","10","19","29","16"
"20241","11260540","면목4동","396","338","58","0","6","50","122","171","47","0","2","38","96","155","47","0","4","12","26","16","0"
"20241","11260610","중화2동","372","249","123","0","10","23","122","94","123","0","4","10","61","61","113","0","6","13","61","33","10"
"20241","11290590","돈암2동","446","272","174","1","69","107","142","80","47","0","32","64","96","59","21","1","37","43","46","21","26"
"20241","11290810","석관동","1554","1144","410","0","43","191","284","332","704","0","20","138","172","226","588","0","23","53","112","106","116"
"20241","11290725","월곡2동","3056","1939","1117","0","488","877","749","536","406","0","244","572","451","321","351","0","244","305","298","215","55"
"20241","11305635","수유3동","2578","1325","1253","0","200","650","702","721","305","0","51","273","325","450","226","0","149","377","377","271","79"
"20241","11305575","삼각산동","269","146","123","0","48","74","92","38","17","0","18","42","50","19","17","0","30","32","42","19","0"
"20241","11305625","수유2동","1213","668","545","0","10","32","246","393","532","0","0","19","162","273","214","0","10","13","84","120","318"
"20241","11320700","방학2동","420","192","228","0","5","94","106","94","121","0","0","47","49","47","49","0","5","47","57","47","72"
"20241","11290780","장위3동","283","174","109","0","36","53","65","74","55","0","8","28","37","46","55","0","28","25","28","28","0"
"20241","11290640","정릉3동","238","194","44","0","29","81","60","45","23","0","21","62","52","40","19","0","8","19","8","5","4"
"20241","11350700","상계8동","526","276","250","0","73","153","129","119","52","0","26","97","54","65","34","0","47","56","75","54","18"
"20241","11320522","도봉2동","608","390","218","0","22","66","106","157","257","0","6","33","59","102","190","0","16","33","47","55","67"
"20241","11470580","신월3동","861","507","354","0","67","160","199","277","158","0","19","64","103","179","142","0","48","96","96","98","16"
"20241","11410640","홍제3동","618","300","318","0","35","61","125","174","223","0","1","21","52","93","133","0","34","40","73","81","90"
"20241","11500591","화곡6동","5092","3250","1842","0","710","1375","1312","1159","536","0","354","876","835","771","414","0","356","499","477","388","122"
"20241","11500510","염창동","2236","1041","1195","0","350","657","664","381","184","0","126","288","268","212","147","0","224","369","396","169","37"
"20241","11545700","시흥4동","1085","662","423","0","175","230","323","274","83","0","110","161","194","126","71","0","65","69","129","148","12"
"20241","11560560","당산2동","10350","6927","3423","0","1619","2332","2517","2296","1586","0","821","1454","1754","1684","1214","0","798","878","763","612","372"
"20241","11560650","신길3동","362","307","55","0","1","42","91","107","121","0","0","37","72","82","116","0","1","5","19","25","5"
"20241","11590670","신대방1동","3097","1965","1132","0","590","993","725","496","293","0","301","642","500","322","200","0","289","351","225","174","93"
"20241","11590680","신대방2동","10847","6910","3937","14","1979","2262","2031","2543","2018","7","1499","1740","1296","1294","1074","7","480","522","735","1249","944"
"20241","11620765","미성동","2391","1432","959","0","193","418","589","648","543","0","134","252","330","334","382","0","59","166","259","314","161"
"20241","11590640","사당3동","954","562","392","0","110","214","264","224","142","0","38","115","164","134","111","0","72","99","100","90","31"
"20241","11650520","서초2동","56400","37468","18932","86","11821","18627","14132","8646","3088","15","6461","12575","9718","6487","2212","71","5360","6052","4414","2159","876"
"20241","11680521","논현1동","38707","22656","16051","0","10140","11648","8247","5387","3285","0","4325","6918","5556","3465","2392","0","5815","4730","2691","1922","893"
"20241","11680565","청담동","51520","29529","21991","14","10757","17061","12827","7753","3108","0","4054","9745","8434","5124","2172","14","6703","7316","4393","2629","936"
"20241","11710610","삼전동","3830","2573","1257","0","455","872","862","780","861","0","261","565","559","475","713","0","194","307","303","305","148"
"20241","11710631","가락1동","4765","3333","1432","0","324","885","1313","1366","877","0","218","677","967","897","574","0","106","208","346","469","303"
"20241","11710570","오금동","20030","13974","6056","0","2665","4763","5068","4822","2712","0","1563","3204","3728","3641","1838","0","1102","1559","1340","1181","874"
"20241","11710540","마천1동","503","247","256","0","25","119","168","161","30","0","0","56","83","78","30","0","25","63","85","83","0"
"20241","11740580","암사2동","1720","626","1094","0","174","282","410","512","342","0","59","131","167","148","121","0","115","151","243","364","221"
"20241","11710510","풍납1동","549","325","224","0","59","124","156","157","53","0","34","72","84","85","50","0","25","52","72","72","3"
"20241","11740570","암사1동","2183","1341","842","0","281","470","462","436","534","0","139","307","294","294","307","0","142","163","168","142","227"
"20241","11740650","성내2동","1700","1132","568","0","270","358","403","340","329","0","201","235","236","234","226","0","69","123","167","106","103"
"20241","11110615","종로1?2?3?4가동","118299","65214","53085","1530","23988","36135","32492","18536","5618","635","10442","18152","19058","13083","3844","895","13546","17983","13434","5453","1774"
"20241","11170590","용문동","2629","1529","1100","0","512","716","730","490","181","0","212","422","436","332","127","0","300","294","294","158","54"
"20241","11170560","원효로1동","2820","1931","889","0","436","773","741","524","346","0","256","554","518","360","243","0","180","219","223","164","103"
"20241","11170555","청파동","3005","1625","1380","0","451","778","729","649","398","0","147","358","391","404","325","0","304","420","338","245","73"
"20241","11200645","옥수동","4558","1770","2788","0","1170","1349","1030","689","320","0","300","499","482","325","164","0","870","850","548","364","156"
"20241","11200520","왕십리2동","1014","623","391","0","120","270","298","233","93","0","60","146","184","149","84","0","60","124","114","84","9"
"20241","11200790","용답동","2774","1712","1062","8","714","796","574","430","252","0","303","526","395","278","210","8","411","270","179","152","42"
"20241","11215850","구의1동","2605","1581","1024","0","363","675","734","605","228","0","194","393","403","396","195","0","169","282","331","209","33"
"20241","11215730","군자동","906","500","406","0","97","195","214","204","196","0","32","103","123","111","131","0","65","92","91","93","65"
"20241","11230610","답십리2동","2640","1941","699","0","408","599","628","554","451","0","321","463","453","379","325","0","87","136","175","175","126"
"20241","11215740","중곡1동","3334","1621","1713","9","889","644","665","794","333","0","379","343","328","318","253","9","510","301","337","476","80"
"20241","11230650","장안1동","12921","8194","4727","0","1731","2554","2803","2866","2967","0","1047","1656","1757","1733","2001","0","684","898","1046","1133","966"
"20241","11215770","중곡4동","2743","1354","1389","0","472","677","713","646","235","0","126","314","347","348","219","0","346","363","366","298","16"
"20241","11260620","묵1동","766","363","403","0","65","189","235","192","85","0","17","90","102","90","64","0","48","99","133","102","21"
"20241","11260690","신내2동","956","532","424","0","127","240","235","238","116","0","53","113","122","154","90","0","74","127","113","84","26"
"20241","11260580","상봉1동","1360","991","369","0","140","229","289","378","324","0","100","150","167","270","304","0","40","79","122","108","20"
"20241","11305534","삼양동","91","65","26","0","4","12","23","25","27","0","0","5","13","20","27","0","4","7","10","5","0"
"20241","11320690","방학1동","6018","3502","2516","0","594","1337","1482","1810","795","0","324","770","770","1030","608","0","270","567","712","780","187"
"20241","11320680","쌍문3동","886","401","485","0","194","207","227","215","43","0","31","93","116","123","38","0","163","114","111","92","5"
"20241","11320512","창2동","851","503","348","0","92","198","243","208","110","0","40","125","134","107","97","0","52","73","109","101","13"
"20241","11350595","공릉1동","15186","8203","6983","0","1619","2325","3307","4196","3739","0","734","1261","1642","2182","2384","0","885","1064","1665","2014","1355"
"20241","11350560","월계1동","919","497","422","0","148","220","238","180","133","0","66","131","119","91","90","0","82","89","119","89","43"
"20241","11320515","창5동","4176","2648","1528","0","477","933","1026","895","845","0","245","645","694","492","572","0","232","288","332","403","273"
"20241","11350640","상계2동","1611","792","819","0","175","269","426","429","312","0","43","162","202","204","181","0","132","107","224","225","131"
"20241","11380552","갈현2동","2652","1365","1287","0","240","525","720","726","441","0","110","294","341","318","302","0","130","231","379","408","139"
"20241","11350710","상계9동","925","582","343","0","117","233","232","261","82","0","64","147","136","172","63","0","53","86","96","89","19"
"20241","11380600","응암3동","1099","530","569","0","68","276","346","285","124","0","10","138","157","128","97","0","58","138","189","157","27"
"20241","11410620","홍제1동","3933","2008","1925","0","424","597","1002","1351","559","0","115","267","521","749","356","0","309","330","481","602","203"
"20241","11440585","도화동","11978","7284","4694","0","2208","2925","3019","2682","1144","0","1152","2009","1988","1396","739","0","1056","916","1031","1286","405"
"20241","11440655","서강동","3133","1984","1149","0","533","769","751","619","461","0","260","460","502","415","347","0","273","309","249","204","114"
"20241","11440610","염리동","1815","1219","596","6","352","412","370","399","276","2","177","281","281","281","197","4","175","131","89","118","79"
"20241","11440720","성산1동","4919","3264","1655","0","617","1031","1131","967","1173","0","307","641","718","672","926","0","310","390","413","295","247"
"20241","11500620","공항동","3909","2051","1858","0","652","1297","1078","767","115","0","151","538","630","636","96","0","501","759","448","131","19"
"20241","11470550","목5동","11086","6747","4339","34","1799","2869","2683","2324","1377","17","829","1728","1695","1522","956","17","970","1141","988","802","421"
"20241","11500611","발산1동","5632","3305","2327","0","288","798","1537","1890","1119","0","113","401","738","1109","944","0","175","397","799","781","175"
"20241","11500560","화곡3동","2590","1598","992","0","361","621","662","596","350","0","194","413","403","337","251","0","167","208","259","259","99"
"20241","11530540","구로3동","57713","37866","19847","191","12001","19470","14636","7163","4252","128","6068","12921","10322","5006","3421","63","5933","6549","4314","2157","831"
"20241","11545710","시흥5동","978","605","373","0","118","240","269","208","143","0","63","167","167","106","102","0","55","73","102","102","41"
"20241","11560585","도림동","473","342","131","0","10","71","127","143","122","0","0","50","91","100","101","0","10","21","36","43","21"
"20241","11560515","영등포본동","2560","1468","1092","0","349","644","673","631","263","0","141","328","387","400","212","0","208","316","286","231","51"
"20241","11590550","상도3동","652","392","260","0","24","130","195","158","145","0","15","99","122","79","77","0","9","31","73","79","68"
"20241","11620695","신림동","1202","725","477","0","58","167","305","287","385","0","8","87","165","165","300","0","50","80","140","122","85"
"20241","11620630","남현동","3437","2290","1147","0","575","866","934","679","383","0","317","588","658","448","279","0","258","278","276","231","104"
"20241","11650660","내곡동","1190","776","414","0","170","247","252","257","264","0","120","180","172","149","155","0","50","67","80","108","109"
"20241","11620595","청룡동","3423","1885","1538","0","555","986","828","789","265","0","211","504","458","517","195","0","344","482","370","272","70"
"20241","11620615","중앙동","1013","462","551","0","104","178","235","302","194","0","35","87","108","140","92","0","69","91","127","162","102"
"20241","11650530","서초3동","55705","33079","22626","10","9598","16715","14298","10172","4912","0","4061","9736","9137","6627","3518","10","5537","6979","5161","3545","1394"
"20241","11650570","반포2동","2380","1418","962","4","400","739","618","399","220","2","175","447","398","241","155","2","225","292","220","158","65"
"20241","11680700","세곡동","224","142","82","0","4","36","45","75","64","0","1","19","28","47","47","0","3","17","17","28","17"
"20241","11680750","수서동","15898","8389","7509","16","2265","4281","4274","3160","1902","9","1013","2302","2241","1682","1142","7","1252","1979","2033","1478","760"
"20241","11680730","일원1동","1322","732","590","0","161","248","310","293","310","0","69","132","160","154","217","0","92","116","150","139","93"
"20241","11740610","천호2동","2423","1262","1161","0","249","529","629","591","425","0","90","243","312","295","322","0","159","286","317","296","103"
"20241","11740520","상일동","1339","678","661","0","197","302","328","352","160","0","71","151","196","159","101","0","126","151","132","193","59"
"20241","11710670","잠실2동","3642","2426","1216","2","699","1057","956","727","201","2","438","742","649","478","117","0","261","315","307","249","84"
"20242","11110630","종로5?6가동","18119","11326","6793","400","4275","5242","4463","2757","982","76","1772","3372","3267","2139","700","324","2503","1870","1196","618","282"
"20242","11140625","다산동","5954","3783","2171","0","1053","1917","1452","1038","494","0","433","1319","1023","638","370","0","620","598","429","400","124"
"20242","11170700","보광동","316","168","148","0","31","66","98","87","34","0","0","31","53","53","31","0","31","35","45","34","3"
"20242","11110550","부암동","1055","591","464","0","177","310","291","201","76","0","70","172","165","126","58","0","107","138","126","75","18"
"20242","11140540","회현동","85852","53079","32773","161","16113","30338","23534","12471","3235","32","7524","18100","15335","9829","2259","129","8589","12238","8199","2642","976"
"20242","11170580","효창동","1148","663","485","0","158","297","316","250","127","0","78","174","190","126","95","0","80","123","126","124","32"
"20242","11170510","후암동","1618","964","654","0","235","366","465","383","169","0","77","217","307","225","138","0","158","149","158","158","31"
"20242","11200615","금호2?3가동","238","132","106","0","23","35","58","59","63","0","0","9","29","35","59","0","23","26","29","24","4"
"20242","11215870","구의3동","7778","4744","3034","0","918","1641","1879","1961","1379","0","521","1148","1274","1015","786","0","397","493","605","946","593"
"20242","11230750","이문2동","217","117","100","0","24","49","49","56","39","0","7","24","24","31","31","0","17","25","25","25","8"
"20242","11260520","면목2동","2968","1720","1248","0","126","479","695","990","678","0","0","213","355","583","569","0","126","266","340","407","109"
"20242","11260590","상봉2동","3451","2431","1020","0","410","897","1164","794","186","0","237","637","785","591","181","0","173","260","379","203","5"
"20242","11260660","망우3동","196","112","84","0","2","15","54","78","47","0","0","3","21","44","44","0","2","12","33","34","3"
"20242","11215710","화양동","750","511","239","0","83","112","195","246","114","0","26","60","138","180","107","0","57","52","57","66","7"
"20242","11260680","신내1동","1252","597","655","0","219","277","230","336","190","0","56","116","109","165","151","0","163","161","121","171","39"
"20242","11290555","삼선동","3678","1837","1841","0","378","891","1124","924","361","0","117","378","540","584","218","0","261","513","584","340","143"
"20242","11290715","월곡1동","1214","758","456","0","48","145","250","269","502","0","5","72","129","179","373","0","43","73","121","90","129"
"20242","11305603","번2동","1063","503","560","0","129","127","306","342","159","0","48","69","130","165","91","0","81","58","176","177","68"
"20242","11305608","번3동","511","281","230","0","52","83","125","148","103","0","19","40","70","82","70","0","33","43","55","66","33"
"20242","11290770","장위2동","668","452","216","0","8","110","189","184","177","0","0","55","111","124","162","0","8","55","78","60","15"
"20242","11350630","상계1동","3429","2169","1260","0","398","714","820","873","624","0","236","478","532","538","385","0","162","236","288","335","239"
"20242","11350695","상계6?7동","7209","3192","4017","0","1013","1698","1857","1839","802","0","263","648","838","992","451","0","750","1050","1019","847","351"
"20242","11350670","상계5동","866","436","430","0","5","39","150","247","425","0","1","27","59","107","242","0","4","12","91","140","183"
"20242","11350570","월계2동","21","10","11","0","2","5","6","6","2","0","0","2","3","3","2","0","2","3","3","3","0"
"20242","11350619","중계본동","642","308","334","0","67","131","162","194","88","0","32","66","69","86","55","0","35","65","93","108","33"
"20242","11380625","역촌동","2751","1312","1439","0","447","553","732","640","379","0","152","245","348","304","263","0","295","308","384","336","116"
"20242","11410710","북가좌1동","326","273","53","0","1","9","33","72","211","0","0","3","15","52","203","0","1","6","18","20","8"
"20242","11350625","중계2?3동","1011","562","449","0","136","262","258","258","97","0","81","155","132","134","60","0","55","107","126","124","37"
"20242","11470540","목4동","1884","1172","712","0","211","427","568","481","197","0","81","261","338","309","183","0","130","166","230","172","14"
"20242","11470530","목3동","1514","836","678","0","198","332","405","366","213","0","99","192","221","184","140","0","99","140","184","182","73"
"20242","11470680","신정7동","353","208","145","0","42","84","108","79","40","0","19","47","65","48","29","0","23","37","43","31","11"
"20242","11500590","화곡본동","2162","1261","901","0","192","425","541","545","459","0","57","253","315","289","347","0","135","172","226","256","112"
"20242","11530780","오류2동","714","443","271","0","65","162","186","185","116","0","29","94","108","118","94","0","36","68","78","67","22"
"20242","11530790","수궁동","1304","903","401","0","120","252","306","375","251","0","75","163","196","260","209","0","45","89","110","115","42"
"20242","11560550","당산1동","5713","3446","2267","0","976","1633","1279","1048","777","0","387","911","807","742","599","0","589","722","472","306","178"
"20242","11530510","신도림동","15684","10325","5359","0","2575","4881","3830","2852","1546","0","1067","3324","2768","1981","1185","0","1508","1557","1062","871","361"
"20242","11560630","신길1동","3295","1408","1887","0","572","815","743","647","518","0","149","387","347","264","261","0","423","428","396","383","257"
"20242","11590620","사당1동","2903","1557","1346","0","475","738","797","528","365","0","137","361","402","331","326","0","338","377","395","197","39"
"20242","11590520","노량진2동","3154","1642","1512","0","505","931","765","647","306","0","264","409","350","415","204","0","241","522","415","232","102"
"20242","11545680","시흥2동","732","429","303","0","75","148","183","217","109","0","41","85","103","126","74","0","34","63","80","91","35"
"20244","11110560","평창동","14903","8370","6533","0","1838","4002","4877","3247","939","0","887","2053","2881","1947","602","0","951","1949","1996","1300","337"
"20244","11140665","동화동","1303","581","722","0","208","313","342","282","158","0","56","102","169","152","102","0","152","211","173","130","56"
"20244","11140680","중림동","3863","2163","1700","0","813","1254","1015","521","260","0","369","678","570","349","197","0","444","576","445","172","63"
"20244","11140670","황학동","796","612","184","0","87","255","233","133","88","0","78","167","155","124","88","0","9","88","78","9","0"
"20244","11170580","효창동","1419","829","590","0","195","372","395","307","150","0","97","220","241","154","117","0","98","152","154","153","33"
"20244","11200590","금호1가동","1732","633","1099","5","205","574","709","199","40","0","59","190","276","77","31","5","146","384","433","122","9"
"20244","11200550","사근동","438","330","108","0","6","73","161","145","53","0","0","50","113","115","52","0","6","23","48","30","1"
"20244","11215830","자양2동","2506","1569","937","0","346","565","672","665","258","0","241","365","388","360","215","0","105","200","284","305","43"
"20244","11215840","자양3동","1753","1311","442","0","196","468","506","452","131","0","127","338","383","345","118","0","69","130","123","107","13"
"20244","11260610","중화2동","361","262","99","0","2","11","126","87","135","0","1","3","63","63","132","0","1","8","63","24","3"
"20244","11305603","번2동","364","174","190","0","40","37","110","126","51","0","15","20","46","62","31","0","25","17","64","64","20"
"20244","11320690","방학1동","3898","2269","1629","0","390","861","959","1181","507","0","216","499","499","669","386","0","174","362","460","512","121"
"20244","11320670","쌍문2동","851","508","343","0","71","138","210","276","156","0","5","66","111","182","144","0","66","72","99","94","12"
"20244","11320511","창1동","785","351","434","0","101","161","216","220","87","0","32","63","94","102","60","0","69","98","122","118","27"
"20244","11350670","상계5동","1381","696","685","0","4","49","246","407","675","0","0","36","99","178","383","0","4","13","147","229","292"
"20244","11380560","구산동","1973","1056","917","0","225","366","445","641","296","0","86","164","209","399","198","0","139","202","236","242","98"
"20244","11440600","대흥동","3405","1675","1730","0","1423","786","486","458","252","0","543","404","270","278","180","0","880","382","216","180","72"
"20244","11440740","상암동","16189","9996","6193","11","3426","5957","4431","1808","556","3","1501","3769","2953","1290","480","8","1925","2188","1478","518","76"
"20244","11440730","성산2동","1511","675","836","0","103","292","424","501","191","0","29","144","191","194","117","0","74","148","233","307","74"
"20244","11470560","신월1동","2220","1482","738","0","145","385","531","783","376","0","81","242","317","532","310","0","64","143","214","251","66"
"20244","11500535","등촌3동","12234","6484","5750","0","1532","2610","2740","3030","2322","0","674","1424","1600","1473","1313","0","858","1186","1140","1557","1009"
"20244","11500615","우장산동","3048","1696","1352","0","663","691","659","640","395","0","244","403","394","390","265","0","419","288","265","250","130"
"20244","11530720","고척1동","2091","1505","586","0","178","424","560","637","292","0","93","289","393","484","246","0","85","135","167","153","46"
"20244","11530540","구로3동","62687","41149","21538","196","13038","21165","15911","7771","4606","136","6594","14051","11226","5433","3709","60","6444","7114","4685","2338","897"
"20244","11530790","수궁동","1732","1206","526","0","150","327","410","508","337","0","96","212","265","349","284","0","54","115","145","159","53"
"20244","11560605","문래동","65200","47342","17858","23","10086","21308","20093","10272","3418","3","5624","16203","16404","6958","2150","20","4462","5105","3689","3314","1268"
"20244","11560670","신길5동","626","304","322","0","36","140","221","168","61","0","13","62","84","84","61","0","23","78","137","84","0"
"20244","11560690","신길7동","2276","1568","708","0","256","439","512","661","408","0","157","301","349","427","334","0","99","138","163","234","74"
"20244","11560620","양평2동","14874","8538","6336","0","2707","4073","4130","2572","1392","0","1172","2463","2345","1522","1036","0","1535","1610","1785","1050","356"
"20244","11560535","영등포동","14034","7872","6162","0","2566","3490","3364","2777","1837","0","929","1950","2105","1645","1243","0","1637","1540","1259","1132","594"
"20244","11590640","사당3동","1114","648","466","0","130","250","304","264","166","0","48","132","185","153","130","0","82","118","119","111","36"
"20244","11590560","상도4동","940","584","356","0","100","228","259","243","110","0","48","135","158","185","58","0","52","93","101","58","52"
"20244","11620775","난곡동","981","573","408","0","38","216","249","354","124","0","2","110","124","215","122","0","36","106","125","139","2"
"20244","11620735","대학동","590","507","83","0","56","156","186","161","31","0","40","123","167","146","31","0","16","33","19","15","0"
"20244","11620525","보라매동","1644","847","797","0","190","388","403","431","232","0","64","198","205","203","177","0","126","190","198","228","55"
"20244","11620685","신사동","3137","2229","908","0","499","950","960","550","178","0","219","659","772","437","142","0","280","291","188","113","36"
"20244","11620625","인헌동","1623","950","673","0","339","486","428","244","126","0","152","299","260","124","115","0","187","187","168","120","11"
"20244","11650510","서초1동","47656","26664","20992","0","10020","12365","10535","11639","3097","0","3599","6646","6099","8061","2259","0","6421","5719","4436","3578","838"
"20244","11680590","삼성2동","70662","40645","30017","44","14269","22959","17969","10010","5411","11","5918","13510","12008","5622","3576","33","8351","9449","5961","4388","1835"
"20244","11680700","세곡동","379","233","146","0","5","66","79","124","105","0","0","35","48","76","74","0","5","31","31","48","31"
"20244","11710562","방이2동","40697","23384","17313","0","6579","10448","9191","8692","5787","0","3695","6803","5625","4074","3187","0","2884","3645","3566","4618","2600"
"20244","11710590","송파2동","4268","2690","1578","2","682","1065","1114","1017","388","2","332","674","804","634","244","0","350","391","310","383","144"
"20244","11740660","성내3동","3676","2235","1441","0","497","837","936","773","633","0","259","537","573","440","426","0","238","300","363","333","207"
"20244","11740610","천호2동","2893","1513","1380","0","265","627","774","728","499","0","87","284","383","364","395","0","178","343","391","364","104"
"20244","11200645","옥수동","3197","1245","1952","0","823","948","719","483","224","0","212","352","337","228","116","0","611","596","382","255","108"
"20244","11290590","돈암2동","552","334","218","1","85","133","175","99","59","0","39","79","117","73","26","1","46","54","58","26","33"
"20244","11470610","신월6동","597","353","244","0","59","112","138","161","127","0","22","58","75","92","106","0","37","54","63","69","21"
"20244","11380650","수색동","176","113","63","0","22","48","43","35","28","0","11","31","27","22","22","0","11","17","16","13","6"
"20244","11305608","번3동","262","143","119","0","26","40","65","77","54","0","8","20","36","43","36","0","18","20","29","34","18"
"20244","11710690","잠실4동","4438","3563","875","22","593","1392","1289","940","202","9","426","1142","1063","767","156","13","167","250","226","173","46"
"20244","11110700","숭인1동","211","96","115","0","37","49","52","50","23","0","0","20","26","28","22","0","37","29","26","22","1"
"20244","11110515","청운효자동","5324","3453","1871","0","976","1558","1487","952","351","0","424","979","1104","693","253","0","552","579","383","259","98"
"20244","11140635","약수동","13696","5297","8399","21","2208","5127","3798","1874","668","0","676","1807","1260","1073","481","21","1532","3320","2538","801","187"
"20244","11140605","을지로동","17430","9533","7897","0","4230","4221","3831","3039","2109","0","1096","2338","2494","2114","1491","0","3134","1883","1337","925","618"
"20244","11140580","장충동","4450","2358","2092","0","1024","1222","1151","860","193","0","365","683","683","495","132","0","659","539","468","365","61"
"20244","11140645","청구동","2178","1190","988","0","315","576","515","470","302","0","104","298","323","287","178","0","211","278","192","183","124"
"20244","11140540","회현동","69985","43262","26723","135","13133","24729","19174","10170","2644","25","6135","14755","12489","8013","1845","110","6998","9974","6685","2157","799"
"20244","11200690","성수2가3동","31123","19941","11182","42","5123","7926","7782","6246","4004","42","2840","5291","5234","3771","2763","0","2283","2635","2548","2475","1241"
"20244","11200720","송정동","748","488","260","0","83","184","205","156","120","0","37","119","118","99","115","0","46","65","87","57","5"
"20244","11200790","용답동","2556","1592","964","4","663","747","528","391","223","0","280","500","365","256","191","4","383","247","163","135","32"
"20244","11200560","행당1동","1709","1189","520","0","196","364","447","511","191","0","98","232","315","392","152","0","98","132","132","119","39"
"20244","11230536","용신동","18615","9634","8981","0","2288","4133","4595","4562","3037","0","1077","2384","2423","2091","1659","0","1211","1749","2172","2471","1378"
"20244","11230570","전농2동","713","371","342","0","81","152","190","192","98","0","33","70","102","100","66","0","48","82","88","92","32"
"20244","11230545","제기동","3687","2316","1371","0","372","976","970","811","558","0","125","595","650","495","451","0","247","381","320","316","107"
"20244","11260540","면목4동","768","656","112","0","6","95","247","328","92","0","3","74","188","299","92","0","3","21","59","29","0"
"20244","11260550","면목5동","962","720","242","0","55","141","287","260","219","0","55","132","139","175","219","0","0","9","148","85","0"
"20244","11260590","상봉2동","4607","3264","1343","0","527","1201","1578","1063","238","0","307","863","1060","796","238","0","220","338","518","267","0"
"20244","11290810","석관동","1564","1222","342","0","13","172","268","323","788","0","5","135","166","233","683","0","8","37","102","90","105"
"20244","11290600","안암동","1916","1309","607","0","234","524","570","423","165","0","123","331","372","323","160","0","111","193","198","100","5"
"20244","11290715","월곡1동","1348","854","494","0","39","147","285","292","585","0","0","71","148","198","437","0","39","76","137","94","148"
"20244","11290725","월곡2동","4503","2851","1652","0","732","1280","1101","798","592","0","366","834","663","472","516","0","366","446","438","326","76"
"20244","11305595","번1동","1944","1235","709","0","176","398","383","558","429","0","71","264","249","387","264","0","105","134","134","171","165"
"20244","11305545","송중동","998","495","503","0","39","141","339","302","177","0","3","46","144","144","158","0","36","95","195","158","19"
"20244","11305645","우이동","1810","1172","638","0","30","78","239","466","997","0","0","31","134","335","672","0","30","47","105","131","325"
"20244","11350595","공릉1동","6065","3288","2777","0","640","921","1336","1667","1501","0","291","502","664","867","964","0","349","419","672","800","537"
"20244","11350625","중계2?3동","1194","663","531","0","158","312","305","305","114","0","94","183","157","159","70","0","64","129","148","146","44"
"20244","11350619","중계본동","821","385","436","0","78","160","216","262","105","0","36","81","87","115","66","0","42","79","129","147","39"
"20244","11380552","갈현2동","3191","1660","1531","0","265","637","877","889","523","0","121","361","417","391","370","0","144","276","460","498","153"
"20244","11380520","불광1동","1769","744","1025","0","237","428","497","411","196","0","80","182","207","175","100","0","157","246","290","236","96"
"20244","11380631","신사1동","1400","758","642","0","110","304","334","363","289","0","35","148","186","175","214","0","75","156","148","188","75"
"20244","11410555","북아현동","918","674","244","0","94","212","259","262","91","0","36","157","201","202","78","0","58","55","58","60","13"
"20244","11440690","망원1동","3418","1953","1465","0","986","995","707","493","237","0","575","538","344","298","198","0","411","457","363","195","39"
"20244","11440710","연남동","3795","2412","1383","0","592","921","961","827","494","0","255","496","580","587","494","0","337","425","381","240","0"
"20244","11440610","염리동","2245","1512","733","2","431","512","456","501","343","0","218","350","349","350","245","2","213","162","107","151","98"
"20244","11470520","목2동","3311","1852","1459","0","453","814","882","764","398","0","213","443","489","440","267","0","240","371","393","324","131"
"20244","11470611","신월7동","2610","1717","893","0","272","428","535","628","747","0","207","327","356","380","447","0","65","101","179","248","300"
"20244","11500603","가양1동","5314","3339","1975","0","557","1115","1222","1290","1130","0","224","687","740","844","844","0","333","428","482","446","286"
"20244","11500611","발산1동","6493","3818","2675","0","319","922","1780","2186","1286","0","123","464","857","1284","1090","0","196","458","923","902","196"
"20244","11500640","방화2동","1301","937","364","0","83","248","306","385","279","0","53","168","215","255","246","0","30","80","91","130","33"
"20244","11530760","개봉3동","2665","1685","980","0","314","681","711","590","369","0","157","437","437","346","308","0","157","244","274","244","61"
"20244","11530730","고척2동","1601","1052","549","0","131","373","436","471","190","0","93","243","266","274","176","0","38","130","170","197","14"
"20244","11530550","구로4동","1298","735","563","0","78","277","351","346","246","0","20","165","181","181","188","0","58","112","170","165","58"
"20244","11530560","구로5동","12925","8170","4755","0","1815","3059","3363","2870","1818","0","1022","2111","2227","1706","1104","0","793","948","1136","1164","714"
"20244","11530770","오류1동","3372","2148","1224","0","430","635","834","982","491","0","312","434","501","555","346","0","118","201","333","427","145"
"20244","11545620","독산2동","1291","761","530","0","122","262","322","428","157","0","66","119","161","266","149","0","56","143","161","162","8"
"20244","11545630","독산3동","2738","2017","721","0","178","421","507","550","1082","0","96","268","275","331","1047","0","82","153","232","219","35"
"20244","11620715","난향동","344","166","178","0","35","79","102","73","55","0","5","36","41","37","47","0","30","43","61","36","8"
"20244","11620630","남현동","3701","2490","1211","0","617","939","1008","734","403","0","342","645","718","490","295","0","275","294","290","244","108"
"20244","11620545","청림동","512","288","224","0","78","169","167","78","20","0","32","95","98","49","14","0","46","74","69","29","6"
"20244","11650570","반포2동","4018","2394","1624","6","675","1248","1044","673","372","3","296","754","673","406","262","3","379","494","371","267","110"
"20244","11650581","반포4동","49942","44085","5857","6","4990","10610","13478","18579","2279","1","3789","8826","11959","17655","1855","5","1201","1784","1519","924","424"
"20244","11680670","개포2동","8854","5812","3042","2","1555","2526","2126","1643","1002","0","831","1691","1463","1050","777","2","724","835","663","593","225"
"20244","11680531","논현2동","57007","36529","20478","0","10931","16592","13817","9239","6428","0","4747","9931","9837","7043","4971","0","6184","6661","3980","2196","1457"
"20244","11680545","압구정동","50479","28382","22097","129","11239","15770","11602","7617","4122","14","4180","8864","7796","4984","2544","115","7059","6906","3806","2633","1578"
"20244","11680650","역삼2동","55876","33133","22743","109","12897","15530","13301","9915","4124","30","6229","9943","8842","5185","2904","79","6668","5587","4459","4730","1220"
"20244","11710510","풍납1동","651","394","257","0","62","146","190","192","61","0","39","86","104","106","59","0","23","60","86","86","2"
"20244","11740515","강일동","143","97","46","0","18","32","41","36","16","0","9","23","27","24","14","0","9","9","14","12","2"
"20244","11740550","고덕1동","845","437","408","0","96","186","218","201","144","0","42","106","107","91","91","0","54","80","111","110","53"
"20244","11740560","고덕2동","1176","740","436","0","57","144","265","416","294","0","2","61","153","286","238","0","55","83","112","130","56"
"20244","11710670","잠실2동","4063","2707","1356","2","779","1180","1068","810","224","2","488","829","725","532","131","0","291","351","343","278","93"
"20244","11350700","상계8동","561","295","266","0","76","163","139","128","55","0","27","104","58","70","36","0","49","59","81","58","19"
"20244","11110600","가회동","12996","9701","3295","1","1382","4493","3905","2451","764","1","716","3299","3067","2020","598","0","666","1194","838","431","166"
"20244","11110570","무악동","485","124","361","0","140","140","127","54","24","0","31","31","38","12","12","0","109","109","89","42","12"
"20244","11110540","삼청동","4210","3509","701","0","499","1132","1342","1008","229","0","324","884","1165","914","222","0","175","248","177","94","7"
"20244","11110670","창신1동","1733","744","989","0","30","288","613","492","310","0","2","60","204","228","250","0","28","228","409","264","60"
"20244","11170625","한강로동","58448","28867","29581","54","11959","18301","16734","8581","2819","23","4871","8563","8329","5223","1858","31","7088","9738","8405","3358","961"
"20244","11200650","성수1가1동","3325","2072","1253","0","412","704","746","896","567","0","185","438","475","610","364","0","227","266","271","286","203"
"20244","11215870","구의3동","11355","6943","4412","0","1329","2401","2748","2867","2010","0","756","1685","1868","1487","1147","0","573","716","880","1380","863"
"20244","11215730","군자동","1002","562","440","0","97","213","244","231","217","0","31","112","143","127","149","0","66","101","101","104","68"
"20244","11215820","자양1동","11952","9440","2512","0","822","1690","3243","4879","1318","0","365","1102","2591","4227","1155","0","457","588","652","652","163"
"20244","11215750","중곡2동","2251","1333","918","0","273","455","607","554","362","0","186","269","324","300","254","0","87","186","283","254","108"
"20244","11215710","화양동","872","621","251","0","86","118","230","300","138","0","27","64","170","226","134","0","59","54","60","74","4"
"20244","11230610","답십리2동","4714","3462","1252","0","732","1065","1115","993","809","0","580","820","799","677","586","0","152","245","316","316","223"
"20244","11260630","묵2동","1255","888","367","0","176","319","303","364","93","0","107","220","197","271","93","0","69","99","106","93","0"
"20244","11290685","길음2동","303","110","193","0","8","59","96","106","34","0","1","17","45","30","17","0","7","42","51","76","17"
"20244","11290575","동선동","2040","1007","1033","0","261","423","468","516","372","0","80","182","231","283","231","0","181","241","237","233","141"
"20244","11290610","보문동","4757","3566","1191","0","459","1409","998","996","895","0","248","1115","792","792","619","0","211","294","206","204","276"
"20244","11290555","삼선동","4986","2496","2490","0","497","1214","1546","1261","468","0","148","514","743","803","288","0","349","700","803","458","180"
"20244","11290780","장위3동","275","169","106","0","31","53","62","73","56","0","4","28","35","46","56","0","27","25","27","27","0"
"20244","11290630","정릉2동","1084","446","638","0","152","281","308","245","98","0","6","111","117","114","98","0","146","170","191","131","0"
"20244","11290705","종암동","17974","9486","8488","0","1535","4580","6381","5138","340","0","664","1688","2911","4009","214","0","871","2892","3470","1129","126"
"20244","11305660","인수동","2893","1782","1111","0","194","570","800","921","408","0","34","329","510","557","352","0","160","241","290","364","56"
"20244","11320710","방학3동","1090","659","431","0","190","249","255","254","142","0","122","143","162","123","109","0","68","106","93","131","33"
"20244","11320515","창5동","4983","3174","1809","0","554","1117","1227","1077","1008","0","285","776","835","595","683","0","269","341","392","482","325"
"20244","11350665","상계3?4동","500","392","108","0","2","16","138","223","121","0","0","8","91","176","117","0","2","8","47","47","4"
"20244","11350570","월계2동","29","12","17","0","2","7","8","10","2","0","0","2","2","6","2","0","2","5","6","4","0"
"20244","11380590","응암2동","481","332","149","0","47","47","126","151","110","0","29","29","76","93","105","0","18","18","50","58","5"
"20244","11410615","연희동","9207","6166","3041","0","1431","2325","1994","2623","834","0","806","1575","1263","1900","622","0","625","750","731","723","212"
"20244","11410520","천연동","1130","610","520","0","73","180","306","417","154","0","12","81","174","244","99","0","61","99","132","173","55"
"20244","11440720","성산1동","5565","3706","1859","0","693","1164","1282","1097","1329","0","344","726","815","763","1058","0","349","438","467","334","271"
"20244","11470580","신월3동","1178","713","465","0","85","219","272","388","214","0","18","91","144","259","201","0","67","128","128","129","13"
"20244","11470620","신정1동","12831","7494","5337","53","2263","3222","3223","2732","1338","53","936","2009","1940","1584","972","0","1327","1213","1283","1148","366"
"20244","11500620","공항동","5425","2853","2572","0","908","1800","1501","1054","162","0","213","753","876","879","132","0","695","1047","625","175","30"
"20244","11500550","화곡2동","1788","1119","669","0","215","507","473","435","158","0","131","344","295","234","115","0","84","163","178","201","43"
"20244","11530740","개봉1동","5014","2924","2090","0","400","1088","1214","1351","961","0","204","602","622","768","728","0","196","486","592","583","233"
"20244","11530530","구로2동","10594","6583","4011","0","1221","2488","2693","2703","1489","0","563","1477","1617","1787","1139","0","658","1011","1076","916","350"
"20244","11545680","시흥2동","1037","609","428","0","103","209","259","311","155","0","59","119","146","180","105","0","44","90","113","131","50"
"20244","11590530","상도1동","3543","2039","1504","0","567","862","858","783","473","0","246","477","519","476","321","0","321","385","339","307","152"
"20244","11590670","신대방1동","3411","2173","1238","0","650","1096","797","552","316","0","334","707","554","359","219","0","316","389","243","193","97"
"20244","11650560","반포1동","8508","5269","3239","0","1544","2865","2155","1282","662","0","728","1875","1448","715","503","0","816","990","707","567","159"
"20244","11650620","방배3동","13530","8866","4664","44","2139","4018","3672","2203","1454","10","1089","2518","2632","1524","1093","34","1050","1500","1040","679","361"
"20244","11680610","대치2동","102922","57561","45361","585","18687","28320","23721","19409","12200","251","8608","17328","15247","10020","6107","334","10079","10992","8474","9389","6093"
"20244","11680655","도곡1동","32403","22954","9449","39","5550","7548","9026","8211","2029","39","2816","4946","6788","6717","1648","0","2734","2602","2238","1494","381"
"20244","11680730","일원1동","1822","1008","814","0","221","342","428","401","430","0","93","184","220","210","301","0","128","158","208","191","129"
"20244","11710620","가락본동","27617","16684","10933","0","3757","6663","6325","5409","5463","0","1795","4149","4233","3136","3371","0","1962","2514","2092","2273","2092"
"20244","11710540","마천1동","586","285","301","0","19","135","210","197","25","0","0","63","103","94","25","0","19","72","107","103","0"
"20244","11710570","오금동","21434","14979","6455","0","2841","5091","5432","5171","2899","0","1667","3432","4005","3904","1971","0","1174","1659","1427","1267","928"
"20244","11710710","잠실6동","83532","44510","39022","149","13303","22172","23826","21315","2767","41","6156","13631","13753","8845","2084","108","7147","8541","10073","12470","683"
"20244","11740650","성내2동","1852","1288","564","0","290","394","449","365","354","0","227","267","268","267","259","0","63","127","181","98","95"
"20244","11740570","암사1동","3050","1889","1161","0","381","663","645","607","754","0","187","438","413","413","438","0","194","225","232","194","316"
"20244","11230750","이문2동","256","135","121","0","27","57","59","68","45","0","7","27","28","38","35","0","20","30","31","30","10"
"20244","11380690","진관동","1216","637","579","0","99","309","346","299","163","0","43","195","195","122","82","0","56","114","151","177","81"
"20244","11110710","숭인2동","1325","671","654","0","185","234","319","325","262","0","46","110","180","193","142","0","139","124","139","132","120"
"20244","11170700","보광동","254","140","114","0","24","51","82","72","25","0","0","24","46","46","24","0","24","27","36","26","1"
"20244","11170560","원효로1동","2961","2059","902","0","450","825","784","549","353","0","268","599","551","387","254","0","182","226","233","162","99"
"20244","11170555","청파동","3226","1748","1478","0","463","845","794","705","419","0","145","388","429","441","345","0","318","457","365","264","74"
"20244","11200535","왕십리도선동","3005","1379","1626","0","494","575","631","748","557","0","168","322","342","312","235","0","326","253","289","436","322"
"20244","11215810","광장동","8850","5370","3480","51","2760","2340","1714","1372","613","5","1326","1506","1160","919","454","46","1434","834","554","453","159"
"20244","11215850","구의1동","3506","2156","1350","0","481","915","1003","817","290","0","258","539","553","545","261","0","223","376","450","272","29"
"20244","11215847","자양4동","513","449","64","0","0","22","133","165","193","0","0","21","99","136","193","0","0","1","34","29","0"
"20244","11215760","중곡3동","515","378","137","0","28","136","167","130","54","0","19","114","104","91","50","0","9","22","63","39","4"
"20244","11215770","중곡4동","2743","1350","1393","0","470","682","721","653","217","0","119","315","351","353","212","0","351","367","370","300","5"
"20244","11230650","장안1동","10019","6324","3695","0","1354","1983","2166","2223","2293","0","813","1279","1355","1340","1537","0","541","704","811","883","756"
"20244","11230560","전농1동","308","267","41","0","9","22","122","129","26","0","8","19","111","111","18","0","1","3","11","18","8"
"20244","11230710","회기동","51","21","30","0","1","12","16","13","9","0","0","2","6","4","9","0","1","10","10","9","0"
"20244","11260520","면목2동","737","450","287","0","16","114","178","266","163","0","0","49","90","158","153","0","16","65","88","108","10"
"20244","11290660","길음1동","3772","1845","1927","244","1326","931","630","413","228","99","572","492","313","190","179","145","754","439","317","223","49"
"20244","11290760","장위1동","394","220","174","0","68","85","110","85","46","0","30","55","55","40","40","0","38","30","55","45","6"
"20244","11290770","장위2동","608","423","185","0","3","94","182","166","163","0","0","47","106","115","155","0","3","47","76","51","8"
"20244","11305635","수유3동","2732","1420","1312","0","178","698","755","791","310","0","35","294","351","498","242","0","143","404","404","293","68"
"20244","11320514","창4동","1820","1144","676","0","191","347","451","504","327","0","78","184","267","341","274","0","113","163","184","163","53"
"20244","11350600","공릉2동","1031","479","552","0","175","257","250","240","109","0","55","117","117","119","71","0","120","140","133","121","38"
"20244","11350720","상계10동","413","174","239","0","63","88","110","120","32","0","13","37","42","57","25","0","50","51","68","63","7"
"20244","11350611","하계1동","994","630","364","0","115","205","254","282","138","0","54","119","151","198","108","0","61","86","103","84","30"
"20244","11380510","녹번동","4336","2305","2031","0","472","1015","1194","1163","492","0","223","488","567","696","331","0","249","527","627","467","161"
"20244","11440565","공덕동","9286","5387","3899","0","2085","2579","2544","1630","448","0","825","1366","1622","1233","341","0","1260","1213","922","397","107"
"20244","11440585","도화동","13155","8000","5155","0","2428","3216","3317","2949","1245","0","1265","2209","2185","1536","805","0","1163","1007","1132","1413","440"
"20244","11440655","서강동","3223","2051","1172","0","544","797","778","639","465","0","265","477","521","430","358","0","279","320","257","209","107"
"20244","11440660","서교동","25701","13133","12568","0","5382","7250","5986","4237","2846","0","2202","3625","3300","2235","1771","0","3180","3625","2686","2002","1075"
"20244","11440555","아현동","5852","3226","2626","0","1117","1898","1674","987","176","0","488","1061","934","607","136","0","629","837","740","380","40"
"20244","11470550","목5동","15114","9195","5919","38","2457","3913","3662","3167","1877","19","1132","2356","2311","2074","1303","19","1325","1557","1351","1093","574"
"20244","11470600","신월5동","1313","750","563","0","135","346","350","349","133","0","64","173","182","210","121","0","71","173","168","139","12"
"20244","11470640","신정3동","2055","1493","562","0","155","397","525","436","542","0","74","247","359","310","503","0","81","150","166","126","39"
"20244","11470650","신정4동","6204","3442","2762","0","1036","1099","1194","1323","1552","0","282","534","611","723","1292","0","754","565","583","600","260"
"20244","11500520","등촌1동","6016","3636","2380","0","1202","1576","1339","1070","829","0","439","1000","933","708","556","0","763","576","406","362","273"
"20244","11500641","방화3동","2019","1311","708","0","205","431","510","552","321","0","103","229","318","387","274","0","102","202","192","165","47"
"20244","11500510","염창동","2625","1223","1402","0","408","777","786","443","211","0","148","340","317","248","170","0","260","437","469","195","41"
"20244","11500540","화곡1동","3939","2263","1676","0","315","829","1006","1174","615","0","137","498","558","668","402","0","178","331","448","506","213"
"20244","11500570","화곡4동","2098","912","1186","0","495","596","433","397","177","0","85","251","214","214","148","0","410","345","219","183","29"
"20244","11500591","화곡6동","6872","4389","2483","0","961","1852","1767","1570","722","0","478","1179","1132","1040","560","0","483","673","635","530","162"
"20244","11500590","화곡본동","2037","1201","836","0","171","396","521","521","428","0","47","242","303","274","335","0","124","154","218","247","93"
"20244","11545670","시흥1동","4641","2508","2133","0","669","1111","1109","1189","563","0","305","555","555","675","418","0","364","556","554","514","145"
"20244","11545690","시흥3동","1939","1152","787","0","140","283","447","508","561","0","74","183","259","279","357","0","66","100","188","229","204"
"20244","11560550","당산1동","8973","5408","3565","0","1540","2555","2001","1640","1237","0","615","1429","1261","1156","947","0","925","1126","740","484","290"
"20244","11560710","대림2동","3597","1835","1762","0","665","861","800","557","714","0","261","458","342","313","461","0","404","403","458","244","253"
"20244","11560585","도림동","517","406","111","0","3","72","142","165","135","0","0","58","108","119","121","0","3","14","34","46","14"
"20244","11590630","사당2동","1640","909","731","0","257","500","455","300","128","0","123","305","274","138","69","0","134","195","181","162","59"
"20244","11590680","신대방2동","11362","7234","4128","12","2080","2368","2131","2662","2109","6","1572","1820","1358","1354","1124","6","508","548","773","1308","985"
"20244","11620645","서원동","2303","915","1388","0","418","503","423","530","429","0","78","195","213","190","239","0","340","308","210","340","190"
"20244","11620565","성현동","1347","505","842","0","193","237","309","412","196","0","87","123","140","112","43","0","106","114","169","300","153"
"20244","11650621","방배4동","16097","9948","6149","0","2785","4449","4011","3076","1776","0","1178","2622","2713","2155","1280","0","1607","1827","1298","921","496"
"20244","11650590","방배본동","20669","11449","9220","33","3880","5347","5505","3699","2205","33","1320","2789","3212","2405","1690","0","2560","2558","2293","1294","515"
"20244","11650530","서초3동","51852","30803","21049","1","8929","15547","13305","9482","4588","0","3783","9057","8507","6177","3279","1","5146","6490","4798","3305","1309"
"20244","11650540","잠원동","14890","8636","6254","0","3109","4397","3687","2306","1391","0","1227","2580","2441","1446","942","0","1882","1817","1246","860","449"
"20244","11680656","도곡2동","84833","58013","26820","395","16210","33336","24374","8787","1731","253","8662","22832","18737","6396","1133","142","7548","10504","5637","2391","598"
"20244","11680565","청담동","58171","33367","24804","4","12144","19273","14498","8756","3496","0","4574","11017","9542","5787","2447","4","7570","8256","4956","2969","1049"
"20244","11710550","마천2동","1312","881","431","0","70","317","400","366","159","0","49","209","235","229","159","0","21","108","165","137","0"
"20244","11710646","장지동","3961","2686","1275","0","428","625","944","1048","916","0","236","418","624","728","680","0","192","207","320","320","236"
"20244","11110690","창신3동","77","31","46","0","4","23","20","26","4","0","0","7","7","13","4","0","4","16","13","13","0"
"20244","11650550","반포본동","5670","3087","2583","11","936","1869","1616","972","266","7","342","1019","907","608","204","4","594","850","709","364","62"
"20244","11710520","풍납2동","475","233","242","0","103","162","119","72","19","0","28","84","62","44","15","0","75","78","57","28","4"
"20244","11680660","개포1동","3433","2110","1323","12","538","910","895","710","368","5","243","503","617","480","262","7","295","407","278","230","106"
"20244","11110530","사직동","45215","28318","16897","7","5980","12797","13643","8976","3812","0","2503","7865","9332","6264","2354","7","3477","4932","4311","2712","1458"
"20244","11140625","다산동","5877","3733","2144","0","1042","1895","1435","1023","482","0","427","1302","1010","631","363","0","615","593","425","392","119"
"20244","11140520","소공동","92258","48973","43285","481","26690","29120","20284","12220","3463","119","8677","14488","14469","8916","2304","362","18013","14632","5815","3304","1159"
"20244","11170570","원효로2동","3004","2205","799","0","471","929","846","485","273","0","275","666","657","373","234","0","196","263","189","112","39"
"20244","11170640","이촌2동","2035","1381","654","0","291","557","605","443","139","0","133","350","455","340","103","0","158","207","150","103","36"
"20244","11170660","이태원2동","875","494","381","0","116","332","271","105","51","0","51","180","147","65","51","0","65","152","124","40","0"
"20244","11200540","마장동","6924","4974","1950","0","526","1228","1600","2331","1239","0","320","863","1175","1663","953","0","206","365","425","668","286"
"20244","11215860","구의2동","2960","1873","1087","0","413","511","769","811","456","0","208","286","511","530","338","0","205","225","258","281","118"
"20244","11230600","답십리1동","1750","840","910","0","255","359","489","472","175","0","174","241","175","127","123","0","81","118","314","345","52"
"20244","11230740","이문1동","1106","484","622","0","208","300","318","210","70","0","24","111","157","129","63","0","184","189","161","81","7"
"20244","11260575","면목3?8동","1762","1178","584","0","108","293","486","521","354","0","12","156","301","408","301","0","96","137","185","113","53"
"20244","11260570","면목7동","509","306","203","0","26","74","141","175","93","0","0","27","76","110","93","0","26","47","65","65","0"
"20244","11260565","면목본동","811","461","350","0","49","210","239","219","94","0","0","109","129","129","94","0","49","101","110","90","0"
"20244","11290525","성북동","20512","15615","4897","0","2692","5039","5957","5940","884","0","1478","3522","4711","5284","620","0","1214","1517","1246","656","264"
"20244","11290650","정릉4동","1020","642","378","0","52","150","256","350","212","0","6","75","165","240","156","0","46","75","91","110","56"
"20244","11305555","송천동","388","236","152","0","0","19","52","134","183","0","0","4","17","100","115","0","0","15","35","34","68"
"20244","11305625","수유2동","1314","728","586","0","1","14","255","435","609","0","0","10","173","305","240","0","1","4","82","130","369"
"20244","11320522","도봉2동","1070","694","376","0","30","118","183","276","463","0","9","59","101","179","346","0","21","59","82","97","117"
"20244","11320660","쌍문1동","872","415","457","0","72","124","259","273","144","0","0","37","90","144","144","0","72","87","169","129","0"
"20244","11350630","상계1동","3606","2296","1310","0","414","755","866","915","656","0","251","504","566","573","402","0","163","251","300","342","254"
"20244","11350560","월계1동","1264","683","581","0","192","307","338","248","179","0","81","184","169","125","124","0","111","123","169","123","55"
"20244","11350621","중계1동","1184","653","531","0","155","260","357","297","115","0","67","142","188","164","92","0","88","118","169","133","23"
"20244","11380551","갈현1동","2238","1134","1104","0","370","537","542","520","269","0","128","273","271","264","198","0","242","264","271","256","71"
"20244","11380625","역촌동","3452","1640","1812","0","553","700","925","813","461","0","179","308","441","384","328","0","374","392","484","429","133"
"20244","11380580","응암1동","2298","1290","1008","0","201","375","554","537","631","0","78","182","290","272","468","0","123","193","264","265","163"
"20244","11380600","응암3동","1446","702","744","0","71","372","468","385","150","0","1","186","212","173","130","0","70","186","256","212","20"
"20244","11410700","남가좌2동","1052","541","511","0","75","219","328","334","96","0","1","102","158","185","95","0","74","117","170","149","1"
"20244","11410710","북가좌1동","537","447","90","0","1","13","59","120","344","0","0","4","27","84","332","0","1","9","32","36","12"
"20244","11410585","신촌동","1629","871","758","0","246","464","425","364","130","0","82","198","218","251","122","0","164","266","207","113","8"
"20244","11410660","홍은1동","3106","591","2515","0","86","224","857","1505","434","0","27","72","155","178","159","0","59","152","702","1327","275"
"20244","11440590","용강동","15056","8974","6082","0","2190","3721","3571","2989","2585","0","1070","2214","2368","1744","1578","0","1120","1507","1203","1245","1007"
"20244","11470510","목1동","16732","10843","5889","4","2914","4564","4190","3406","1654","3","1365","2987","2964","2448","1076","1","1549","1577","1226","958","578"
"20244","11470590","신월4동","1153","803","350","0","27","128","284","394","320","0","10","71","162","269","291","0","17","57","122","125","29"
"20244","11470630","신정2동","14182","8150","6032","0","2570","4619","3801","2509","683","0","1038","2534","2357","1670","551","0","1532","2085","1444","839","132"
"20244","11500530","등촌2동","2781","1634","1147","0","324","559","677","721","500","0","133","303","399","455","344","0","191","256","278","266","156"
"20244","11530750","개봉2동","7366","3651","3715","0","1312","1791","1758","1758","747","0","749","1148","781","586","387","0","563","643","977","1172","360"
"20244","11530510","신도림동","9248","6073","3175","0","1514","2874","2251","1686","923","0","627","1955","1626","1168","697","0","887","919","625","518","226"
"20244","11545610","독산1동","10617","6849","3768","0","780","1424","1782","2345","4286","0","471","961","1154","1452","2811","0","309","463","628","893","1475"
"20244","11545710","시흥5동","961","612","349","0","104","236","274","211","136","0","57","172","172","109","102","0","47","64","102","102","34"
"20244","11560700","대림1동","1366","500","866","0","457","329","302","223","55","0","75","111","151","112","51","0","382","218","151","111","4"
"20244","11590510","노량진1동","2833","1594","1239","0","355","688","725","685","380","0","145","396","441","375","237","0","210","292","284","310","143"
"20244","11620665","서림동","1424","819","605","0","192","259","361","317","295","0","96","136","197","191","199","0","96","123","164","126","96"
"20244","11620615","중앙동","1301","591","710","0","122","227","303","403","246","0","41","111","136","186","117","0","81","116","167","217","129"
"20244","11680640","역삼1동","202016","119620","82396","173","40848","61541","52155","35305","11994","28","19566","38401","34059","19124","8442","145","21282","23140","18096","16181","3552"
"20244","11740700","둔촌2동","2489","1120","1369","0","472","661","548","519","289","0","127","274","274","245","200","0","345","387","274","274","89"
"20244","11260690","신내2동","1355","755","600","0","177","340","333","338","167","0","74","161","172","219","129","0","103","179","161","119","38"
"20244","11500605","가양3동","265","171","94","0","44","58","75","56","32","0","29","39","48","33","22","0","15","19","27","23","10"
"20244","11350710","상계9동","1074","675","399","0","135","270","270","304","95","0","74","170","158","200","73","0","61","100","112","104","22"
"20244","11110680","창신2동","28","0","28","0","0","0","5","19","4","0","0","0","0","0","0","0","0","0","5","19","4"
"20244","11140570","필동","16151","7598","8553","0","2319","4115","4992","3534","1191","0","783","2035","2353","1657","770","0","1536","2080","2639","1877","421"
"20244","11170530","남영동","18490","7775","10715","130","7046","4567","3527","2384","836","1","1323","2451","2090","1279","631","129","5723","2116","1437","1105","205"
"20244","11170650","이태원1동","18302","8053","10249","0","5374","6989","3593","1789","557","0","1406","2923","1985","1282","457","0","3968","4066","1608","507","100"
"20244","11170685","한남동","45554","33353","12201","20","7545","13497","11978","10460","2054","20","3589","8987","9694","9391","1672","0","3956","4510","2284","1069","382"
"20244","11170510","후암동","1885","1117","768","0","261","428","556","450","190","0","73","252","368","262","162","0","188","176","188","188","28"
"20244","11200580","응봉동","542","224","318","0","131","143","118","96","54","0","31","50","52","49","42","0","100","93","66","47","12"
"20244","11215740","중곡1동","3866","1893","1973","2","1042","745","776","926","375","0","447","403","382","369","292","2","595","342","394","557","83"
"20244","11230705","청량리동","2337","1268","1069","0","399","726","447","425","340","0","140","427","251","246","204","0","259","299","196","179","136"
"20244","11260660","망우3동","223","129","94","0","0","13","61","95","54","0","0","0","21","54","54","0","0","13","40","41","0"
"20244","11260680","신내1동","2688","1277","1411","0","473","588","485","724","418","0","120","244","228","359","326","0","353","344","257","365","92"
"20244","11290620","정릉1동","489","277","212","0","41","87","114","149","98","0","0","26","57","96","98","0","41","61","57","53","0"
"20244","11290640","정릉3동","281","234","47","0","36","97","75","51","22","0","25","76","64","48","21","0","11","21","11","3","1"
"20244","11320521","도봉1동","1435","1066","369","0","0","70","372","604","389","0","0","41","223","447","355","0","0","29","149","157","34"
"20244","11320680","쌍문3동","1058","475","583","0","232","249","273","257","47","0","33","112","141","146","43","0","199","137","132","111","4"
"20244","11320512","창2동","1070","633","437","0","112","255","307","263","133","0","49","158","170","135","121","0","63","97","137","128","12"
"20244","11350640","상계2동","1731","857","874","0","169","276","477","479","330","0","35","172","226","227","197","0","134","104","251","252","133"
"20244","11350695","상계6?7동","4965","2197","2768","0","701","1166","1280","1265","553","0","182","444","578","682","311","0","519","722","702","583","242"
"20244","11380530","불광2동","2497","1189","1308","0","64","342","413","559","1119","0","7","177","165","221","619","0","57","165","248","338","500"
"20244","11380632","신사2동","863","641","222","0","79","170","232","227","155","0","73","124","134","155","155","0","6","46","98","72","0"
"20244","11410655","홍제2동","334","168","166","0","44","70","92","80","48","0","13","46","46","39","24","0","31","24","46","41","24"
"20244","11410640","홍제3동","821","398","423","0","34","71","170","238","308","0","0","21","67","127","183","0","34","50","103","111","125"
"20244","11470530","목3동","1687","940","747","0","212","371","463","416","225","0","106","217","252","211","154","0","106","154","211","205","71"
"20244","11530595","가리봉동","577","264","313","0","6","94","142","130","205","0","1","45","57","45","116","0","5","49","85","85","89"
"20244","11545510","가산동","106107","69840","36267","305","20915","33020","26286","15533","10048","200","11101","22189","18969","10323","7058","105","9814","10831","7317","5210","2990"
"20244","11545640","독산4동","1147","692","455","0","116","189","239","281","322","0","87","116","151","136","202","0","29","73","88","145","120"
"20244","11545700","시흥4동","1105","683","422","0","171","235","337","284","78","0","111","167","202","131","72","0","60","68","135","153","6"
"20244","11590651","사당5동","1558","859","699","0","174","400","487","377","120","0","76","183","254","226","120","0","98","217","233","151","0"
"20244","11590605","흑석동","91","59","32","0","0","22","33","25","11","0","0","14","20","14","11","0","0","8","13","11","0"
"20244","11620695","신림동","1310","812","498","0","45","173","338","319","435","0","1","90","186","186","349","0","44","83","152","133","86"
"20244","11620655","신원동","398","267","131","0","1","96","127","119","55","0","1","59","86","78","43","0","0","37","41","41","12"
"20244","11620575","행운동","2409","1350","1059","0","349","598","572","555","335","0","167","342","304","288","249","0","182","256","268","267","86"
"20244","11650610","방배2동","15603","7589","8014","0","2643","4020","4313","2993","1634","0","908","1801","1990","1779","1111","0","1735","2219","2323","1214","523"
"20244","11650652","양재2동","33724","25319","8405","0","4473","8268","9497","8910","2576","0","2703","6081","7293","7278","1964","0","1770","2187","2204","1632","612"
"20244","11680690","개포4동","7242","5255","1987","0","872","1650","2061","1731","928","0","432","1108","1569","1361","785","0","440","542","492","370","143"
"20244","11680521","논현1동","45242","26462","18780","0","11837","13617","9633","6313","3842","0","5038","8080","6492","4058","2794","0","6799","5537","3141","2255","1048"
"20244","11710531","거여1동","2887","2180","707","0","733","846","701","372","235","0","507","683","545","262","183","0","226","163","156","110","52"
"20244","11710641","문정1동","23872","18450","5422","0","2165","4451","6877","9020","1359","0","1276","3213","5353","7729","879","0","889","1238","1524","1291","480"
"20244","11710642","문정2동","78185","49174","29011","112","11211","23820","23985","13848","5209","40","5373","13448","16441","10621","3251","72","5838","10372","7544","3227","1958"
"20244","11710610","삼전동","4352","2946","1406","0","509","988","985","884","986","0","292","645","643","541","825","0","217","343","342","343","161"
"20244","11710650","잠실본동","12201","7840","4361","0","1641","2349","2863","2716","2632","0","716","1428","1807","1879","2010","0","925","921","1056","837","622"
"20244","11740530","명일1동","3986","2240","1746","0","588","1079","1016","710","593","0","269","662","671","364","274","0","319","417","345","346","319"
"20244","11170630","이촌1동","5907","3784","2123","11","956","1595","1657","1209","479","11","473","982","1169","814","335","0","483","613","488","395","144"
"20244","11200570","행당2동","3","0","3","0","0","1","1","1","0","0","0","0","0","0","0","0","0","1","1","1","0"
"20244","11650580","반포3동","3009","1678","1331","0","479","767","666","603","494","0","203","452","439","350","234","0","276","315","227","253","260"
"20244","11710566","오륜동","15658","9074","6584","14","2540","4738","4068","3134","1164","4","1022","2464","2615","2076","893","10","1518","2274","1453","1058","271"
"20244","11110580","교남동","870","522","348","0","82","232","249","180","127","0","20","118","149","125","110","0","62","114","100","55","17"
"20244","11110550","부암동","1509","851","658","0","249","446","417","290","107","0","102","247","237","182","83","0","147","199","180","108","24"
"20244","11110640","이화동","1632","904","728","0","239","418","428","343","204","0","68","190","254","234","158","0","171","228","174","109","46"
"20244","11140650","신당5동","622","340","282","0","9","145","192","169","107","0","0","50","97","95","98","0","9","95","95","74","9"
"20244","11140615","신당동","4203","2291","1912","0","1316","896","790","738","463","0","568","475","406","510","332","0","748","421","384","228","131"
"20244","11170520","용산2가동","479","378","101","0","4","74","204","195","2","0","0","42","171","163","2","0","4","32","33","32","0"
"20244","11200620","금호4가동","507","307","200","0","59","118","145","124","61","0","20","60","97","78","52","0","39","58","48","46","9"
"20244","11200520","왕십리2동","1287","798","489","0","142","356","385","298","106","0","71","192","237","194","104","0","71","164","148","104","2"
"20244","11230720","휘경1동","732","461","271","0","48","149","197","197","141","0","9","95","129","143","85","0","39","54","68","54","56"
"20244","11230730","휘경2동","1097","562","535","0","135","243","296","273","150","0","33","112","154","146","117","0","102","131","142","127","33"
"20244","11260655","망우본동","1426","768","658","0","100","257","342","486","241","0","5","92","160","272","239","0","95","165","182","214","2"
"20244","11305575","삼각산동","374","201","173","0","65","106","125","56","22","0","23","59","69","28","22","0","42","47","56","28","0"
"20244","11305615","수유1동","944","421","523","0","49","139","286","327","143","0","0","39","111","141","130","0","49","100","175","186","13"
"20244","11320700","방학2동","424","186","238","0","0","90","111","90","133","0","0","45","48","45","48","0","0","45","63","45","85"
"20244","11320513","창3동","491","275","216","0","0","90","226","166","9","0","0","61","137","68","9","0","0","29","89","98","0"
"20244","11410690","남가좌1동","1312","791","521","0","92","168","231","329","492","0","61","114","146","176","294","0","31","54","85","153","198"
"20244","11410565","충현동","11142","6941","4201","0","1372","2856","2964","2654","1296","0","643","1733","1883","1748","934","0","729","1123","1081","906","362"
"20244","11410685","홍은2동","1790","1177","613","0","284","495","452","386","173","0","167","324","290","263","133","0","117","171","162","123","40"
"20244","11470540","목4동","2148","1354","794","0","226","490","664","557","211","0","85","302","397","366","204","0","141","188","267","191","7"
"20244","11500560","화곡3동","2985","1846","1139","0","413","722","764","687","399","0","223","480","465","388","290","0","190","242","299","299","109"
"20244","11500593","화곡8동","1853","1041","812","0","224","532","574","323","200","0","100","287","287","214","153","0","124","245","287","109","47"
"20244","11560630","신길1동","1933","816","1117","0","341","485","438","373","296","0","88","227","202","150","149","0","253","258","236","223","147"
"20244","11560650","신길3동","382","344","38","0","0","39","95","112","136","0","0","38","80","91","135","0","0","1","15","21","1"
"20244","11560680","신길6동","2010","1325","685","0","169","497","554","448","342","0","83","320","345","300","277","0","86","177","209","148","65"
"20244","11560515","영등포본동","3360","1932","1428","0","450","854","891","832","333","0","180","433","516","531","272","0","270","421","375","301","61"
"20244","11590650","사당4동","892","471","421","0","74","124","199","167","328","0","30","63","79","74","225","0","44","61","120","93","103"
"20244","11590540","상도2동","1012","522","490","0","98","254","282","266","112","0","42","133","147","133","67","0","56","121","135","133","45"
"20244","11620585","낙성대동","5994","3307","2687","0","969","2074","1282","927","742","0","436","1091","666","533","581","0","533","983","616","394","161"
"20244","11620725","조원동","2688","1701","987","0","513","668","664","583","260","0","235","436","429","403","198","0","278","232","235","180","62"
"20244","11650651","양재1동","24087","15586","8501","246","5654","6688","5488","3608","2403","118","2865","4493","3871","2416","1823","128","2789","2195","1617","1192","580"
"20244","11680630","대치4동","43704","26895","16809","74","7025","13031","11897","7456","4221","0","3018","7885","8140","5224","2628","74","4007","5146","3757","2232","1593"
"20244","11680580","삼성1동","189339","127736","61603","476","38149","56772","50706","33617","9619","235","20500","37522","37383","26349","5747","241","17649","19250","13323","7268","3872"
"20244","11710561","방이1동","5978","4386","1592","0","616","1171","1575","1595","1021","0","295","747","1177","1283","884","0","321","424","398","312","137"
"20244","11740540","명일2동","2834","1939","895","0","340","806","757","597","334","0","173","567","549","386","264","0","167","239","208","211","70"
"20244","11740520","상일동","1291","653","638","0","193","290","316","338","154","0","69","145","191","152","96","0","124","145","125","186","58"
"20244","11290580","돈암1동","228","106","122","0","66","70","47","33","12","0","16","35","25","18","12","0","50","35","22","15","0"
"20244","11710631","가락1동","6121","4283","1838","0","416","1136","1687","1754","1128","0","281","869","1242","1152","739","0","135","267","445","602","389"
"20244","11110615","종로1?2?3?4가동","109733","60491","49242","1434","22258","33474","30108","17196","5263","594","9710","16818","17654","12130","3585","840","12548","16656","12454","5066","1678"
"20244","11110630","종로5?6가동","18962","11871","7091","386","4479","5500","4696","2883","1018","60","1852","3546","3442","2241","730","326","2627","1954","1254","642","288"
"20244","11110650","혜화동","4377","2131","2246","0","697","1211","1077","881","511","0","228","591","575","451","286","0","469","620","502","430","225"
"20244","11140590","광희동","52971","26362","26609","448","15198","13935","10903","8387","4100","170","7378","8101","6292","2857","1564","278","7820","5834","4611","5530","2536"
"20244","11140550","명동","120704","69872","50832","9","19744","40682","32795","21490","5984","0","7874","20955","21135","15844","4064","9","11870","19727","11660","5646","1920"
"20244","11170690","서빙고동","10106","6642","3464","0","1800","3017","3123","1596","570","0","868","1764","2283","1279","448","0","932","1253","840","317","122"
"20244","11170590","용문동","3079","1795","1284","0","607","836","858","579","199","0","254","491","513","395","142","0","353","345","345","184","57"
"20244","11200615","금호2?3가동","244","149","95","0","14","32","62","63","73","0","0","5","31","40","73","0","14","27","31","23","0"
"20244","11200660","성수1가2동","8657","5972","2685","0","1383","1771","1828","1888","1787","0","826","1174","1180","1345","1447","0","557","597","648","543","340"
"20244","11200670","성수2가1동","7660","4923","2737","10","1778","2247","1788","1247","590","5","798","1460","1234","898","528","5","980","787","554","349","62"
"20244","11215780","능동","1414","899","515","0","198","339","375","285","217","0","94","206","242","175","182","0","104","133","133","110","35"
"20244","11230660","장안2동","5320","2870","2450","0","1665","1038","1090","999","528","0","860","600","508","486","416","0","805","438","582","513","112"
"20244","11260620","묵1동","1165","548","617","0","89","292","366","296","122","0","19","137","158","137","97","0","70","155","208","159","25"
"20244","11260580","상봉1동","1611","1195","416","0","154","264","346","456","391","0","112","179","201","332","371","0","42","85","145","124","20"
"20244","11260600","중화1동","1094","579","515","0","100","242","296","272","184","0","26","87","133","163","170","0","74","155","163","109","14"
"20244","11305535","미아동","602","363","239","0","27","98","215","196","66","0","4","48","122","131","58","0","23","50","93","65","8"
"20244","11320681","쌍문4동","265","141","124","0","22","64","78","72","29","0","5","31","39","39","27","0","17","33","39","33","2"
"20244","11350624","중계4동","1196","660","536","0","106","246","285","325","234","0","35","118","151","174","182","0","71","128","134","151","52"
"20244","11380570","대조동","1871","924","947","0","163","420","546","470","272","0","28","209","263","207","217","0","135","211","283","263","55"
"20244","11590520","노량진2동","4249","2217","2032","0","675","1269","1038","868","399","0","354","555","478","560","270","0","321","714","560","308","129"
"20244","11590660","대방동","7619","5117","2502","0","1255","2082","1811","1709","762","0","675","1434","1271","1244","493","0","580","648","540","465","269"
"20244","11590620","사당1동","3853","2073","1780","0","619","994","1066","701","473","0","168","485","539","445","436","0","451","509","527","256","37"
"20244","11590550","상도3동","994","611","383","0","25","201","303","246","219","0","17","159","193","123","119","0","8","42","110","123","100"
"20244","11620765","미성동","2895","1745","1150","0","208","509","723","789","666","0","150","311","403","407","474","0","58","198","320","382","192"
"20244","11620745","삼성동","880","512","368","0","54","171","271","264","120","0","20","85","143","146","118","0","34","86","128","118","2"
"20244","11620605","은천동","1371","661","710","0","185","256","287","386","257","0","62","121","150","176","152","0","123","135","137","210","105"
"20244","11620595","청룡동","5147","2832","2315","0","824","1493","1262","1190","378","0","307","759","698","787","281","0","517","734","564","403","97"
"20244","11650660","내곡동","1371","892","479","0","201","283","290","294","303","0","143","205","198","170","176","0","58","78","92","124","127"
"20244","11650600","방배1동","17162","11383","5779","33","3404","5293","4191","3118","1123","33","1614","3231","3090","2562","853","0","1790","2062","1101","556","270"
"20244","11650520","서초2동","66239","43996","22243","88","13886","21876","16612","10157","3620","12","7588","14766","11418","7620","2592","76","6298","7110","5194","2537","1028"
"20244","11650531","서초4동","40288","23041","17247","111","7883","12350","10126","7132","2686","43","2995","7054","6576","4481","1892","68","4888","5296","3550","2651","794"
"20244","11680600","대치1동","18463","9836","8627","12","3377","6035","4609","2876","1554","2","1267","2995","2604","1835","1133","10","2110","3040","2005","1041","421"
"20244","11680510","신사동","27674","16540","11134","0","5756","8383","7085","4225","2225","0","2243","5112","4738","2779","1668","0","3513","3271","2347","1446","557"
"20244","11710632","가락2동","6932","4664","2268","0","913","1467","1386","1306","1860","0","541","999","920","779","1425","0","372","468","466","527","435"
"20244","11710532","거여2동","1556","806","750","0","192","254","391","471","248","0","108","152","198","212","136","0","84","102","193","259","112"
"20244","11710600","석촌동","9531","6317","3214","0","1141","2177","2227","1961","2025","0","666","1581","1500","1141","1429","0","475","596","727","820","596"
"20244","11710580","송파1동","10911","6854","4057","0","1540","2448","2729","2382","1812","0","658","1450","1782","1609","1355","0","882","998","947","773","457"
"20244","11740685","길동","9734","4931","4803","0","1332","1956","2232","2405","1809","0","501","1048","1192","1095","1095","0","831","908","1040","1310","714"
"20244","11740640","성내1동","13187","8961","4226","0","1560","2758","2855","3402","2612","0","892","1723","1870","2465","2011","0","668","1035","985","937","601"
"20244","11740580","암사2동","1552","567","985","0","159","258","369","460","306","0","53","120","151","133","110","0","106","138","218","327","196"
"20244","11740600","천호1동","1673","998","675","0","112","302","431","416","412","0","29","155","217","264","333","0","83","147","214","152","79"
"20244","11740620","천호3동","1173","685","488","0","34","113","188","202","636","0","8","51","93","105","428","0","26","62","95","97","208"
"20244","11560660","신길4동","703","354","349","0","116","169","184","166","68","0","41","78","91","91","53","0","75","91","93","75","15"
"20244","11680750","수서동","19403","10244","9159","15","2762","5225","5216","3859","2326","9","1236","2810","2735","2056","1398","6","1526","2415","2481","1803","928"
"20244","11710680","잠실3동","38665","26212","12453","154","7046","9705","9641","7338","4781","71","3671","6715","7133","5255","3367","83","3375","2990","2508","2083","1414"
"20244","11350580","월계3동","100","50","50","0","11","17","27","28","17","0","4","9","13","14","10","0","7","8","14","14","7"
"20242","11620775","난곡동","847","489","358","0","45","187","211","290","114","0","10","96","105","174","104","0","35","91","106","116","10"
"20242","11620715","난향동","325","158","167","0","35","73","93","72","52","0","5","33","39","37","44","0","30","40","54","35","8"
"20242","11650620","방배3동","10742","7029","3713","48","1697","3188","2906","1747","1156","14","863","1997","2084","1205","866","34","834","1191","822","542","290"
"20242","11620605","은천동","843","405","438","0","113","160","177","233","160","0","36","77","92","105","95","0","77","83","85","128","65"
"20242","11680580","삼성1동","214989","145072","69917","532","43316","64476","57579","38167","10919","264","23280","42620","42460","29923","6525","268","20036","21856","15119","8244","4394"
"20242","11650652","양재2동","44246","33258","10988","2","5872","10847","12472","11704","3349","1","3555","7989","9587","9562","2564","1","2317","2858","2885","2142","785"
"20242","11650540","잠원동","11344","6577","4767","0","2364","3351","2810","1755","1064","0","930","1966","1864","1099","718","0","1434","1385","946","656","346"
"20242","11710642","문정2동","37090","23328","13762","56","5321","11298","11371","6570","2474","22","2550","6380","7795","5037","1544","34","2771","4918","3576","1533","930"
"20242","11710550","마천2동","1272","838","434","0","86","304","378","351","153","0","54","196","220","215","153","0","32","108","158","136","0"
"20242","11710650","잠실본동","10964","7018","3946","0","1485","2111","2566","2444","2358","0","650","1283","1612","1681","1792","0","835","828","954","763","566"
"20242","11710690","잠실4동","4260","3421","839","21","570","1338","1237","902","192","9","410","1097","1020","736","149","12","160","241","217","166","43"
"20242","11110570","무악동","423","113","310","0","120","120","109","52","22","0","27","27","35","13","11","0","93","93","74","39","11"
"20242","11110530","사직동","38826","24316","14510","10","5130","10990","11706","7710","3280","0","2146","6755","8012","5381","2022","10","2984","4235","3694","2329","1258"
"20242","11140570","필동","14869","6999","7870","0","2139","3778","4591","3258","1103","0","724","1871","2163","1529","712","0","1415","1907","2428","1729","391"
"20242","11170650","이태원1동","18256","8052","10204","0","5359","6986","3593","1768","550","0","1406","2928","1988","1280","450","0","3953","4058","1605","488","100"
"20242","11170630","이촌1동","4473","2865","1608","12","724","1207","1253","917","360","10","358","742","884","618","253","2","366","465","369","299","107"
"20242","11140645","청구동","13042","7126","5916","0","1893","3441","3080","2805","1823","0","638","1782","1928","1713","1065","0","1255","1659","1152","1092","758"
"20242","11200535","왕십리도선동","2960","1359","1601","0","490","569","619","733","549","0","167","315","335","308","234","0","323","254","284","425","315"
"20242","11200580","응봉동","419","177","242","0","101","110","89","76","43","0","26","40","40","38","33","0","75","70","49","38","10"
"20242","11230740","이문1동","1176","518","658","0","221","317","334","218","86","0","31","118","166","134","69","0","190","199","168","84","17"
"20242","11260655","망우본동","1159","615","544","0","98","215","274","379","193","0","10","83","129","209","184","0","88","132","145","170","9"
"20242","11215750","중곡2동","1991","1168","823","0","249","400","529","485","328","0","167","233","283","259","226","0","82","167","246","226","102"
"20242","11215760","중곡3동","634","445","189","0","46","161","198","157","72","0","30","127","120","108","60","0","16","34","78","49","12"
"20242","11260630","묵2동","1139","798","341","0","164","286","278","323","88","0","98","195","182","241","82","0","66","91","96","82","6"
"20242","11290660","길음1동","3566","1740","1826","234","1248","878","599","389","218","95","538","463","296","179","169","139","710","415","303","210","49"
"20242","11305545","송중동","918","450","468","0","50","139","298","264","167","0","9","50","126","126","139","0","41","89","172","138","28"
"20242","11305555","송천동","437","246","191","0","3","40","75","139","180","0","0","13","30","95","108","0","3","27","45","44","72"
"20242","11320521","도봉1동","1270","908","362","0","2","94","323","508","343","0","0","52","189","369","298","0","2","42","134","139","45"
"20242","11380590","응암2동","429","287","142","0","47","47","109","131","95","0","27","27","65","79","89","0","20","20","44","52","6"
"20242","11410660","홍은1동","2739","539","2200","0","84","203","752","1311","389","0","28","66","141","159","145","0","56","137","611","1152","244"
"20242","11350621","중계1동","1073","591","482","0","141","235","322","269","106","0","61","128","170","148","84","0","80","107","152","121","22"
"20242","11440590","용강동","12219","7268","4951","0","1787","3015","2894","2427","2096","0","873","1790","1915","1413","1277","0","914","1225","979","1014","819"
"20242","11440700","망원2동","3385","2037","1348","0","424","630","726","1032","573","0","237","469","514","481","336","0","187","161","212","551","237"
"20242","11440740","상암동","13325","8216","5109","18","2819","4883","3639","1493","473","7","1235","3088","2422","1062","402","11","1584","1795","1217","431","71"
"20242","11440710","연남동","2215","1408","807","0","345","535","564","485","286","0","148","286","341","348","285","0","197","249","223","137","1"
"20242","11470610","신월6동","536","314","222","0","54","102","123","145","112","0","20","53","66","82","93","0","34","49","57","63","19"
"20242","11470520","목2동","2740","1533","1207","0","380","667","730","628","335","0","180","364","406","359","224","0","200","303","324","269","111"
"20242","11410655","홍제2동","239","120","119","0","32","51","64","56","36","0","10","33","32","27","18","0","22","18","32","29","18"
"20242","11500530","등촌2동","1806","1072","734","0","208","362","441","468","327","0","87","198","264","298","225","0","121","164","177","170","102"
"20242","11500550","화곡2동","5028","3087","1941","0","634","1386","1303","1218","487","0","384","921","806","640","336","0","250","465","497","578","151"
"20242","11530760","개봉3동","1071","671","400","0","128","273","284","235","151","0","64","174","174","136","123","0","64","99","110","99","28"
"20242","11470620","신정1동","6180","3613","2567","23","1091","1552","1551","1317","646","23","452","968","933","764","473","0","639","584","618","553","173"
"20242","11545630","독산3동","2918","2129","789","0","196","447","538","583","1154","0","105","283","289","347","1105","0","91","164","249","236","49"
"20242","11530595","가리봉동","563","259","304","0","12","95","138","127","191","0","2","46","57","46","108","0","10","49","81","81","83"
"20242","11560700","대림1동","1030","374","656","0","346","246","228","163","47","0","56","81","114","82","41","0","290","165","114","81","6"
"20242","11560690","신길7동","1873","1285","588","0","215","359","423","539","337","0","132","246","286","350","271","0","83","113","137","189","66"
"20242","11590660","대방동","6596","4405","2191","0","1090","1797","1560","1479","670","0","586","1230","1088","1073","428","0","504","567","472","406","242"
"20242","11560540","여의동","201758","143165","58593","463","37097","72314","51883","30938","9063","170","20475","51688","40070","24622","6140","293","16622","20626","11813","6316","2923"
"20242","11590510","노량진1동","2666","1489","1177","0","345","641","679","637","364","0","143","366","410","345","225","0","202","275","269","292","139"
"20242","11620585","낙성대동","4335","2394","1941","0","707","1489","929","669","541","0","320","783","481","387","423","0","387","706","448","282","118"
"20242","11620575","행운동","1975","1109","866","0","291","488","466","453","277","0","142","277","248","236","206","0","149","211","218","217","71"
"20242","11650651","양재1동","20452","13209","7243","233","4798","5664","4641","3059","2057","111","2432","3807","3269","2041","1549","122","2366","1857","1372","1018","508"
"20242","11680640","역삼1동","157737","93388","64349","188","31880","48041","40695","27564","9369","45","15270","29978","26576","14929","6590","143","16610","18063","14119","12635","2779"
"20242","11620545","청림동","220","126","94","0","32","73","73","33","9","0","13","42","43","21","7","0","19","31","30","12","2"
"20242","11650580","반포3동","2501","1395","1106","1","398","637","553","502","410","0","169","375","365","292","194","1","229","262","188","210","216"
"20242","11710580","송파1동","20397","12734","7663","0","2895","4579","5069","4438","3416","0","1236","2704","3295","2981","2518","0","1659","1875","1774","1457","898"
"20242","11710590","송파2동","3402","2143","1259","3","542","847","891","810","309","3","262","537","641","506","194","0","280","310","250","304","115"
"20242","11740685","길동","7262","3689","3573","0","1013","1459","1661","1781","1348","0","388","781","888","816","816","0","625","678","773","965","532"
"20242","11710520","풍납2동","372","182","190","0","81","126","92","57","16","0","22","65","48","35","12","0","59","61","44","22","4"
"20242","11740560","고덕2동","888","563","325","0","44","111","200","312","221","0","4","48","116","215","180","0","40","63","84","97","41"
"20242","11110650","혜화동","4341","2119","2222","0","699","1189","1063","871","519","0","235","582","565","449","288","0","464","607","498","422","231"
"20242","11140590","광희동","52790","26286","26504","469","15141","13894","10859","8353","4074","187","7353","8084","6266","2845","1551","282","7788","5810","4593","5508","2523"
"20242","11110600","가회동","10719","7983","2736","1","1143","3698","3218","2018","641","1","592","2713","2522","1658","497","0","551","985","696","360","144"
"20242","11110700","숭인1동","195","87","108","0","35","43","48","45","24","0","0","18","24","24","21","0","35","25","24","21","3"
"20242","11170530","남영동","16969","7145","9824","127","6466","4190","3236","2179","771","4","1220","2248","1917","1172","584","123","5246","1942","1319","1007","187"
"20242","11170690","서빙고동","7358","4832","2526","0","1309","2194","2273","1168","414","0","630","1283","1661","931","327","0","679","911","612","237","87"
"20242","11200720","송정동","720","467","253","0","89","177","189","148","117","0","42","113","110","94","108","0","47","64","79","54","9"
"20242","11140650","신당5동","604","327","277","0","23","140","177","156","108","0","6","53","90","87","91","0","17","87","87","69","17"
"20242","11215810","광장동","5323","3225","2098","34","1657","1406","1035","822","369","5","794","905","699","551","271","29","863","501","336","271","98"
"20242","11230536","용신동","16487","8520","7967","0","2055","3648","4057","4032","2695","0","970","2096","2140","1845","1469","0","1085","1552","1917","2187","1226"
"20242","11260570","면목7동","581","344","237","0","36","88","164","191","102","0","0","37","89","116","102","0","36","51","75","75","0"
"20242","11290575","동선동","3905","1936","1969","0","490","821","897","1010","687","0","141","354","439","563","439","0","349","467","458","447","248"
"20242","11290685","길음2동","286","107","179","0","15","57","88","92","34","0","3","17","42","28","17","0","12","40","46","64","17"
"20242","11290610","보문동","2689","2024","665","0","256","800","564","563","506","0","137","635","450","450","352","0","119","165","114","113","154"
"20242","11290525","성북동","15450","11773","3677","0","2024","3799","4489","4473","665","0","1117","2658","3552","3982","464","0","907","1141","937","491","201"
"20242","11290705","종암동","12167","6414","5753","0","1062","3086","4289","3464","266","0","462","1143","1961","2686","162","0","600","1943","2328","778","104"
"20242","11305595","번1동","1761","1098","663","0","177","360","344","496","384","0","73","233","217","342","233","0","104","127","127","154","151"
"20242","11305660","인수동","2202","1334","868","0","166","434","598","681","323","0","37","246","377","410","264","0","129","188","221","271","59"
"20242","11320513","창3동","529","295","234","0","9","101","227","170","22","0","0","64","138","71","22","0","9","37","89","99","0"
"20242","11320514","창4동","1452","913","539","0","156","276","355","401","264","0","66","146","211","271","219","0","90","130","144","130","45"
"20242","11350665","상계3?4동","419","316","103","0","7","18","115","179","100","0","0","9","75","139","93","0","7","9","40","40","7"
"20242","11380631","신사1동","1154","619","535","0","103","247","272","297","235","0","36","121","151","143","168","0","67","126","121","154","67"
"20242","11380520","불광1동","1687","719","968","0","233","406","462","394","192","0","80","174","196","171","98","0","153","232","266","223","94"
"20242","11380530","불광2동","10488","5018","5470","0","421","1495","1788","2315","4469","0","99","764","731","950","2474","0","322","731","1057","1365","1995"
"20242","11350720","상계10동","386","161","225","0","60","82","103","111","30","0","12","34","39","53","23","0","48","48","64","58","7"
"20242","11380580","응암1동","1751","972","779","0","169","291","418","407","466","0","70","141","217","205","339","0","99","150","201","202","127"
"20242","11380690","진관동","640","337","303","0","56","161","179","158","86","0","24","102","102","65","44","0","32","59","77","93","42"
"20242","11410555","북아현동","938","686","252","0","98","217","259","266","98","0","40","161","201","205","79","0","58","56","58","61","19"
"20242","11440565","공덕동","12823","7440","5383","4","2870","3550","3515","2252","632","0","1131","1885","2247","1701","476","4","1739","1665","1268","551","156"
"20242","11440600","대흥동","3136","1546","1590","0","1294","715","453","431","243","0","498","369","248","262","169","0","796","346","205","169","74"
"20242","11380570","대조동","1501","744","757","0","145","336","421","365","234","0","34","166","202","163","179","0","111","170","219","202","55"
"20242","11440660","서교동","24904","12720","12184","0","5217","7000","5782","4116","2789","0","2141","3500","3181","2168","1730","0","3076","3500","2601","1948","1059"
"20242","11440555","아현동","4414","2432","1982","0","838","1434","1260","748","134","0","366","802","704","456","104","0","472","632","556","292","30"
"20242","11440730","성산2동","1476","660","816","0","112","280","410","480","194","0","34","138","184","188","116","0","78","142","226","292","78"
"20242","11500540","화곡1동","3969","2254","1715","0","349","832","1008","1149","631","0","153","490","555","647","409","0","196","342","453","502","222"
"20242","11500570","화곡4동","1640","727","913","0","382","457","340","309","152","0","75","195","168","168","121","0","307","262","172","141","31"
"20242","11500630","방화1동","3439","2722","717","0","337","736","859","997","510","0","258","605","691","829","339","0","79","131","168","168","171"
"20242","11530720","고척1동","2225","1591","634","0","191","454","593","674","313","0","100","308","414","509","260","0","91","146","179","165","53"
"20242","11470640","신정3동","1399","1010","389","0","110","269","354","299","367","0","53","166","241","211","339","0","57","103","113","88","28"
"20242","11545690","시흥3동","1998","1185","813","0","142","294","462","523","577","0","74","191","269","285","366","0","68","103","193","238","211"
"20242","11545620","독산2동","1302","759","543","0","131","270","316","418","167","0","73","122","158","256","150","0","58","148","158","162","17"
"20242","11590630","사당2동","1408","771","637","0","219","421","389","261","118","0","104","253","231","120","63","0","115","168","158","141","55"
"20242","11560660","신길4동","715","357","358","0","119","170","184","169","73","0","41","79","90","91","56","0","78","91","94","78","17"
"20242","11560535","영등포동","13005","7280","5725","0","2384","3229","3101","2575","1716","0","876","1800","1932","1515","1157","0","1508","1429","1169","1060","559"
"20242","11620645","서원동","1726","698","1028","0","315","377","319","391","324","0","66","147","161","142","182","0","249","230","158","249","142"
"20242","11620565","성현동","1199","452","747","1","174","211","274","365","174","1","80","111","124","97","39","0","94","100","150","268","135"
"20242","11590605","흑석동","76","46","30","0","0","20","26","20","10","0","0","10","16","10","10","0","0","10","10","10","0"
"20242","11620745","삼성동","713","410","303","0","57","137","210","208","101","0","24","68","110","113","95","0","33","69","100","95","6"
"20242","11650610","방배2동","32778","15950","16828","0","5555","8420","9041","6297","3465","0","1921","3769","4172","3737","2351","0","3634","4651","4869","2560","1114"
"20242","11620625","인헌동","909","532","377","0","187","277","240","135","70","0","83","173","145","69","62","0","104","104","95","66","8"
"20242","11590651","사당5동","1281","702","579","0","146","324","393","314","104","0","62","148","205","183","104","0","84","176","188","131","0"
"20242","11650510","서초1동","41721","23337","18384","2","8767","10822","9223","10183","2724","0","3149","5819","5339","7051","1979","2","5618","5003","3884","3132","745"
"20242","11680655","도곡1동","28100","19906","8194","41","4805","6545","7823","7121","1765","41","2437","4289","5882","5824","1433","0","2368","2256","1941","1297","332"
"20242","11650600","방배1동","17414","11559","5855","41","3449","5375","4250","3161","1138","39","1636","3280","3137","2605","862","2","1813","2095","1113","556","276"
"20242","11710531","거여1동","3002","2255","747","0","756","872","726","395","253","0","526","699","562","273","195","0","230","173","164","122","58"
"20242","11680600","대치1동","14138","7534","6604","16","2582","4621","3529","2200","1190","5","970","2293","1994","1405","867","11","1612","2328","1535","795","323"
"20242","11740530","명일1동","2757","1540","1217","0","409","742","700","494","412","0","186","454","459","252","189","0","223","288","241","242","223"
"20242","11110560","평창동","10316","5791","4525","0","1273","2770","3382","2246","645","0","613","1416","1999","1349","414","0","660","1354","1383","897","231"
"20242","11110580","교남동","689","411","278","0","68","180","196","143","102","0","18","91","117","98","87","0","50","89","79","45","15"
"20242","11140605","을지로동","15636","8536","7100","0","3783","3785","3429","2735","1904","0","986","2093","2230","1893","1334","0","2797","1692","1199","842","570"
"20242","11170685","한남동","28708","21055","7653","15","4744","8508","7564","6602","1275","15","2258","5674","6131","5934","1043","0","2486","2834","1433","668","232"
"20242","11140635","약수동","9944","3844","6100","19","1603","3722","2752","1363","485","0","491","1311","913","781","348","19","1112","2411","1839","582","137"
"20242","11200690","성수2가3동","40575","25998","14577","49","6680","10329","10153","8152","5212","49","3704","6900","6833","4917","3595","0","2976","3429","3320","3235","1617"
"20242","11200550","사근동","324","243","81","0","5","56","119","106","38","0","0","37","83","85","38","0","5","19","36","21","0"
"20242","11215830","자양2동","1864","1164","700","0","259","417","499","494","195","0","179","271","290","268","156","0","80","146","209","226","39"
"20242","11200540","마장동","6039","4290","1749","0","487","1069","1386","2007","1090","0","292","742","1009","1423","824","0","195","327","377","584","266"
"20242","11260550","면목5동","837","620","217","0","52","126","244","229","186","0","51","113","119","152","185","0","1","13","125","77","1"
"20242","11230730","휘경2동","844","434","410","0","108","190","220","206","120","0","28","90","116","108","92","0","80","100","104","98","28"
"20242","11305645","우이동","1300","825","475","0","28","71","181","335","685","0","0","30","102","236","457","0","28","41","79","99","228"
"20242","11305615","수유1동","870","390","480","0","47","138","255","294","136","0","0","42","101","129","118","0","47","96","154","165","18"
"20242","11290600","안암동","2475","1658","817","0","312","670","722","549","222","0","160","420","465","406","207","0","152","250","257","143","15"
"20242","11290760","장위1동","390","212","178","0","70","86","102","81","51","0","34","51","51","38","38","0","36","35","51","43","13"
"20242","11290630","정릉2동","1024","425","599","0","152","258","288","233","93","0","13","99","112","109","92","0","139","159","176","124","1"
"20242","11290620","정릉1동","471","264","207","0","42","88","110","141","90","0","0","31","55","89","89","0","42","57","55","52","1"
"20242","11380551","갈현1동","1802","910","892","0","301","427","432","414","228","0","107","219","216","208","160","0","194","208","216","206","68"
"20242","11380632","신사2동","775","567","208","0","75","157","208","198","137","0","64","111","121","136","135","0","11","46","87","62","2"
"20242","11440690","망원1동","2526","1428","1098","0","705","713","534","377","197","0","405","383","262","226","152","0","300","330","272","151","45"
"20242","11470510","목1동","12735","8256","4479","6","2216","3475","3185","2594","1259","4","1037","2276","2256","1863","820","2","1179","1199","929","731","439"
"20242","11500641","방화3동","1716","1110","606","0","167","368","437","471","273","0","84","195","270","329","232","0","83","173","167","142","41"
"20242","11530560","구로5동","10695","6744","3951","2","1512","2515","2776","2368","1522","2","849","1734","1834","1405","920","0","663","781","942","963","602"
"20242","11500593","화곡8동","1483","820","663","0","190","418","448","260","167","0","85","224","224","167","120","0","105","194","224","93","47"
"20242","11530530","구로2동","10444","6475","3969","2","1234","2439","2637","2650","1482","1","570","1448","1584","1747","1125","1","664","991","1053","903","357"
"20242","11545610","독산1동","9731","6253","3478","0","742","1316","1630","2147","3896","0","444","878","1050","1327","2554","0","298","438","580","820","1342"
"20242","11545640","독산4동","1104","651","453","0","118","187","231","265","303","0","83","112","143","127","186","0","35","75","88","138","117"
"20242","11560720","대림3동","4344","2834","1510","0","416","910","1139","1044","835","0","213","646","818","661","496","0","203","264","321","383","339"
"20242","11560710","대림2동","2866","1461","1405","0","532","685","636","443","570","0","210","364","272","248","367","0","322","321","364","195","203"
"20242","11590540","상도2동","805","415","390","0","85","199","217","208","96","0","38","104","113","104","56","0","47","95","104","104","40"
"20242","11620665","서림동","1147","651","496","0","162","208","290","249","238","0","81","109","155","149","157","0","81","99","135","100","81"
"20242","11650531","서초4동","32314","18482","13832","106","6315","9902","8120","5716","2155","45","2399","5657","5270","3593","1518","61","3916","4245","2850","2123","637"
"20242","11680656","도곡2동","114106","78028","36078","535","21806","44841","32782","11818","2324","341","11652","30710","25200","8601","1524","194","10154","14131","7582","3217","800"
"20242","11650560","반포1동","7778","4809","2969","0","1415","2610","1960","1182","611","0","667","1708","1316","656","462","0","748","902","644","526","149"
"20242","11710641","문정1동","26466","20449","6017","0","2405","4938","7625","9988","1510","0","1416","3562","5935","8559","977","0","989","1376","1690","1429","533"
"20242","11740540","명일2동","1737","1190","547","0","208","495","466","366","202","0","106","350","338","235","161","0","102","145","128","131","41"
"20242","11710600","석촌동","6810","4488","2322","0","830","1552","1584","1401","1443","0","480","1118","1066","815","1009","0","350","434","518","586","434"
"20242","11710680","잠실3동","27271","18487","8784","116","4969","6844","6801","5172","3369","54","2589","4736","5029","3704","2375","62","2380","2108","1772","1468","994"
"20242","11110670","창신1동","1699","726","973","0","47","291","578","475","308","0","5","73","193","218","237","0","42","218","385","257","71"
"20242","11110680","창신2동","56","4","52","0","0","0","13","32","11","0","0","0","0","4","0","0","0","0","13","28","11"
"20242","11110690","창신3동","96","40","56","0","8","26","25","32","5","0","1","9","9","16","5","0","7","17","16","16","0"
"20242","11110640","이화동","1345","750","595","0","200","338","352","283","172","0","62","151","211","193","133","0","138","187","141","90","39"
"20242","11140615","신당동","4003","2167","1836","0","1228","845","749","713","468","0","533","448","383","475","328","0","695","397","366","238","140"
"20242","11170570","원효로2동","2630","1920","710","0","416","808","735","425","246","0","241","579","569","324","207","0","175","229","166","101","39"
"20242","11170660","이태원2동","755","430","325","0","113","269","216","104","53","0","53","147","117","60","53","0","60","122","99","44","0"
"20242","11170640","이촌2동","1693","1143","550","0","245","462","500","367","119","0","113","288","375","281","86","0","132","174","125","86","33"
"20242","11170625","한강로동","44336","21895","22441","62","9063","13874","12681","6513","2143","27","3691","6496","6309","3962","1410","35","5372","7378","6372","2551","733"
"20242","11140680","중림동","2924","1636","1288","0","613","949","767","396","199","0","278","515","430","266","147","0","335","434","337","130","52"
"20242","11200560","행당1동","1334","918","416","0","164","282","346","388","154","0","82","178","242","295","121","0","82","104","104","93","33"
"20242","11200620","금호4가동","419","249","170","0","52","95","117","100","55","0","18","48","77","61","45","0","34","47","40","39","10"
"20242","11230660","장안2동","4530","2436","2094","0","1404","880","925","850","471","0","727","505","431","411","362","0","677","375","494","439","109"
"20242","11230570","전농2동","885","462","423","0","105","184","234","238","124","0","43","86","127","124","82","0","62","98","107","114","42"
"20242","11230705","청량리동","1775","954","821","0","307","538","337","325","268","0","109","313","187","186","159","0","198","225","150","139","109"
"20242","11260600","중화1동","893","475","418","0","84","197","241","218","153","0","24","75","113","128","135","0","60","122","128","90","18"
"20242","11290580","돈암1동","152","71","81","0","44","46","31","22","9","0","11","23","17","12","8","0","33","23","14","10","1"
"20242","11305535","미아동","4013","2324","1689","0","289","706","1241","1212","565","0","89","346","702","760","427","0","200","360","539","452","138"
"20242","11290650","정릉4동","948","588","360","0","56","144","234","316","198","0","10","72","151","216","139","0","46","72","83","100","59"
"20242","11320681","쌍문4동","175","92","83","0","16","40","52","47","20","0","3","19","26","26","18","0","13","21","26","21","2"
"20242","11380640","증산동","1869","1221","648","0","238","503","513","433","182","0","107","333","338","292","151","0","131","170","175","141","31"
"20242","11410700","남가좌2동","903","464","439","0","77","189","270","275","92","0","10","89","128","153","84","0","67","100","142","122","8"
"20242","11410720","북가좌2동","1266","642","624","0","165","250","294","335","222","0","26","127","171","179","139","0","139","123","123","156","83"
"20242","11410615","연희동","21401","14196","7205","0","3384","5345","4614","6001","2057","0","1892","3596","2902","4324","1482","0","1492","1749","1712","1677","575"
"20242","11410565","충현동","11306","7045","4261","0","1398","2898","3003","2692","1315","0","657","1760","1909","1774","945","0","741","1138","1094","918","370"
"20242","11410520","천연동","913","491","422","0","68","146","243","327","129","0","17","66","137","191","80","0","51","80","106","136","49"
"20242","11380560","구산동","1455","777","678","0","169","270","323","474","219","0","66","121","151","294","145","0","103","149","172","180","74"
"20242","11380650","수색동","244","158","86","0","31","66","60","48","39","0","15","43","38","31","31","0","16","23","22","17","8"
"20242","11440680","합정동","5432","3054","2378","0","887","1599","1455","984","507","0","330","786","912","657","369","0","557","813","543","327","138"
"20242","11470560","신월1동","1782","1174","608","0","137","307","419","613","306","0","76","191","250","414","243","0","61","116","169","199","63"
"20242","11470570","신월2동","1190","691","499","0","91","193","323","332","251","0","53","116","164","178","180","0","38","77","159","154","71"
"20242","11440630","신수동","2170","1233","937","0","263","605","610","533","159","0","97","284","350","371","131","0","166","321","260","162","28"
"20242","11470611","신월7동","2299","1509","790","0","248","381","469","549","652","0","186","289","313","331","390","0","62","92","156","218","262"
"20242","11500603","가양1동","2416","1516","900","0","252","505","556","588","515","0","101","310","337","384","384","0","151","195","219","204","131"
"20242","11500605","가양3동","1182","761","421","2","198","262","332","246","142","1","130","175","213","146","96","1","68","87","119","100","46"
"20242","11530770","오류1동","2151","1374","777","0","275","401","535","627","313","0","201","276","321","356","220","0","74","125","214","271","93"
"20242","11545510","가산동","95655","62951","32704","283","18856","29752","23688","14009","9067","185","10008","19990","17091","9311","6366","98","8848","9762","6597","4698","2701"
"20242","11560605","문래동","71867","52241","19626","32","11101","23517","22164","11324","3729","6","6202","17886","18113","7686","2348","26","4899","5631","4051","3638","1381"
"20242","11560680","신길6동","1442","930","512","0","138","347","388","317","252","0","69","221","237","209","194","0","69","126","151","108","58"
"20242","11560620","양평2동","11342","6502","4840","0","2061","3101","3143","1963","1074","0","894","1873","1781","1158","796","0","1167","1228","1362","805","278"
"20242","11590560","상도4동","710","424","286","0","83","171","186","177","93","0","39","99","109","128","49","0","44","72","77","49","44"
"20242","11590530","상도1동","2227","1282","945","0","354","543","540","492","298","0","152","302","327","299","202","0","202","241","213","193","96"
"20242","11680630","대치4동","31032","19078","11954","67","4984","9245","8439","5292","3005","0","2142","5591","5771","3707","1867","67","2842","3654","2668","1585","1138"
"20242","11680510","신사동","25038","14951","10087","0","5207","7580","6409","3823","2019","0","2025","4624","4287","2509","1506","0","3182","2956","2122","1314","513"
"20242","11680690","개포4동","6678","4824","1854","0","809","1516","1891","1595","867","0","402","1015","1435","1247","725","0","407","501","456","348","142"
"20242","11680670","개포2동","8731","5723","3008","4","1535","2490","2091","1621","990","0","820","1664","1440","1034","765","4","715","826","651","587","225"
"20242","11680650","역삼2동","68537","40632","27905","152","15811","19055","16307","12155","5057","43","7630","12199","10844","6356","3560","109","8181","6856","5463","5799","1497"
"20242","11710561","방이1동","8432","6181","2251","0","874","1654","2217","2258","1429","0","420","1055","1654","1811","1241","0","454","599","563","447","188"
"20242","11710562","방이2동","40058","23009","17049","7","6471","10275","9044","8561","5700","7","3632","6681","5532","4014","3143","0","2839","3594","3512","4547","2557"
"20242","11710532","거여2동","1196","618","578","0","150","198","297","359","192","0","84","117","150","163","104","0","66","81","147","196","88"
"20242","11680660","개포1동","1310","805","505","5","206","347","341","271","140","2","93","192","235","183","100","3","113","155","106","88","40"
"20242","11710646","장지동","3218","2180","1038","0","351","512","766","847","742","0","193","341","508","589","549","0","158","171","258","258","193"
"20242","11740550","고덕1동","653","337","316","0","74","143","169","156","111","0","33","80","82","71","71","0","41","63","87","85","40"
"20242","11710710","잠실6동","59905","31919","27986","111","9537","15898","17089","15283","1987","31","4414","9772","9864","6342","1496","80","5123","6126","7225","8941","491"
"20242","11710566","오륜동","15516","8991","6525","17","2517","4692","4029","3106","1155","5","1014","2440","2590","2057","885","12","1503","2252","1439","1049","270"
"20242","11110515","청운효자동","5377","3480","1897","1","988","1564","1499","958","367","0","431","980","1114","694","261","1","557","584","385","264","106"
"20242","11140665","동화동","1010","451","559","0","165","241","258","219","127","0","47","80","126","118","80","0","118","161","132","101","47"
"20242","11110540","삼청동","3669","3043","626","0","438","986","1160","876","209","0","284","763","1005","792","199","0","154","223","155","84","10"
"20242","11170520","용산2가동","415","312","103","0","5","69","172","164","5","0","0","37","138","132","5","0","5","32","34","32","0"
"20242","11200650","성수1가1동","2207","1375","832","0","274","467","495","593","378","0","125","290","315","403","242","0","149","177","180","190","136"
"20242","11200670","성수2가1동","7294","4668","2626","17","1689","2131","1695","1190","572","9","756","1383","1164","851","505","8","933","748","531","339","67"
"20242","11140580","장충동","5048","2670","2378","4","1160","1388","1309","970","217","0","409","777","777","561","146","4","751","611","532","409","71"
"20242","11215847","자양4동","329","275","54","0","0","22","85","104","118","0","0","18","59","80","118","0","0","4","26","24","0"
"20242","11215820","자양1동","7514","5952","1562","0","497","1061","2050","3078","828","0","218","691","1645","2673","725","0","279","370","405","405","103"
"20242","11260575","면목3?8동","1509","983","526","0","105","262","412","433","297","0","18","138","250","327","250","0","87","124","162","106","47"
"20242","11230710","회기동","40","17","23","0","0","8","14","11","7","0","0","0","6","4","7","0","0","8","8","7","0"
"20242","11230720","휘경1동","682","425","257","0","55","139","180","180","128","0","14","88","118","129","76","0","41","51","62","51","52"
"20242","11260565","면목본동","752","415","337","0","56","193","213","201","89","0","0","98","114","114","89","0","56","95","99","87","0"
"20242","11320670","쌍문2동","838","486","352","0","77","142","209","260","150","0","10","67","109","167","133","0","67","75","100","93","17"
"20242","11320660","쌍문1동","650","315","335","0","53","100","188","203","106","0","0","33","70","106","106","0","53","67","118","97","0"
"20242","11350600","공릉2동","2062","953","1109","0","342","519","504","483","214","0","103","236","236","239","139","0","239","283","268","244","75"
"20242","11320511","창1동","807","363","444","0","107","164","221","226","89","0","36","65","97","105","60","0","71","99","124","121","29"
"20242","11350611","하계1동","439","276","163","0","50","93","109","127","60","0","23","54","64","88","47","0","27","39","45","39","13"
"20242","11320710","방학3동","923","556","367","0","160","211","217","213","122","0","102","121","138","103","92","0","58","90","79","110","30"
"20242","11410685","홍은2동","1905","1237","668","0","303","524","472","411","195","0","176","340","302","271","148","0","127","184","170","140","47"
"20242","11350624","중계4동","1023","565","458","0","96","210","241","274","202","0","35","101","127","147","155","0","61","109","114","127","47"
"20242","11350580","월계3동","63","33","30","0","6","12","18","18","9","0","3","6","9","9","6","0","3","6","9","9","3"
"20242","11380510","녹번동","2119","1129","990","0","230","496","588","572","233","0","109","238","279","344","159","0","121","258","309","228","74"
"20242","11470590","신월4동","960","654","306","0","32","115","229","322","262","0","11","63","129","219","232","0","21","52","100","103","30"
"20242","11470600","신월5동","1297","733","564","0","140","342","341","338","136","0","65","171","178","201","118","0","75","171","163","137","18"
"20242","11500520","등촌1동","4511","2729","1782","0","900","1179","1002","805","625","0","330","749","698","533","419","0","570","430","304","272","206"
"20242","11500535","등촌3동","10445","5539","4906","0","1309","2231","2338","2582","1985","0","576","1217","1365","1257","1124","0","733","1014","973","1325","861"
"20242","11500640","방화2동","1685","1181","504","0","129","321","390","484","361","0","79","210","269","317","306","0","50","111","121","167","55"
"20242","11500615","우장산동","2596","1441","1155","0","570","585","557","547","337","0","213","341","332","330","225","0","357","244","225","217","112"
"20242","11530730","고척2동","1156","743","413","0","106","267","310","325","148","0","74","170","183","187","129","0","32","97","127","138","19"
"20242","11530740","개봉1동","17477","10202","7275","0","1472","3762","4205","4673","3365","0","764","2092","2152","2663","2531","0","708","1670","2053","2010","834"
"20242","11530750","개봉2동","6326","3136","3190","0","1127","1538","1510","1508","643","0","642","983","672","506","333","0","485","555","838","1002","310"
"20242","11530550","구로4동","1050","582","468","0","85","224","270","268","203","0","28","128","140","140","146","0","57","96","130","128","57"
"20242","11470630","신정2동","20043","11522","8521","4","3632","6521","5379","3543","964","0","1470","3585","3332","2362","773","4","2162","2936","2047","1181","191"
"20242","11545670","시흥1동","3572","1926","1646","0","528","853","851","897","443","0","244","426","426","507","323","0","284","427","425","390","120"
"20242","11560670","신길5동","785","379","406","0","51","176","276","205","77","0","20","78","101","104","76","0","31","98","175","101","1"
"20242","11560610","양평1동","8546","4969","3577","4","1697","1985","1904","1717","1239","0","867","1270","1140","884","808","4","830","715","764","833","431"
"20242","11620685","신사동","3039","2125","914","0","493","903","913","537","193","0","219","619","723","418","146","0","274","284","190","119","47"
"20242","11620655","신원동","432","275","157","0","8","100","129","124","71","0","8","58","83","78","48","0","0","42","46","46","23"
"20242","11620735","대학동","396","336","60","0","40","105","122","105","24","0","27","81","109","95","24","0","13","24","13","10","0"
"20242","11620525","보라매동","8912","4593","4319","0","1090","2068","2150","2290","1314","0","417","1051","1099","1085","941","0","673","1017","1051","1205","373"
"20242","11620725","조원동","2571","1609","962","0","494","638","630","551","258","0","227","413","403","374","192","0","267","225","227","177","66"
"20242","11650621","방배4동","14768","9129","5639","0","2559","4085","3682","2821","1621","0","1082","2405","2494","1977","1171","0","1477","1680","1188","844","450"
"20242","11650590","방배본동","16801","9303","7498","36","3151","4342","4477","3005","1790","36","1068","2264","2609","1955","1371","0","2083","2078","1868","1050","419"
"20242","11590650","사당4동","793","419","374","0","70","118","180","148","277","0","29","61","75","66","188","0","41","57","105","82","89"
"20242","11680531","논현2동","56378","36111","20267","0","10816","16385","13654","9141","6382","0","4704","9805","9712","6968","4922","0","6112","6580","3942","2173","1460"
"20242","11680610","대치2동","84405","47202","37203","501","15329","23218","19449","15907","10001","217","7058","14207","12498","8214","5008","284","8271","9011","6951","7693","4993"
"20242","11680545","압구정동","37832","21271","16561","140","8406","11813","8694","5698","3081","35","3120","6640","5844","3730","1902","105","5286","5173","2850","1968","1179"
"20242","11650581","반포4동","63769","56313","7456","13","6374","13553","17207","23722","2900","3","4843","11276","15276","22550","2365","10","1531","2277","1931","1172","535"
"20242","11650550","반포본동","6068","3302","2766","12","1002","2001","1732","1039","282","7","366","1091","971","650","217","5","636","910","761","389","65"
"20242","11710620","가락본동","24272","14661","9611","0","3301","5848","5560","4765","4798","0","1578","3644","3720","2761","2958","0","1723","2204","1840","2004","1840"
"20242","11680590","삼성2동","54523","31356","23167","51","11003","17708","13865","7714","4182","16","4563","10420","9261","4333","2763","35","6440","7288","4604","3381","1419"
"20242","11740515","강일동","149","100","49","0","20","31","43","38","17","0","10","22","28","25","15","0","10","9","15","13","2"
"20242","11740600","천호1동","5665","3330","2335","0","439","1033","1447","1387","1359","0","133","532","732","860","1073","0","306","501","715","527","286"
"20242","11740620","천호3동","827","482","345","0","24","74","133","143","453","0","4","32","66","74","306","0","20","42","67","69","147"
"20242","11740640","성내1동","11908","8086","3822","0","1414","2494","2569","3068","2363","0","810","1558","1682","2219","1817","0","604","936","887","849","546"
"20242","11140550","명동","127964","74078","53886","25","20947","43132","34747","22800","6313","0","8365","22222","22388","16811","4292","25","12582","20910","12359","5989","2021"
"20242","11110710","숭인2동","1439","731","708","0","204","250","348","353","284","0","53","116","196","212","154","0","151","134","152","141","130"
"20242","11140670","황학동","918","675","243","0","117","277","259","167","98","0","90","178","169","140","98","0","27","99","90","27","0"
"20242","11200660","성수1가2동","4957","3435","1522","0","790","1011","1047","1084","1025","0","474","674","677","778","832","0","316","337","370","306","193"
"20242","11215860","구의2동","1846","1169","677","0","260","317","479","506","284","0","131","177","319","333","209","0","129","140","160","173","75"
"20242","11200570","행당2동","3","0","3","0","0","1","1","1","0","0","0","0","0","0","0","0","0","1","1","1","0"
"20242","11230600","답십리1동","1771","852","919","0","255","366","493","475","182","0","173","244","177","130","128","0","82","122","316","345","54"
"20242","11230560","전농1동","387","311","76","0","17","40","138","147","45","0","15","30","119","118","29","0","2","10","19","29","16"
"20242","11260540","면목4동","396","338","58","0","6","50","122","171","47","0","2","38","96","155","47","0","4","12","26","16","0"
"20242","11260610","중화2동","372","249","123","0","10","23","122","94","123","0","4","10","61","61","113","0","6","13","61","33","10"
"20242","11290590","돈암2동","446","272","174","1","69","107","142","80","47","0","32","64","96","59","21","1","37","43","46","21","26"
"20242","11290810","석관동","1554","1144","410","0","43","191","284","332","704","0","20","138","172","226","588","0","23","53","112","106","116"
"20242","11290725","월곡2동","3056","1939","1117","0","488","877","749","536","406","0","244","572","451","321","351","0","244","305","298","215","55"
"20242","11305635","수유3동","2578","1325","1253","0","200","650","702","721","305","0","51","273","325","450","226","0","149","377","377","271","79"
"20242","11305575","삼각산동","269","146","123","0","48","74","92","38","17","0","18","42","50","19","17","0","30","32","42","19","0"
"20242","11305625","수유2동","1213","668","545","0","10","32","246","393","532","0","0","19","162","273","214","0","10","13","84","120","318"
"20242","11320700","방학2동","420","192","228","0","5","94","106","94","121","0","0","47","49","47","49","0","5","47","57","47","72"
"20242","11290780","장위3동","283","174","109","0","36","53","65","74","55","0","8","28","37","46","55","0","28","25","28","28","0"
"20242","11290640","정릉3동","238","194","44","0","29","81","60","45","23","0","21","62","52","40","19","0","8","19","8","5","4"
"20242","11350700","상계8동","526","276","250","0","73","153","129","119","52","0","26","97","54","65","34","0","47","56","75","54","18"
"20242","11320522","도봉2동","608","390","218","0","22","66","106","157","257","0","6","33","59","102","190","0","16","33","47","55","67"
"20242","11470580","신월3동","861","507","354","0","67","160","199","277","158","0","19","64","103","179","142","0","48","96","96","98","16"
"20242","11470650","신정4동","7068","3933","3135","0","1170","1243","1364","1504","1787","0","323","601","700","819","1490","0","847","642","664","685","297"
"20242","11410640","홍제3동","618","300","318","0","35","61","125","174","223","0","1","21","52","93","133","0","34","40","73","81","90"
"20242","11500591","화곡6동","5092","3250","1842","0","710","1375","1312","1159","536","0","354","876","835","771","414","0","356","499","477","388","122"
"20242","11500510","염창동","2236","1041","1195","0","350","657","664","381","184","0","126","288","268","212","147","0","224","369","396","169","37"
"20242","11545700","시흥4동","1085","662","423","0","175","230","323","274","83","0","110","161","194","126","71","0","65","69","129","148","12"
"20242","11560560","당산2동","10350","6927","3423","0","1619","2332","2517","2296","1586","0","821","1454","1754","1684","1214","0","798","878","763","612","372"
"20242","11560650","신길3동","362","307","55","0","1","42","91","107","121","0","0","37","72","82","116","0","1","5","19","25","5"
"20242","11590670","신대방1동","3097","1965","1132","0","590","993","725","496","293","0","301","642","500","322","200","0","289","351","225","174","93"
"20242","11590680","신대방2동","10847","6910","3937","14","1979","2262","2031","2543","2018","7","1499","1740","1296","1294","1074","7","480","522","735","1249","944"
"20242","11620765","미성동","2391","1432","959","0","193","418","589","648","543","0","134","252","330","334","382","0","59","166","259","314","161"
"20242","11590640","사당3동","954","562","392","0","110","214","264","224","142","0","38","115","164","134","111","0","72","99","100","90","31"
"20242","11650520","서초2동","56400","37468","18932","86","11821","18627","14132","8646","3088","15","6461","12575","9718","6487","2212","71","5360","6052","4414","2159","876"
"20242","11680521","논현1동","38707","22656","16051","0","10140","11648","8247","5387","3285","0","4325","6918","5556","3465","2392","0","5815","4730","2691","1922","893"
"20242","11680565","청담동","51520","29529","21991","14","10757","17061","12827","7753","3108","0","4054","9745","8434","5124","2172","14","6703","7316","4393","2629","936"
"20242","11710610","삼전동","3830","2573","1257","0","455","872","862","780","861","0","261","565","559","475","713","0","194","307","303","305","148"
"20242","11710631","가락1동","4765","3333","1432","0","324","885","1313","1366","877","0","218","677","967","897","574","0","106","208","346","469","303"
"20242","11710570","오금동","20030","13974","6056","0","2665","4763","5068","4822","2712","0","1563","3204","3728","3641","1838","0","1102","1559","1340","1181","874"
"20242","11710540","마천1동","503","247","256","0","25","119","168","161","30","0","0","56","83","78","30","0","25","63","85","83","0"
"20242","11740580","암사2동","1720","626","1094","0","174","282","410","512","342","0","59","131","167","148","121","0","115","151","243","364","221"
"20242","11710510","풍납1동","549","325","224","0","59","124","156","157","53","0","34","72","84","85","50","0","25","52","72","72","3"
"20242","11740570","암사1동","2183","1341","842","0","281","470","462","436","534","0","139","307","294","294","307","0","142","163","168","142","227"
"20242","11740650","성내2동","1700","1132","568","0","270","358","403","340","329","0","201","235","236","234","226","0","69","123","167","106","103"
"20242","11110615","종로1?2?3?4가동","118299","65214","53085","1530","23988","36135","32492","18536","5618","635","10442","18152","19058","13083","3844","895","13546","17983","13434","5453","1774"
"20242","11170555","청파동","3005","1625","1380","0","451","778","729","649","398","0","147","358","391","404","325","0","304","420","338","245","73"
"20242","11200645","옥수동","4558","1770","2788","0","1170","1349","1030","689","320","0","300","499","482","325","164","0","870","850","548","364","156"
"20242","11200520","왕십리2동","1014","623","391","0","120","270","298","233","93","0","60","146","184","149","84","0","60","124","114","84","9"
"20242","11200790","용답동","2774","1712","1062","8","714","796","574","430","252","0","303","526","395","278","210","8","411","270","179","152","42"
"20242","11215850","구의1동","2605","1581","1024","0","363","675","734","605","228","0","194","393","403","396","195","0","169","282","331","209","33"
"20242","11215730","군자동","906","500","406","0","97","195","214","204","196","0","32","103","123","111","131","0","65","92","91","93","65"
"20242","11230610","답십리2동","2640","1941","699","0","408","599","628","554","451","0","321","463","453","379","325","0","87","136","175","175","126"
"20242","11215740","중곡1동","3334","1621","1713","9","889","644","665","794","333","0","379","343","328","318","253","9","510","301","337","476","80"
"20242","11230650","장안1동","12921","8194","4727","0","1731","2554","2803","2866","2967","0","1047","1656","1757","1733","2001","0","684","898","1046","1133","966"
"20242","11215770","중곡4동","2743","1354","1389","0","472","677","713","646","235","0","126","314","347","348","219","0","346","363","366","298","16"
"20242","11260620","묵1동","766","363","403","0","65","189","235","192","85","0","17","90","102","90","64","0","48","99","133","102","21"
"20242","11260690","신내2동","956","532","424","0","127","240","235","238","116","0","53","113","122","154","90","0","74","127","113","84","26"
"20242","11260580","상봉1동","1360","991","369","0","140","229","289","378","324","0","100","150","167","270","304","0","40","79","122","108","20"
"20242","11305534","삼양동","91","65","26","0","4","12","23","25","27","0","0","5","13","20","27","0","4","7","10","5","0"
"20242","11320690","방학1동","6018","3502","2516","0","594","1337","1482","1810","795","0","324","770","770","1030","608","0","270","567","712","780","187"
"20242","11320680","쌍문3동","886","401","485","0","194","207","227","215","43","0","31","93","116","123","38","0","163","114","111","92","5"
"20242","11320512","창2동","851","503","348","0","92","198","243","208","110","0","40","125","134","107","97","0","52","73","109","101","13"
"20242","11350595","공릉1동","15186","8203","6983","0","1619","2325","3307","4196","3739","0","734","1261","1642","2182","2384","0","885","1064","1665","2014","1355"
"20242","11350560","월계1동","919","497","422","0","148","220","238","180","133","0","66","131","119","91","90","0","82","89","119","89","43"
"20242","11320515","창5동","4176","2648","1528","0","477","933","1026","895","845","0","245","645","694","492","572","0","232","288","332","403","273"
"20242","11350640","상계2동","1611","792","819","0","175","269","426","429","312","0","43","162","202","204","181","0","132","107","224","225","131"
"20242","11380552","갈현2동","2652","1365","1287","0","240","525","720","726","441","0","110","294","341","318","302","0","130","231","379","408","139"
"20242","11350710","상계9동","925","582","343","0","117","233","232","261","82","0","64","147","136","172","63","0","53","86","96","89","19"
"20242","11380600","응암3동","1099","530","569","0","68","276","346","285","124","0","10","138","157","128","97","0","58","138","189","157","27"
"20242","11410620","홍제1동","3933","2008","1925","0","424","597","1002","1351","559","0","115","267","521","749","356","0","309","330","481","602","203"
"20242","11410690","남가좌1동","906","546","360","0","64","117","159","227","339","0","43","79","101","121","202","0","21","38","58","106","137"
"20242","11410585","신촌동","1508","806","702","0","233","424","393","332","126","0","81","183","201","226","115","0","152","241","192","106","11"
"20242","11440585","도화동","11978","7284","4694","0","2208","2925","3019","2682","1144","0","1152","2009","1988","1396","739","0","1056","916","1031","1286","405"
"20242","11440655","서강동","3133","1984","1149","0","533","769","751","619","461","0","260","460","502","415","347","0","273","309","249","204","114"
"20242","11440610","염리동","1815","1219","596","6","352","412","370","399","276","2","177","281","281","281","197","4","175","131","89","118","79"
"20242","11440720","성산1동","4919","3264","1655","0","617","1031","1131","967","1173","0","307","641","718","672","926","0","310","390","413","295","247"
"20242","11500620","공항동","3909","2051","1858","0","652","1297","1078","767","115","0","151","538","630","636","96","0","501","759","448","131","19"
"20242","11470550","목5동","11086","6747","4339","34","1799","2869","2683","2324","1377","17","829","1728","1695","1522","956","17","970","1141","988","802","421"
"20242","11500611","발산1동","5632","3305","2327","0","288","798","1537","1890","1119","0","113","401","738","1109","944","0","175","397","799","781","175"
"20242","11500560","화곡3동","2590","1598","992","0","361","621","662","596","350","0","194","413","403","337","251","0","167","208","259","259","99"
"20242","11530540","구로3동","57713","37866","19847","191","12001","19470","14636","7163","4252","128","6068","12921","10322","5006","3421","63","5933","6549","4314","2157","831"
"20242","11545710","시흥5동","978","605","373","0","118","240","269","208","143","0","63","167","167","106","102","0","55","73","102","102","41"
"20242","11560585","도림동","473","342","131","0","10","71","127","143","122","0","0","50","91","100","101","0","10","21","36","43","21"
"20242","11560515","영등포본동","2560","1468","1092","0","349","644","673","631","263","0","141","328","387","400","212","0","208","316","286","231","51"
"20242","11590550","상도3동","652","392","260","0","24","130","195","158","145","0","15","99","122","79","77","0","9","31","73","79","68"
"20242","11620695","신림동","1202","725","477","0","58","167","305","287","385","0","8","87","165","165","300","0","50","80","140","122","85"
"20242","11620630","남현동","3437","2290","1147","0","575","866","934","679","383","0","317","588","658","448","279","0","258","278","276","231","104"
"20242","11650660","내곡동","1190","776","414","0","170","247","252","257","264","0","120","180","172","149","155","0","50","67","80","108","109"
"20242","11620595","청룡동","3423","1885","1538","0","555","986","828","789","265","0","211","504","458","517","195","0","344","482","370","272","70"
"20242","11620615","중앙동","1013","462","551","0","104","178","235","302","194","0","35","87","108","140","92","0","69","91","127","162","102"
"20242","11650530","서초3동","55705","33079","22626","10","9598","16715","14298","10172","4912","0","4061","9736","9137","6627","3518","10","5537","6979","5161","3545","1394"
"20242","11650570","반포2동","2380","1418","962","4","400","739","618","399","220","2","175","447","398","241","155","2","225","292","220","158","65"
"20242","11680750","수서동","15898","8389","7509","16","2265","4281","4274","3160","1902","9","1013","2302","2241","1682","1142","7","1252","1979","2033","1478","760"
"20242","11680730","일원1동","1322","732","590","0","161","248","310","293","310","0","69","132","160","154","217","0","92","116","150","139","93"
"20242","11740610","천호2동","2423","1262","1161","0","249","529","629","591","425","0","90","243","312","295","322","0","159","286","317","296","103"
"20242","11740520","상일동","1339","678","661","0","197","302","328","352","160","0","71","151","196","159","101","0","126","151","132","193","59"
"20242","11710670","잠실2동","3642","2426","1216","2","699","1057","956","727","201","2","438","742","649","478","117","0","261","315","307","249","84"
"20243","11110630","종로5?6가동","18119","11326","6793","400","4275","5242","4463","2757","982","76","1772","3372","3267","2139","700","324","2503","1870","1196","618","282"
"20243","11140625","다산동","5954","3783","2171","0","1053","1917","1452","1038","494","0","433","1319","1023","638","370","0","620","598","429","400","124"
"20243","11170700","보광동","316","168","148","0","31","66","98","87","34","0","0","31","53","53","31","0","31","35","45","34","3"
"20243","11110550","부암동","1055","591","464","0","177","310","291","201","76","0","70","172","165","126","58","0","107","138","126","75","18"
"20243","11140540","회현동","85852","53079","32773","161","16113","30338","23534","12471","3235","32","7524","18100","15335","9829","2259","129","8589","12238","8199","2642","976"
"20243","11170580","효창동","1148","663","485","0","158","297","316","250","127","0","78","174","190","126","95","0","80","123","126","124","32"
"20243","11170510","후암동","1618","964","654","0","235","366","465","383","169","0","77","217","307","225","138","0","158","149","158","158","31"
"20243","11200615","금호2?3가동","238","132","106","0","23","35","58","59","63","0","0","9","29","35","59","0","23","26","29","24","4"
"20243","11215870","구의3동","7778","4744","3034","0","918","1641","1879","1961","1379","0","521","1148","1274","1015","786","0","397","493","605","946","593"
"20243","11230750","이문2동","217","117","100","0","24","49","49","56","39","0","7","24","24","31","31","0","17","25","25","25","8"
"20243","11260520","면목2동","2968","1720","1248","0","126","479","695","990","678","0","0","213","355","583","569","0","126","266","340","407","109"
"20243","11260590","상봉2동","3451","2431","1020","0","410","897","1164","794","186","0","237","637","785","591","181","0","173","260","379","203","5"
"20244","11380640","증산동","1939","1292","647","0","239","530","543","454","173","0","109","358","361","312","152","0","130","172","182","142","21"
"20244","11410720","북가좌2동","1071","537","534","0","135","217","250","282","187","0","18","110","142","150","117","0","117","107","108","132","70"
"20244","11410620","홍제1동","1814","933","881","0","180","267","470","647","250","0","43","118","246","363","163","0","137","149","224","284","87"
"20244","11440700","망원2동","3947","2383","1564","0","491","736","848","1213","659","0","276","550","603","571","383","0","215","186","245","642","276"
"20244","11440630","신수동","3516","1996","1520","0","438","973","984","866","255","0","162","456","564","604","210","0","276","517","420","262","45"
"20244","11440680","합정동","4480","2513","1967","0","736","1306","1206","812","420","0","273","643","751","541","305","0","463","663","455","271","115"
"20244","11470570","신월2동","1994","1152","842","0","162","324","540","549","419","0","92","193","276","294","297","0","70","131","264","255","122"
"20244","11470680","신정7동","349","206","143","0","39","83","108","79","40","0","18","46","65","48","29","0","21","37","43","31","11"
"20244","11530780","오류2동","1024","634","390","0","94","232","274","264","160","0","39","134","158","169","134","0","55","98","116","95","26"
"20244","11560560","당산2동","15502","10370","5132","0","2422","3484","3776","3443","2377","0","1230","2177","2632","2519","1812","0","1192","1307","1144","924","565"
"20244","11560720","대림3동","4260","2796","1464","0","403","895","1116","1027","819","0","205","640","808","654","489","0","198","255","308","373","330"
"20244","11560610","양평1동","9722","5666","4056","0","1933","2259","2166","1956","1408","0","987","1451","1301","1004","923","0","946","808","865","952","485"
"20244","11560540","여의동","250897","178057","72840","558","46135","89946","64522","38476","11260","202","25467","64291","49833","30627","7637","356","20668","25655","14689","7849","3623"
"20251","11380570","대조동","1871","924","947","0","163","420","546","470","272","0","28","209","263","207","217","0","135","211","283","263","55"
"20251","11380640","증산동","1939","1292","647","0","239","530","543","454","173","0","109","358","361","312","152","0","130","172","182","142","21"
"20251","11410720","북가좌2동","1071","537","534","0","135","217","250","282","187","0","18","110","142","150","117","0","117","107","108","132","70"
"20251","11410620","홍제1동","1814","933","881","0","180","267","470","647","250","0","43","118","246","363","163","0","137","149","224","284","87"
"20251","11440700","망원2동","3947","2383","1564","0","491","736","848","1213","659","0","276","550","603","571","383","0","215","186","245","642","276"
"20251","11440630","신수동","3516","1996","1520","0","438","973","984","866","255","0","162","456","564","604","210","0","276","517","420","262","45"
"20251","11440680","합정동","4480","2513","1967","0","736","1306","1206","812","420","0","273","643","751","541","305","0","463","663","455","271","115"
"20251","11470570","신월2동","1994","1152","842","0","162","324","540","549","419","0","92","193","276","294","297","0","70","131","264","255","122"
"20251","11470680","신정7동","349","206","143","0","39","83","108","79","40","0","18","46","65","48","29","0","21","37","43","31","11"
"20251","11530780","오류2동","1024","634","390","0","94","232","274","264","160","0","39","134","158","169","134","0","55","98","116","95","26"
"20251","11560560","당산2동","15502","10370","5132","0","2422","3484","3776","3443","2377","0","1230","2177","2632","2519","1812","0","1192","1307","1144","924","565"
"20251","11560720","대림3동","4260","2796","1464","0","403","895","1116","1027","819","0","205","640","808","654","489","0","198","255","308","373","330"
"20251","11560610","양평1동","9722","5666","4056","0","1933","2259","2166","1956","1408","0","987","1451","1301","1004","923","0","946","808","865","952","485"
"20251","11560540","여의동","250897","178057","72840","558","46135","89946","64522","38476","11260","202","25467","64291","49833","30627","7637","356","20668","25655","14689","7849","3623"
"20251","11590520","노량진2동","4249","2217","2032","0","675","1269","1038","868","399","0","354","555","478","560","270","0","321","714","560","308","129"
"20251","11590660","대방동","7619","5117","2502","0","1255","2082","1811","1709","762","0","675","1434","1271","1244","493","0","580","648","540","465","269"
"20251","11590620","사당1동","3853","2073","1780","0","619","994","1066","701","473","0","168","485","539","445","436","0","451","509","527","256","37"
"20251","11590550","상도3동","994","611","383","0","25","201","303","246","219","0","17","159","193","123","119","0","8","42","110","123","100"
"20251","11620765","미성동","2895","1745","1150","0","208","509","723","789","666","0","150","311","403","407","474","0","58","198","320","382","192"
"20251","11620745","삼성동","880","512","368","0","54","171","271","264","120","0","20","85","143","146","118","0","34","86","128","118","2"
"20251","11620605","은천동","1371","661","710","0","185","256","287","386","257","0","62","121","150","176","152","0","123","135","137","210","105"
"20251","11620595","청룡동","5147","2832","2315","0","824","1493","1262","1190","378","0","307","759","698","787","281","0","517","734","564","403","97"
"20251","11650660","내곡동","1371","892","479","0","201","283","290","294","303","0","143","205","198","170","176","0","58","78","92","124","127"
"20251","11650600","방배1동","17162","11383","5779","33","3404","5293","4191","3118","1123","33","1614","3231","3090","2562","853","0","1790","2062","1101","556","270"
"20251","11650520","서초2동","66239","43996","22243","88","13886","21876","16612","10157","3620","12","7588","14766","11418","7620","2592","76","6298","7110","5194","2537","1028"
"20251","11650531","서초4동","40288","23041","17247","111","7883","12350","10126","7132","2686","43","2995","7054","6576","4481","1892","68","4888","5296","3550","2651","794"
"20251","11680600","대치1동","18463","9836","8627","12","3377","6035","4609","2876","1554","2","1267","2995","2604","1835","1133","10","2110","3040","2005","1041","421"
"20251","11680510","신사동","27674","16540","11134","0","5756","8383","7085","4225","2225","0","2243","5112","4738","2779","1668","0","3513","3271","2347","1446","557"
"20251","11710632","가락2동","6932","4664","2268","0","913","1467","1386","1306","1860","0","541","999","920","779","1425","0","372","468","466","527","435"
"20251","11710532","거여2동","1556","806","750","0","192","254","391","471","248","0","108","152","198","212","136","0","84","102","193","259","112"
"20251","11710600","석촌동","9531","6317","3214","0","1141","2177","2227","1961","2025","0","666","1581","1500","1141","1429","0","475","596","727","820","596"
"20251","11710580","송파1동","10911","6854","4057","0","1540","2448","2729","2382","1812","0","658","1450","1782","1609","1355","0","882","998","947","773","457"
"20251","11740685","길동","9734","4931","4803","0","1332","1956","2232","2405","1809","0","501","1048","1192","1095","1095","0","831","908","1040","1310","714"
"20251","11740640","성내1동","13187","8961","4226","0","1560","2758","2855","3402","2612","0","892","1723","1870","2465","2011","0","668","1035","985","937","601"
"20251","11740580","암사2동","1552","567","985","0","159","258","369","460","306","0","53","120","151","133","110","0","106","138","218","327","196"
"20251","11740600","천호1동","1673","998","675","0","112","302","431","416","412","0","29","155","217","264","333","0","83","147","214","152","79"
"20251","11740620","천호3동","1173","685","488","0","34","113","188","202","636","0","8","51","93","105","428","0","26","62","95","97","208"
"20251","11560660","신길4동","703","354","349","0","116","169","184","166","68","0","41","78","91","91","53","0","75","91","93","75","15"
"20251","11680750","수서동","19403","10244","9159","15","2762","5225","5216","3859","2326","9","1236","2810","2735","2056","1398","6","1526","2415","2481","1803","928"
"20251","11710680","잠실3동","38665","26212","12453","154","7046","9705","9641","7338","4781","71","3671","6715","7133","5255","3367","83","3375","2990","2508","2083","1414"
"20194","11110560","평창동","12926","7250","5676","14","1603","3463","4226","2805","815","7","768","1769","2496","1684","526","7","835","1694","1730","1121","289"
"20194","11170560","원효로1동","2742","1874","868","0","427","748","717","503","347","0","253","536","498","345","242","0","174","212","219","158","105"
"20194","11170510","후암동","1640","967","673","0","251","364","456","370","199","0","93","217","299","219","139","0","158","147","157","151","60"
"20194","11170555","청파동","3050","1639","1411","0","463","776","736","648","427","0","159","362","387","400","331","0","304","414","349","248","96"
"20194","11170630","이촌1동","5274","3375","1899","24","857","1417","1477","1077","422","15","426","874","1041","725","294","9","431","543","436","352","128"
"20194","11140680","중림동","3099","1730","1369","0","654","994","809","426","216","0","299","540","448","284","159","0","355","454","361","142","57"
"20194","11200550","사근동","409","297","112","0","17","71","136","127","58","0","6","45","96","99","51","0","11","26","40","28","7"
"20194","11215820","자양1동","8810","6948","1862","0","596","1244","2387","3594","989","0","261","797","1917","3127","846","0","335","447","470","467","143"
"20194","11200790","용답동","2792","1696","1096","15","703","780","575","439","280","0","304","504","383","281","224","15","399","276","192","158","56"
"20194","11200570","행당2동","9","2","7","0","0","1","4","3","1","0","0","0","1","0","1","0","0","1","3","3","0"
"20194","11215730","군자동","1356","734","622","0","166","285","306","309","290","0","64","150","173","163","184","0","102","135","133","146","106"
"20194","11200540","마장동","6773","4812","1961","11","560","1193","1565","2229","1215","11","334","818","1142","1599","908","0","226","375","423","630","307"
"20194","11230560","전농1동","1128","726","402","1","121","193","305","318","190","0","80","125","208","206","107","1","41","68","97","112","83"
"20194","11260520","면목2동","1066","590","476","0","95","177","232","325","237","0","25","80","120","185","180","0","70","97","112","140","57"
"20194","11260590","상봉2동","4761","3294","1467","1","567","1238","1579","1081","295","1","330","868","1055","791","249","0","237","370","524","290","46"
"20194","11260660","망우3동","423","226","197","0","34","60","102","129","98","0","12","24","46","71","73","0","22","36","56","58","25"
"20194","11215710","화양동","1335","859","476","0","170","210","328","401","226","0","61","115","216","281","186","0","109","95","112","120","40"
"20194","11290650","정릉4동","1116","688","428","0","89","166","273","355","233","0","26","83","177","240","162","0","63","83","96","115","71"
"20194","11305534","삼양동","462","267","195","0","60","88","111","111","92","0","22","40","57","71","77","0","38","48","54","40","15"
"20194","11305645","우이동","1638","1010","628","0","80","136","228","397","797","0","18","64","127","274","527","0","62","72","101","123","270"
"20194","11305660","인수동","3004","1763","1241","0","287","600","776","869","472","0","105","322","473","516","347","0","182","278","303","353","125"
"20194","11305635","수유3동","3045","1555","1490","0","315","734","793","800","403","0","118","314","373","490","260","0","197","420","420","310","143"
"20194","11305575","삼각산동","335","183","152","0","57","89","108","56","25","0","23","50","60","28","22","0","34","39","48","28","3"
"20194","11305545","송중동","1450","722","728","2","146","239","414","379","270","2","55","102","182","185","196","0","91","137","232","194","74"
"20194","11290630","정릉2동","1097","476","621","0","174","264","298","239","122","0","41","112","115","114","94","0","133","152","183","125","28"
"20194","11380520","불광1동","2010","883","1127","0","287","478","531","462","252","0","106","209","236","203","129","0","181","269","295","259","123"
"20194","11380640","증산동","2105","1369","736","0","272","555","576","479","223","0","127","373","381","316","172","0","145","182","195","163","51"
"20194","11410685","홍은2동","1454","936","518","2","232","392","359","309","160","2","132","257","231","202","112","0","100","135","128","107","48"
"20194","11410700","남가좌2동","1164","608","556","0","124","245","325","325","145","0","38","117","157","184","112","0","86","128","168","141","33"
"20194","11350625","중계2?3동","1438","813","625","2","185","376","370","371","134","2","110","226","191","198","86","0","75","150","179","173","48"
"20194","11440655","서강동","3646","2283","1363","3","638","885","882","712","526","2","314","523","579","474","391","1","324","362","303","238","135"
"20194","11440700","망원2동","4621","2759","1862","3","581","865","1003","1403","766","2","316","637","704","652","448","1","265","228","299","751","318"
"20194","11440630","신수동","2488","1412","1076","1","302","692","697","601","195","1","114","324","398","426","149","0","188","368","299","175","46"
"20194","11470650","신정4동","5283","2917","2366","0","895","938","1009","1109","1332","0","272","458","513","601","1073","0","623","480","496","508","259"
"20194","11470510","목1동","13488","8753","4735","30","2332","3670","3362","2754","1340","20","1088","2412","2387","1974","872","10","1244","1258","975","780","468"
"20194","11500615","우장산동","3447","1897","1550","0","752","778","730","726","461","0","285","451","432","430","299","0","467","327","298","296","162"
"20194","11530730","고척2동","1771","1104","667","0","196","392","450","483","250","0","123","248","265","275","193","0","73","144","185","208","57"
"20194","11470640","신정3동","2687","1918","769","1","212","517","670","569","718","0","100","313","454","402","649","1","112","204","216","167","69"
"20194","11545690","시흥3동","1739","1032","707","0","124","257","404","455","499","0","66","168","232","247","319","0","58","89","172","208","180"
"20194","11545510","가산동","83042","54609","28433","288","16371","25792","20541","12162","7888","185","8686","17319","14814","8083","5522","103","7685","8473","5727","4079","2366"
"20194","11560700","대림1동","1494","570","924","0","489","344","306","249","106","0","99","121","150","126","74","0","390","223","156","123","32"
"20194","11560710","대림2동","3767","1911","1856","9","701","901","838","576","742","2","270","476","362","321","480","7","431","425","476","255","262"
"20194","11560690","신길7동","2410","1649","761","1","282","461","548","691","427","1","176","313","369","442","348","0","106","148","179","249","79"
"20194","11590550","상도3동","887","505","382","0","73","179","236","209","190","0","41","119","140","104","101","0","32","60","96","105","89"
"20194","11620775","난곡동","991","549","442","0","98","204","244","293","152","0","39","106","122","166","116","0","59","98","122","127","36"
"20194","11620735","대학동","939","712","227","0","126","232","275","232","74","0","74","163","220","189","66","0","52","69","55","43","8"
"20194","11620715","난향동","544","264","280","0","64","118","151","118","93","0","17","53","61","60","73","0","47","65","90","58","20"
"20194","11680610","대치2동","85188","47669","37519","484","15475","23451","19634","16079","10065","213","7126","14365","12628","8299","5038","271","8349","9086","7006","7780","5027"
"20194","11680655","도곡1동","31446","22284","9162","69","5375","7320","8764","7956","1962","54","2727","4798","6593","6518","1594","15","2648","2522","2171","1438","368"
"20194","11650581","반포4동","58955","52025","6930","40","5899","12511","15897","21917","2691","17","4473","10414","14108","20829","2184","23","1426","2097","1789","1088","507"
"20194","11650600","방배1동","18441","12190","6251","85","3639","5661","4470","3357","1229","59","1727","3453","3295","2744","912","26","1912","2208","1175","613","317"
"20194","11650580","반포3동","3165","1765","1400","7","501","804","700","633","520","3","212","474","463","367","246","4","289","330","237","266","274"
"20194","11650550","반포본동","11263","6137","5126","17","1863","3718","3220","1927","518","10","682","2030","1805","1206","404","7","1181","1688","1415","721","114"
"20194","11710561","방이1동","8614","6296","2318","17","901","1671","2260","2297","1468","12","428","1062","1685","1844","1265","5","473","609","575","453","203"
"20194","11710610","삼전동","4176","2822","1354","0","495","953","941","838","949","0","284","625","619","514","780","0","211","328","322","324","169"
"20194","11710540","마천1동","622","307","315","0","67","134","182","169","70","0","25","64","88","80","50","0","42","70","94","89","20"
"20194","11740610","천호2동","3320","1717","1603","5","411","704","817","775","608","4","166","331","406","386","424","1","245","373","411","389","184"
"20194","11740570","암사1동","2792","1708","1084","0","358","594","588","565","687","0","173","390","372","383","390","0","185","204","216","182","297"
"20194","11740530","명일1동","3780","2107","1673","0","558","1014","952","685","571","0","260","609","622","350","266","0","298","405","330","335","305"
"20194","11110680","창신2동","243","72","171","0","10","22","67","91","53","0","0","4","21","29","18","0","10","18","46","62","35"
"20194","11110570","무악동","451","124","327","3","127","127","110","58","26","3","27","25","35","19","15","0","100","102","75","39","11"
"20194","11110540","삼청동","3911","3185","726","0","483","1033","1218","924","253","0","309","792","1036","828","220","0","174","241","182","96","33"
"20194","11170660","이태원2동","1112","629","483","0","185","367","287","176","97","0","86","205","156","97","85","0","99","162","131","79","12"
"20243","11260660","망우3동","196","112","84","0","2","15","54","78","47","0","0","3","21","44","44","0","2","12","33","34","3"
"20194","11200670","성수2가1동","7914","5023","2891","67","1801","2274","1809","1289","674","36","814","1473","1234","913","553","31","987","801","575","376","121"
"20194","11200645","옥수동","1764","681","1083","0","449","525","399","268","123","0","112","194","185","126","64","0","337","331","214","142","59"
"20194","11200520","왕십리2동","1070","635","435","0","151","269","305","230","115","0","75","142","188","143","87","0","76","127","117","87","28"
"20194","11230610","답십리2동","2483","1819","664","10","403","567","574","503","426","10","301","435","418","347","308","0","102","132","156","156","118"
"20194","11230650","장안1동","9958","6284","3674","13","1352","1959","2159","2188","2287","13","813","1259","1348","1322","1529","0","539","700","811","866","758"
"20194","11230660","장안2동","5242","2815","2427","20","1611","1015","1055","978","563","16","838","580","488","476","417","4","773","435","567","502","146"
"20194","11260570","면목7동","946","517","429","0","112","176","232","261","165","0","35","79","121","150","132","0","77","97","111","111","33"
"20194","11320690","방학1동","3094","1795","1299","1","311","681","761","927","413","1","167","396","394","527","310","0","144","285","367","400","103"
"20194","11290660","길음1동","3041","1484","1557","203","1064","745","509","329","191","86","458","391","251","152","146","117","606","354","258","177","45"
"20194","11290610","보문동","3276","2486","790","0","312","971","690","690","613","0","171","778","553","553","431","0","141","193","137","137","182"
"20194","11290715","월곡1동","1385","849","536","0","94","174","284","300","533","0","32","82","150","198","387","0","62","92","134","102","146"
"20194","11290600","안암동","1991","1311","680","0","268","526","564","435","198","0","135","333","367","312","164","0","133","193","197","123","34"
"20194","11320512","창2동","1231","698","533","0","142","279","337","291","182","0","65","166","185","148","134","0","77","113","152","143","48"
"20194","11320511","창1동","837","384","453","0","116","170","221","227","103","0","46","66","100","108","64","0","70","104","121","119","39"
"20194","11350570","월계2동","163","78","85","0","19","35","45","46","18","0","7","13","21","24","13","0","12","22","24","22","5"
"20194","11320522","도봉2동","748","480","268","0","37","92","130","190","299","0","14","46","73","126","221","0","23","46","57","64","78"
"20194","11320710","방학3동","1081","647","434","3","183","246","252","249","148","3","116","140","159","120","109","0","67","106","93","129","39"
"20194","11380580","응암1동","2343","1308","1035","0","243","393","556","546","605","0","111","185","293","279","440","0","132","208","263","267","165"
"20194","11410620","홍제1동","1698","876","822","0","182","254","432","588","242","0","55","117","226","329","149","0","127","137","206","259","93"
"20194","11440690","망원1동","2980","1659","1321","3","818","824","621","438","276","0","474","442","300","264","179","3","344","382","321","174","97"
"20194","11410520","천연동","1096","594","502","0","97","180","283","380","156","0","34","81","159","223","97","0","63","99","124","157","59"
"20194","11380510","녹번동","2744","1454","1290","0","314","646","738","728","318","0","149","313","355","427","210","0","165","333","383","301","108"
"20194","11470580","신월3동","1121","648","473","0","109","205","257","340","210","0","38","85","137","214","174","0","71","120","120","126","36"
"20194","11440730","성산2동","1375","617","758","1","128","255","367","424","200","1","44","126","164","166","116","0","84","129","203","258","84"
"20194","11470520","목2동","2860","1599","1261","0","391","696","763","654","356","0","183","382","424","379","231","0","208","314","339","275","125"
"20194","11470680","신정7동","405","241","164","0","46","98","124","92","45","0","21","55","75","57","33","0","25","43","49","35","12"
"20194","11500540","화곡1동","4483","2513","1970","1","469","916","1118","1252","727","1","217","528","608","708","451","0","252","388","510","544","276"
"20194","11500570","화곡4동","2206","977","1229","0","519","601","447","414","225","0","116","260","217","220","164","0","403","341","230","194","61"
"20194","11500640","방화2동","2319","1512","807","3","241","448","526","608","493","3","133","270","340","390","376","0","108","178","186","218","117"
"20194","11530540","구로3동","51508","33744","17764","190","10703","17329","13040","6414","3832","126","5411","11489","9183","4470","3065","64","5292","5840","3857","1944","767"
"20194","11500590","화곡본동","2282","1292","990","0","246","455","556","547","478","0","89","252","317","287","347","0","157","203","239","260","131"
"20194","11470611","신월7동","2779","1824","955","0","297","458","567","666","791","0","220","351","372","404","477","0","77","107","195","262","314"
"20194","11470630","신정2동","11584","6645","4939","43","2079","3748","3094","2042","578","18","844","2064","1918","1350","451","25","1235","1684","1176","692","127"
"20194","11530530","구로2동","11964","7355","4609","30","1450","2769","2976","2995","1744","15","678","1636","1783","1965","1278","15","772","1133","1193","1030","466"
"20243","11215710","화양동","750","511","239","0","83","112","195","246","114","0","26","60","138","180","107","0","57","52","57","66","7"
"20194","11560605","문래동","57767","41893","15874","91","8919","18849","17779","9120","3009","34","4971","14334","14518","6158","1878","57","3948","4515","3261","2962","1131"
"20194","11545630","독산3동","3618","2582","1036","1","301","555","639","698","1424","0","159","329","345","419","1330","1","142","226","294","279","94"
"20194","11560660","신길4동","593","295","298","0","99","141","152","140","61","0","36","64","73","77","45","0","63","77","79","63","16"
"20194","11560535","영등포동","13344","7468","5876","17","2458","3330","3157","2626","1756","3","916","1862","1969","1550","1168","14","1542","1468","1188","1076","588"
"20194","11590560","상도4동","1118","665","453","0","152","252","274","280","160","0","74","148","164","197","82","0","78","104","110","83","78"
"20194","11590510","노량진1동","4261","2390","1871","7","559","1015","1069","1016","595","6","238","581","650","551","364","1","321","434","419","465","231"
"20194","11620745","삼성동","879","491","388","0","93","182","237","235","132","0","40","90","126","128","107","0","53","92","111","107","25"
"20194","11620525","보라매동","1634","839","795","4","217","366","385","406","256","1","90","186","198","192","172","3","127","180","187","214","84"
"20194","11650621","방배4동","15638","9663","5975","28","2699","4318","3888","2993","1712","11","1142","2544","2639","2093","1234","17","1557","1774","1249","900","478"
"20194","11620605","은천동","1054","505","549","1","144","196","219","292","202","0","50","92","113","133","117","1","94","104","106","159","85"
"20194","11650531","서초4동","34217","19563","14654","122","6684","10471","8595","6060","2285","57","2541","5983","5574","3799","1609","65","4143","4488","3021","2261","676"
"20243","11260680","신내1동","1252","597","655","0","219","277","230","336","190","0","56","116","109","165","151","0","163","161","121","171","39"
"20194","11680510","신사동","26882","16013","10869","72","5590","8117","6819","4099","2185","27","2169","4956","4566","2679","1616","45","3421","3161","2253","1420","569"
"20194","11710650","잠실본동","9082","5802","3280","26","1236","1738","2126","2013","1943","0","551","1059","1331","1386","1475","26","685","679","795","627","468"
"20194","11740560","고덕2동","1088","690","398","0","64","144","232","381","267","0","13","64","134","263","216","0","51","80","98","118","51"
"20194","11740520","상일동","1247","629","618","0","177","282","310","332","146","0","59","141","186","151","92","0","118","141","124","181","54"
"20194","11110515","청운효자동","6476","4168","2308","27","1182","1871","1798","1145","453","0","516","1171","1341","827","313","27","666","700","457","318","140"
"20194","11140590","광희동","55742","27778","27964","552","16017","14709","11448","8810","4206","233","7786","8562","6632","2988","1577","319","8231","6147","4816","5822","2629"
"20194","11170700","보광동","565","286","279","0","67","121","148","143","86","0","8","59","77","82","60","0","59","62","71","61","26"
"20194","11140615","신당동","5611","3022","2589","48","1593","1194","1056","1028","692","15","710","623","543","659","472","33","883","571","513","369","220"
"20194","11170570","원효로2동","2765","1990","775","6","435","834","773","441","276","3","249","597","593","329","219","3","186","237","180","112","57"
"20194","11170690","서빙고동","7218","4732","2486","14","1282","2153","2221","1142","406","5","614","1259","1623","912","319","9","668","894","598","230","87"
"20194","11170625","한강로동","42930","21198","21732","139","8770","13384","12241","6306","2090","66","3572","6265","6088","3835","1372","73","5198","7119","6153","2471","718"
"20194","11140635","약수동","10940","4230","6710","28","1760","4090","3031","1500","531","3","535","1440","1005","861","386","25","1225","2650","2026","639","145"
"20194","11140645","청구동","1894","1043","851","0","277","508","445","405","259","0","93","264","285","252","149","0","184","244","160","153","110"
"20194","11200660","성수1가2동","5342","3658","1684","12","855","1093","1126","1156","1100","8","506","725","727","817","875","4","349","368","399","339","225"
"20194","11215847","자양4동","849","554","295","0","58","126","206","223","236","0","25","70","122","143","194","0","33","56","84","80","42"
"20194","11215810","광장동","5066","3074","1992","49","1574","1332","984","777","350","14","754","860","666","522","258","35","820","472","318","255","92"
"20194","11215840","자양3동","2008","1444","564","3","240","518","560","505","182","1","148","365","415","372","143","2","92","153","145","133","39"
"20194","11200620","금호4가동","691","412","279","0","75","158","190","169","99","0","28","81","124","105","74","0","47","77","66","64","25"
"20194","11230545","제기동","4848","2895","1953","0","639","1192","1184","1027","806","0","267","705","753","606","564","0","372","487","431","421","242"
"20194","11230705","청량리동","2822","1510","1312","0","501","812","543","529","437","0","188","466","307","300","249","0","313","346","236","229","188"
"20194","11215760","중곡3동","860","548","312","0","99","210","237","196","118","0","54","150","139","124","81","0","45","60","98","72","37"
"20194","11260565","면목본동","1335","729","606","0","165","306","358","327","179","0","55","154","190","190","140","0","110","152","168","137","39"
"20194","11260600","중화1동","1187","626","561","0","135","257","306","284","205","0","49","104","149","157","167","0","86","153","157","127","38"
"20194","11260610","중화2동","864","500","364","0","95","122","228","197","222","0","47","56","114","114","169","0","48","66","114","83","53"
"20194","11290590","돈암2동","431","262","169","1","66","103","137","78","46","0","31","62","91","57","21","1","35","41","46","21","25"
"20194","11290525","성북동","15551","11848","3703","13","2033","3821","4511","4499","674","2","1126","2665","3578","4006","471","11","907","1156","933","493","203"
"20194","11290725","월곡2동","2501","1589","912","1","398","705","608","443","346","0","199","464","371","266","289","1","199","241","237","177","57"
"20194","11305535","미아동","1214","684","530","0","122","217","350","340","185","0","50","106","193","207","128","0","72","111","157","133","57"
"20194","11305603","번2동","337","160","177","0","43","44","94","106","50","0","18","23","41","50","28","0","25","21","53","56","22"
"20194","11305608","번3동","207","112","95","1","22","35","50","57","42","1","8","16","28","31","28","0","14","19","22","26","14"
"20194","11290780","장위3동","189","115","74","0","29","37","40","48","35","0","10","19","22","30","34","0","19","18","18","18","1"
"20194","11380632","신사2동","1019","718","301","0","113","199","262","256","189","0","89","136","154","171","168","0","24","63","108","85","21"
"20194","11350560","월계1동","1344","738","606","0","215","320","347","266","196","0","101","193","175","138","131","0","114","127","172","128","65"
"20194","11350700","상계8동","448","233","215","1","63","131","110","100","43","0","22","82","46","54","29","1","41","49","64","46","14"
"20194","11320521","도봉1동","1718","1138","580","0","63","192","393","617","453","0","7","98","230","445","358","0","56","94","163","172","95"
"20194","11410720","북가좌2동","1307","661","646","0","194","261","292","325","235","0","52","132","161","175","141","0","142","129","131","150","94"
"20194","11410615","연희동","8633","5661","2972","25","1367","2133","1866","2380","862","13","758","1421","1162","1706","601","12","609","712","704","674","261"
"20194","11440585","도화동","12438","7561","4877","18","2285","3031","3127","2774","1203","9","1194","2082","2060","1448","768","9","1091","949","1067","1326","435"
"20194","11350621","중계1동","982","540","442","2","129","215","294","244","98","2","54","117","156","134","77","0","75","98","138","110","21"
"20194","11380560","구산동","1608","857","751","2","195","302","359","506","244","0","73","133","172","315","164","2","122","169","187","191","80"
"20194","11440680","합정동","5349","3000","2349","4","886","1541","1390","985","543","3","350","756","877","638","376","1","536","785","513","347","167"
"20194","11410655","홍제2동","361","183","178","0","52","80","92","79","58","0","17","51","47","39","29","0","35","29","45","40","29"
"20194","11500510","염창동","2992","1389","1603","3","464","880","893","503","249","2","168","385","360","277","197","1","296","495","533","226","52"
"20194","11545640","독산4동","1482","844","638","0","181","250","318","353","380","0","105","150","190","173","226","0","76","100","128","180","154"
"20194","11620630","남현동","3384","2228","1156","0","563","844","918","657","402","0","309","566","644","430","279","0","254","278","274","227","123"
"20194","11620615","중앙동","1225","572","653","0","149","221","283","331","241","0","60","108","133","157","114","0","89","113","150","174","127"
"20194","11650520","서초2동","58613","38928","19685","130","12272","19335","14678","8974","3224","41","6696","13060","10098","6723","2310","89","5576","6275","4580","2251","914"
"20194","11680580","삼성1동","159167","107420","51747","379","32071","47730","42640","28254","8093","187","17237","31553","31455","22149","4839","192","14834","16177","11185","6105","3254"
"20194","11710531","거여1동","2854","2106","748","1","713","794","685","397","264","1","490","628","524","270","193","0","223","166","161","127","71"
"20194","11710562","방이2동","40875","23517","17358","68","6601","10478","9230","8701","5797","56","3711","6819","5659","4073","3199","12","2890","3659","3571","4628","2598"
"20194","11710641","문정1동","31693","24481","7212","1","2878","5915","9134","11966","1799","1","1693","4266","7104","10245","1172","0","1185","1649","2030","1721","627"
"20194","11710580","송파1동","9040","5658","3382","4","1289","2025","2248","1962","1512","1","554","1201","1467","1316","1119","3","735","824","781","646","393"
"20194","11710550","마천2동","1635","1032","603","0","158","383","451","418","225","0","95","239","255","249","194","0","63","144","196","169","31"
"20194","11680660","개포1동","2438","1498","940","10","381","646","635","505","261","4","172","357","438","341","186","6","209","289","197","164","75"
"20194","11740600","천호1동","1929","1116","813","1","183","363","480","454","448","0","73","188","245","267","343","1","110","175","235","187","105"
"20194","11710510","풍납1동","716","404","312","0","91","162","185","189","89","0","49","87","98","100","70","0","42","75","87","89","19"
"20194","11740550","고덕1동","1016","528","488","0","113","224","263","244","172","0","50","125","129","113","111","0","63","99","134","131","61"
"20194","11740650","성내2동","2007","1243","764","0","335","417","450","412","393","0","222","259","262","256","244","0","113","158","188","156","149"
"20194","11740660","성내3동","4156","2495","1661","4","590","933","1042","862","725","4","308","593","628","485","477","0","282","340","414","377","248"
"20194","11710710","잠실6동","51676","27541","24135","104","8225","13713","14738","13173","1723","34","3808","8429","8508","5465","1297","70","4417","5284","6230","7708","426"
"20194","11110650","혜화동","4395","2144","2251","4","722","1187","1064","874","544","4","247","576","564","452","301","0","475","611","500","422","243"
"20194","11140670","황학동","774","519","255","0","117","216","197","152","92","0","73","135","124","106","81","0","44","81","73","46","11"
"20194","11140580","장충동","7351","3888","3463","25","1689","2019","1903","1399","316","6","593","1134","1134","806","215","19","1096","885","769","593","101"
"20194","11215850","구의1동","3413","2039","1374","2","486","855","944","777","349","2","254","496","524","503","260","0","232","359","420","274","89"
"20194","11215860","구의2동","2134","1326","808","22","304","368","538","574","328","8","155","205","351","376","231","14","149","163","187","198","97"
"20194","11215870","구의3동","9125","5563","3562","12","1072","1923","2205","2286","1627","3","615","1341","1499","1177","928","9","457","582","706","1109","699"
"20194","11215740","중곡1동","4120","2003","2117","48","1068","786","826","971","421","15","456","424","410","391","307","33","612","362","416","580","114"
"20194","11230750","이문2동","200","104","96","0","23","44","46","51","36","0","8","20","22","27","27","0","15","24","24","24","9"
"20194","11260550","면목5동","991","683","308","0","93","165","265","251","217","0","64","129","130","164","196","0","29","36","135","87","21"
"20194","11230730","휘경2동","1380","712","668","0","182","304","360","330","204","0","53","144","188","176","151","0","129","160","172","154","53"
"20194","11230710","회기동","179","87","92","0","19","41","46","43","30","0","5","16","22","20","24","0","14","25","24","23","6"
"20194","11260580","상봉1동","1704","1188","516","6","202","299","356","454","387","5","131","185","203","316","348","1","71","114","153","138","39"
"20194","11290810","석관동","2897","1908","989","2","248","439","544","584","1080","1","122","266","311","365","843","1","126","173","233","219","237"
"20194","11305595","번1동","2250","1326","924","0","274","457","451","584","484","0","118","280","273","375","280","0","156","177","178","209","204"
"20194","11290760","장위1동","505","264","241","0","91","105","118","107","84","0","42","59","59","52","52","0","49","46","59","55","32"
"20194","11350595","공릉1동","4836","2615","2221","0","501","746","1059","1343","1187","0","228","410","525","695","757","0","273","336","534","648","430"
"20194","11350600","공릉2동","820","375","445","0","136","206","202","192","84","0","42","93","92","94","54","0","94","113","110","98","30"
"20194","11380690","진관동","767","405","362","0","77","187","208","185","110","0","36","117","117","79","56","0","41","70","91","106","54"
"20194","11410660","홍은1동","2623","518","2105","0","93","191","713","1265","361","0","34","64","131","151","138","0","59","127","582","1114","223"
"20194","11410555","북아현동","1204","879","325","0","120","275","330","341","138","0","49","207","260","264","99","0","71","68","70","77","39"
"20194","11410565","충현동","11021","6826","4195","13","1390","2786","2904","2607","1321","8","654","1688","1842","1706","928","5","736","1098","1062","901","393"
"20194","11440660","서교동","26294","13454","12840","65","5497","7416","6104","4311","2901","51","2248","3708","3366","2280","1801","14","3249","3708","2738","2031","1100"
"20194","11470570","신월2동","1814","1052","762","2","150","292","492","496","382","2","85","173","255","264","273","0","65","119","237","232","109"
"20194","11500620","공항동","5401","2825","2576","0","906","1777","1480","1052","186","0","212","739","864","868","142","0","694","1038","616","184","44"
"20194","11530720","고척1동","2691","1903","788","0","239","547","706","821","378","0","126","363","492","616","306","0","113","184","214","205","72"
"20194","11530740","개봉1동","2776","1616","1160","1","245","594","668","732","536","1","127","331","343","416","398","0","118","263","325","316","138"
"20194","11500593","화곡8동","1848","1009","839","1","267","483","518","338","241","1","121","263","259","204","161","0","146","220","259","134","80"
"20194","11530790","수궁동","1792","1217","575","4","184","344","409","505","346","4","113","220","259","345","276","0","71","124","150","160","70"
"20194","11530770","오류1동","3354","2133","1221","2","433","625","820","976","498","1","309","422","496","563","342","1","124","203","324","413","156"
"20194","11545610","독산1동","11846","7593","4253","25","939","1621","1988","2588","4685","24","554","1076","1267","1593","3079","1","385","545","721","995","1606"
"20194","11560630","신길1동","2688","1182","1506","1","478","645","597","531","436","0","148","311","281","223","219","1","330","334","316","308","217"
"20194","11590620","사당1동","3764","1979","1785","0","633","931","1011","691","498","0","204","451","507","414","403","0","429","480","504","277","95"
"20194","11560650","신길3동","622","419","203","0","34","99","147","158","184","0","13","61","95","105","145","0","21","38","52","53","39"
"20194","11560620","양평2동","12582","7198","5384","19","2292","3431","3463","2170","1207","6","1002","2073","1961","1272","884","13","1290","1358","1502","898","323"
"20194","11620585","낙성대동","5211","2886","2325","2","846","1794","1120","796","653","1","382","943","589","465","506","1","464","851","531","331","147"
"20194","11620695","신림동","1706","1028","678","0","137","239","414","393","523","0","47","125","228","228","400","0","90","114","186","165","123"
"20194","11620595","청룡동","3302","1810","1492","0","539","936","792","748","287","0","212","473","440","487","198","0","327","463","352","261","89"
"20194","11620575","행운동","1996","1113","883","0","292","490","476","456","282","0","144","275","254","235","205","0","148","215","222","221","77"
"20194","11620625","인헌동","1416","819","597","0","291","410","357","223","135","0","135","254","211","116","103","0","156","156","146","107","32"
"20194","11590650","사당4동","1255","649","606","1","133","205","276","243","397","1","51","103","123","111","260","0","82","102","153","132","137"
"20194","11680590","삼성2동","58014","33339","24675","123","11688","18819","14737","8204","4443","48","4846","11071","9834","4616","2924","75","6842","7748","4903","3588","1519"
"20194","11650510","서초1동","41803","23403","18400","73","8762","10834","9210","10203","2721","24","3143","5837","5345","7072","1982","49","5619","4997","3865","3131","739"
"20194","11650651","양재1동","25511","16466","9045","336","5958","7047","5779","3804","2587","162","3026","4732","4077","2533","1936","174","2932","2315","1702","1271","651"
"20194","11680670","개포2동","5146","3374","1772","17","901","1463","1230","953","582","6","482","980","850","608","448","11","419","483","380","345","134"
"20194","11710632","가락2동","6848","4622","2226","3","913","1455","1358","1280","1839","3","541","996","900","768","1414","0","372","459","458","512","425"
"20194","11680650","역삼2동","48392","28688","19704","185","11140","13440","11498","8557","3572","73","5370","8610","7651","4473","2511","112","5770","4830","3847","4084","1061"
"20194","11710646","장지동","5460","3730","1730","3","586","872","1293","1443","1263","1","327","584","865","1015","938","2","259","288","428","428","325"
"20194","11740515","강일동","125","81","44","0","20","26","34","30","15","0","10","18","21","19","13","0","10","8","13","11","2"
"20194","11740540","명일2동","2521","1726","795","2","292","719","677","536","295","2","150","508","491","344","231","0","142","211","186","192","64"
"20194","11710690","잠실4동","3061","2460","601","14","407","962","889","650","139","6","293","791","733","531","106","8","114","171","156","119","33"
"20194","11710670","잠실2동","3796","2532","1264","4","728","1103","995","758","208","4","457","774","676","500","121","0","271","329","319","258","87"
"20194","11710680","잠실3동","33924","23006","10918","167","6200","8498","8445","6422","4192","75","3231","5878","6253","4607","2962","92","2969","2620","2192","1815","1230"
"20194","11110670","창신1동","2120","926","1194","0","167","375","649","530","399","0","68","135","217","238","268","0","99","240","432","292","131"
"20194","11140625","다산동","6255","3937","2318","4","1113","1990","1507","1098","543","0","459","1366","1053","672","387","4","654","624","454","426","156"
"20194","11110600","가회동","11063","8229","2834","4","1188","3801","3323","2076","671","4","613","2795","2596","1709","512","0","575","1006","727","367","159"
"20194","11110580","교남동","713","422","291","1","80","184","190","147","111","0","28","93","113","100","88","1","52","91","77","47","23"
"20194","11110710","숭인2동","1662","856","806","2","248","293","392","398","329","1","76","140","219","239","181","1","172","153","173","159","148"
"20194","11110690","창신3동","99","46","53","0","11","27","25","26","10","0","4","11","12","13","6","0","7","16","13","13","4"
"20194","11140605","을지로동","15882","8650","7232","43","3845","3862","3459","2757","1916","4","1006","2126","2249","1917","1348","39","2839","1736","1210","840","568"
"20194","11170580","효창동","1251","709","542","0","167","314","351","278","141","0","80","183","209","140","97","0","87","131","142","138","44"
"20194","11200650","성수1가1동","2148","1345","803","0","278","451","477","568","374","0","127","282","306","386","244","0","151","169","171","182","130"
"20194","11200690","성수2가3동","22685","14557","8128","58","3728","5773","5674","4536","2916","50","2071","3861","3815","2739","2021","8","1657","1912","1859","1797","895"
"20194","11200535","왕십리도선동","3787","1736","2051","8","625","732","790","929","703","0","215","405","425","393","298","8","410","327","365","536","405"
"20194","11215830","자양2동","2177","1351","826","0","312","489","566","557","253","0","209","310","337","307","188","0","103","179","229","250","65"
"20194","11200560","행당1동","1608","1090","518","0","200","335","412","460","201","0","100","207","284","349","150","0","100","128","128","111","51"
"20194","11215780","능동","1369","854","515","0","193","320","356","278","222","0","95","190","227","170","172","0","98","130","129","108","50"
"20194","11230740","이문1동","1134","515","619","0","215","295","306","213","105","0","39","114","152","132","78","0","176","181","154","81","27"
"20194","11260655","망우본동","1589","830","759","1","173","293","358","485","279","0","55","110","167","266","232","1","118","183","191","219","47"
"20194","11215770","중곡4동","3137","1539","1598","0","541","763","802","729","302","0","157","352","389","395","246","0","384","411","413","334","56"
"20194","11290555","삼선동","4636","2321","2315","0","495","1113","1401","1158","469","0","170","480","674","727","270","0","325","633","727","431","199"
"20194","11290620","정릉1동","751","411","340","0","91","138","170","197","155","0","23","50","85","122","131","0","68","88","85","75","24"
"20194","11320670","쌍문2동","998","564","434","0","109","171","237","283","198","0","30","78","125","178","153","0","79","93","112","105","45"
"20194","11320680","쌍문3동","1107","517","590","0","239","252","263","263","90","0","55","116","136","147","63","0","184","136","127","116","27"
"20194","11320681","쌍문4동","160","82","78","0","18","37","44","41","20","0","5","17","22","22","16","0","13","20","22","19","4"
"20194","11320514","창4동","1594","1003","591","0","167","306","393","436","292","0","74","163","232","294","240","0","93","143","161","142","52"
"20194","11320515","창5동","5200","3289","1911","0","599","1162","1285","1099","1055","0","310","798","866","602","713","0","289","364","419","497","342"
"20194","11380631","신사1동","1161","624","537","0","119","243","268","289","242","0","48","121","147","137","171","0","71","122","121","152","71"
"20194","11350619","중계본동","921","446","475","2","107","186","230","260","136","2","51","94","99","118","82","0","56","92","131","142","54"
"20194","11350720","상계10동","344","145","199","0","53","73","92","98","28","0","11","31","36","47","20","0","42","42","56","51","8"
"20194","11380625","역촌동","3262","1576","1686","2","544","666","840","737","473","0","197","305","392","358","324","2","347","361","448","379","149"
"20194","11410690","남가좌1동","951","572","379","1","69","120","166","235","360","1","46","81","105","125","214","0","23","39","61","110","146"
"20194","11380650","수색동","242","153","89","0","30","66","59","48","39","0","15","42","36","30","30","0","15","24","23","18","9"
"20194","11440740","상암동","11981","7355","4626","28","2528","4343","3258","1353","471","12","1109","2738","2171","944","381","16","1419","1605","1087","409","90"
"20194","11440610","염리동","1979","1305","674","28","374","446","397","434","300","10","190","300","296","300","209","18","184","146","101","134","91"
"20194","11470590","신월4동","1289","874","415","0","68","160","302","413","346","0","30","86","176","277","305","0","38","74","126","136","41"
"20194","11470550","목5동","15306","9313","5993","56","2485","3954","3710","3201","1900","27","1145","2383","2342","2098","1318","29","1340","1571","1368","1103","582"
"20194","11500603","가양1동","1410","884","526","0","152","292","322","341","303","0","64","180","193","223","224","0","88","112","129","118","79"
"20194","11500530","등촌2동","2566","1515","1051","0","310","505","617","659","475","0","129","275","372","415","324","0","181","230","245","244","151"
"20194","11500535","등촌3동","13486","7148","6338","34","1668","2867","3012","3335","2570","17","730","1569","1768","1621","1443","17","938","1298","1244","1714","1127"
"20194","11530760","개봉3동","1537","922","615","1","206","380","390","331","229","1","101","233","233","184","170","0","105","147","157","147","59"
"20194","11530560","구로5동","12772","8068","4704","30","1789","2989","3320","2837","1807","23","1008","2063","2198","1681","1095","7","781","926","1122","1156","712"
"20194","11470620","신정1동","7889","4612","3277","31","1390","1978","1982","1678","830","31","578","1233","1188","976","606","0","812","745","794","702","224"
"20194","11545670","시흥1동","4261","2277","1984","1","594","1028","1013","1066","559","1","271","511","511","603","380","0","323","517","502","463","179"
"20194","11530510","신도림동","9462","6223","3239","20","1543","2936","2307","1716","940","10","644","2005","1665","1185","714","10","899","931","642","531","226"
"20194","11560720","대림3동","4922","3181","1741","3","511","1028","1264","1176","940","0","262","720","905","740","554","3","249","308","359","436","386"
"20194","11560540","여의동","192384","136520","55864","459","35370","68950","49462","29496","8647","172","19526","49287","38201","23479","5855","287","15844","19663","11261","6017","2792"
"20194","11590540","상도2동","992","509","483","0","119","231","263","240","139","0","51","121","141","120","76","0","68","110","122","120","63"
"20194","11620645","서원동","2333","963","1370","1","453","505","425","519","430","0","115","205","213","188","242","1","338","300","212","331","188"
"20194","11590605","흑석동","217","126","91","0","26","50","60","50","31","0","13","28","35","28","22","0","13","22","25","22","9"
"20194","11650660","내곡동","1650","1080","570","3","237","343","354","353","360","3","168","251","242","205","211","0","69","92","112","148","149"
"20194","11620665","서림동","1454","821","633","0","216","259","365","311","303","0","108","137","195","185","196","0","108","122","170","126","107"
"20194","11620655","신원동","628","362","266","0","62","135","158","155","118","0","33","74","95","92","68","0","29","61","63","63","50"
"20194","11680531","논현2동","51265","32713","18552","101","9820","14835","12344","8315","5850","25","4261","8868","8768","6309","4482","76","5559","5967","3576","2006","1368"
"20194","11680656","도곡2동","88264","60360","27904","422","16866","34690","25354","9139","1793","267","9010","23760","19491","6650","1182","155","7856","10930","5863","2489","611"
"20194","11650652","양재2동","30435","22816","7619","43","4044","7444","8543","8017","2344","25","2446","5476","6559","6537","1773","18","1598","1968","1984","1480","571"
"20194","11680690","개포4동","8263","5944","2319","0","1002","1869","2335","1984","1073","0","496","1250","1765","1545","888","0","506","619","570","439","185"
"20194","11680640","역삼1동","168845","99888","68957","434","34064","51371","43504","29454","10018","160","16299","32057","28395","15953","7024","274","17765","19314","15109","13501","2994"
"20194","11680750","수서동","15479","8167","7312","24","2206","4170","4162","3073","1844","14","988","2240","2183","1632","1110","10","1218","1930","1979","1441","734"
"20194","11710532","거여2동","1310","677","633","3","166","215","323","392","211","1","93","128","164","176","115","2","73","87","159","216","96"
"20194","11110640","이화동","1569","867","702","0","237","398","400","332","202","0","74","183","234","222","154","0","163","215","166","110","48"
"20194","11710590","송파2동","5656","3577","2079","19","893","1401","1483","1351","509","16","433","890","1069","848","321","3","460","511","414","503","188"
"20194","11710600","석촌동","9563","6332","3231","2","1160","2182","2234","1969","2016","2","662","1579","1516","1161","1412","0","498","603","718","808","604"
"20194","11110550","부암동","1514","840","674","1","255","440","405","292","121","0","104","243","233","176","84","1","151","197","172","116","37"
"20194","11170650","이태원1동","22194","9721","12473","15","6513","8556","4317","2120","673","9","1671","3592","2389","1540","520","6","4842","4964","1928","580","153"
"20194","11140650","신당5동","768","406","362","0","81","169","194","177","147","0","35","75","99","94","103","0","46","94","95","83","44"
"20194","11140520","소공동","94203","50043","44160","490","27265","29761","20737","12450","3500","137","8857","14809","14799","9103","2338","353","18408","14952","5938","3347","1162"
"20194","11200615","금호2?3가동","447","239","208","0","44","79","106","106","112","0","6","32","53","62","86","0","38","47","53","44","26"
"20194","11200580","응봉동","583","239","344","1","140","156","129","97","60","0","32","54","59","49","45","1","108","102","70","48","15"
"20194","11230600","답십리1동","2044","978","1066","0","296","420","572","545","211","0","201","282","206","147","142","0","95","138","366","398","69"
"20194","11260540","면목4동","769","580","189","0","43","123","214","289","100","0","19","80","149","244","88","0","24","43","65","45","12"
"20194","11230570","전농2동","1183","619","564","0","133","250","315","317","168","0","54","117","169","165","114","0","79","133","146","152","54"
"20194","11290685","길음2동","453","189","264","1","46","89","122","128","67","1","19","35","57","45","32","0","27","54","65","83","35"
"20194","11290580","돈암1동","103","48","55","0","29","32","22","14","6","0","7","16","12","8","5","0","22","16","10","6","1"
"20194","11290705","종암동","15832","8326","7506","29","1338","4000","5589","4522","354","1","573","1466","2553","3520","213","28","765","2534","3036","1002","141"
"20194","11305555","송천동","926","463","463","0","57","147","197","245","280","0","14","66","89","140","154","0","43","81","108","105","126"
"20194","11290770","장위2동","770","466","304","0","59","130","186","188","207","0","17","64","106","117","162","0","42","66","80","71","45"
"20194","11290640","정릉3동","427","302","125","0","65","133","105","72","52","0","37","96","77","55","37","0","28","37","28","17","15"
"20194","11320660","쌍문1동","812","383","429","0","94","129","224","226","139","0","20","44","85","117","117","0","74","85","139","109","22"
"20194","11350640","상계2동","2183","1063","1120","0","289","371","551","564","408","0","101","207","261","270","224","0","188","164","290","294","184"
"20194","11350665","상계3?4동","652","468","184","0","30","52","164","248","158","0","10","26","106","190","136","0","20","26","58","58","22"
"20194","11350710","상계9동","1010","640","370","1","131","253","251","285","89","1","71","161","148","190","69","0","60","92","103","95","20"
"20194","11440565","공덕동","9194","5298","3896","38","2044","2501","2467","1614","530","12","815","1325","1571","1195","380","26","1229","1176","896","419","150"
"20194","11350624","중계4동","1169","639","530","4","112","238","276","310","229","3","41","114","145","162","174","1","71","124","131","148","55"
"20194","11470560","신월1동","2132","1379","753","0","199","347","491","700","395","0","106","214","299","466","294","0","93","133","192","234","101"
"20194","11470610","신월6동","811","475","336","0","86","151","184","222","168","0","34","77","101","125","138","0","52","74","83","97","30"
"20194","11500605","가양3동","245","157","88","0","42","54","68","51","30","0","27","36","44","30","20","0","15","18","24","21","10"
"20194","11500520","등촌1동","5201","3120","2081","6","1046","1343","1150","936","720","4","386","847","793","610","480","2","660","496","357","326","240"
"20194","11500550","화곡2동","1437","869","568","0","174","396","375","349","143","0","102","260","228","183","96","0","72","136","147","166","47"
"20194","11500560","화곡3동","3751","2313","1438","3","511","909","962","866","500","2","275","606","582","487","361","1","236","303","380","379","139"
"20194","11500591","화곡6동","7410","4703","2707","12","1049","1974","1894","1680","801","1","520","1256","1209","1112","605","11","529","718","685","568","196"
"20194","11530780","오류2동","695","426","269","0","71","157","180","178","109","0","30","88","107","114","87","0","41","69","73","64","22"
"20194","11545700","시흥4동","1232","741","491","5","194","254","353","301","125","5","118","176","212","139","91","0","76","78","141","162","34"
"20194","11545620","독산2동","1367","766","601","0","176","281","317","390","203","0","94","132","158","227","155","0","82","149","159","163","48"
"20194","11530595","가리봉동","899","418","481","0","76","149","212","194","268","0","32","69","96","76","145","0","44","80","116","118","123"
"20194","11560560","당산2동","11843","7942","3901","22","1854","2662","2874","2614","1817","10","948","1663","2004","1919","1398","12","906","999","870","695","419"
"20194","11590630","사당2동","1976","1093","883","1","315","579","535","370","176","0","152","354","318","171","98","1","163","225","217","199","78"
"20194","11560670","신길5동","793","383","410","0","76","170","259","196","92","0","35","79","93","99","77","0","41","91","166","97","15"
"20194","11560680","신길6동","1813","1134","679","0","195","434","475","398","311","0","97","268","285","249","235","0","98","166","190","149","76"
"20194","11590670","신대방1동","3893","2467","1426","7","746","1246","906","622","366","6","380","803","626","407","245","1","366","443","280","215","121"
"20194","11545680","시흥2동","748","443","305","0","75","149","189","224","111","0","44","85","107","131","76","0","31","64","82","93","35"
"20194","11590530","상도1동","3561","2063","1498","0","550","881","868","790","472","0","235","492","524","490","322","0","315","389","344","300","150"
"20194","11650540","잠원동","13663","7914","5749","47","2846","4027","3372","2101","1270","25","1123","2355","2234","1316","861","22","1723","1672","1138","785","409"
"20194","11620545","청림동","444","253","191","0","67","148","146","65","18","0","29","82","88","42","12","0","38","66","58","23","6"
"20194","11650560","반포1동","6436","3951","2485","3","1174","2135","1609","985","530","0","554","1394","1069","547","387","3","620","741","540","438","143"
"20194","11650570","반포2동","1948","1160","788","4","326","604","506","327","181","2","143","365","326","197","127","2","183","239","180","130","54"
"20194","11710642","문정2동","30105","18925","11180","56","4311","9160","9228","5331","2019","25","2064","5171","6327","4081","1257","31","2247","3989","2901","1250","762"
"20194","11680565","청담동","54591","31246","23345","143","11348","18058","13560","8194","3288","56","4266","10308","8912","5409","2295","87","7082","7750","4648","2785","993"
"20194","11680600","대치1동","16783","8940","7843","30","3070","5477","4182","2611","1413","11","1153","2718","2365","1670","1023","19","1917","2759","1817","941","390"
"20194","11740685","길동","8576","4357","4219","5","1235","1710","1937","2087","1602","4","484","910","1033","962","964","1","751","800","904","1125","638"
"20194","11710566","오륜동","13441","7789","5652","25","2177","4063","3488","2691","997","8","877","2114","2243","1782","765","17","1300","1949","1245","909","232"
"20194","11110615","종로1?2?3?4가동","116875","64403","52472","1676","23688","35525","32006","18343","5637","717","10323","17834","18759","12922","3848","959","13365","17691","13247","5421","1789"
"20194","11140665","동화동","1183","535","648","0","188","287","312","249","147","0","50","98","151","138","98","0","138","189","161","111","49"
"20194","11140550","명동","123928","71739","52189","151","20262","41748","33631","22016","6120","50","8100","21531","21683","16239","4136","101","12162","20217","11948","5777","1984"
"20194","11110530","사직동","44477","27846","16631","37","5864","12589","13409","8809","3769","8","2453","7735","9175","6159","2316","29","3411","4854","4234","2650","1453"
"20194","11140540","회현동","74892","46291","28601","234","14028","26412","20476","10879","2863","75","6553","15764","13340","8559","2000","159","7475","10648","7136","2320","863"
"20194","11170530","남영동","16176","6814","9362","130","6152","3987","3084","2068","755","9","1154","2142","1834","1110","565","121","4998","1845","1250","958","190"
"20194","11140570","필동","11974","5624","6350","14","1726","3032","3695","2620","887","4","583","1498","1736","1230","573","10","1143","1534","1959","1390","314"
"20194","11200590","금호1가동","1349","500","849","9","158","439","552","151","40","0","49","146","218","59","28","9","109","293","334","92","12"
"20194","11170520","용산2가동","583","422","161","0","35","97","217","207","27","0","13","53","171","165","20","0","22","44","46","42","7"
"20194","11260575","면목3?8동","1713","1076","637","0","158","303","438","479","335","0","50","156","260","348","262","0","108","147","178","131","73"
"20194","11230720","휘경1동","902","535","367","0","100","174","224","234","170","0","37","100","144","160","94","0","63","74","80","74","76"
"20194","11290575","동선동","2112","1056","1056","4","278","440","479","535","376","3","96","192","234","293","238","1","182","248","245","242","138"
"20194","11305615","수유1동","1218","548","670","0","119","216","318","362","203","0","30","86","134","155","143","0","89","130","184","207","60"
"20194","11350695","상계6?7동","3980","1760","2220","4","559","940","1022","1013","442","3","147","355","456","553","246","1","412","585","566","460","196"
"20194","11380552","갈현2동","2994","1539","1455","0","300","594","794","803","503","0","139","332","374","358","336","0","161","262","420","445","167"
"20194","11350611","하계1동","554","351","203","0","64","116","139","160","75","0","31","66","83","113","58","0","33","50","56","47","17"
"20194","11380530","불광2동","2110","1016","1094","0","116","284","342","444","924","0","39","146","137","181","513","0","77","138","205","263","411"
"20194","11380600","응암3동","1607","782","825","0","167","379","454","388","219","0","62","188","211","176","145","0","105","191","243","212","74"
"20194","11380590","응암2동","435","282","153","0","54","59","98","126","98","0","32","32","58","75","85","0","22","27","40","51","13"
"20194","11350580","월계3동","190","95","95","0","21","34","50","55","30","0","8","17","23","29","18","0","13","17","27","26","12"
"20194","11410710","북가좌1동","422","333","89","0","7","20","48","88","259","0","3","8","22","59","241","0","4","12","26","29","18"
"20194","11410585","신촌동","2172","1143","1029","0","335","580","554","467","236","0","126","252","285","306","174","0","209","328","269","161","62"
"20194","11440600","대흥동","3225","1589","1636","16","1291","732","475","448","263","2","502","379","258","270","178","14","789","353","217","178","85"
"20194","11440555","아현동","5728","3145","2583","8","1089","1837","1624","974","196","3","471","1027","911","593","140","5","618","810","713","381","56"
"20194","11470540","목4동","2011","1221","790","0","244","444","580","502","241","0","95","266","345","321","194","0","149","178","235","181","47"
"20194","11500611","발산1동","2302","1331","971","2","156","344","609","738","453","1","70","173","291","428","368","1","86","171","318","310","85"
"20194","11500630","방화1동","4187","3299","888","0","438","892","1027","1199","631","0","319","733","825","997","425","0","119","159","202","202","206"
"20194","11530750","개봉2동","5442","2689","2753","22","956","1321","1293","1292","558","10","544","841","571","432","291","12","412","480","722","860","267"
"20194","11545710","시흥5동","1359","804","555","7","192","316","346","282","216","6","100","210","206","145","137","1","92","106","140","137","79"
"20194","11560550","당산1동","6754","4052","2702","2","1145","1912","1502","1247","946","1","454","1069","941","873","714","1","691","843","561","374","232"
"20194","11560585","도림동","706","455","251","1","57","118","176","186","168","1","24","74","113","119","124","0","33","44","63","67","44"
"20194","11590520","노량진2동","4451","2310","2141","7","705","1303","1081","906","449","1","368","567","500","581","293","6","337","736","581","325","156"
"20194","11590660","대방동","7997","5308","2689","4","1342","2172","1870","1787","822","1","715","1484","1301","1286","521","3","627","688","569","501","301"
"20194","11620565","성현동","1543","587","956","11","218","271","353","467","223","6","100","142","160","127","52","5","118","129","193","340","171"
"20194","11620725","조원동","2959","1843","1116","0","561","720","720","635","323","0","258","469","461","426","229","0","303","251","259","209","94"
"20194","11590651","사당5동","1460","785","675","0","180","358","442","349","131","0","80","167","228","196","114","0","100","191","214","153","17"
"20194","11650530","서초3동","58156","34532","23624","141","9986","17421","14896","10606","5106","63","4230","10148","9527","6917","3647","78","5756","7273","5369","3689","1459"
"20194","11680700","세곡동","471","271","200","0","40","82","96","135","118","0","18","41","55","80","77","0","22","41","41","55","41"
"20194","11710631","가락1동","5894","4120","1774","0","403","1097","1622","1689","1083","0","270","840","1194","1107","709","0","133","257","428","582","374"
"20194","11710570","오금동","22928","16059","6869","17","3029","5459","5793","5528","3102","13","1773","3692","4283","4189","2109","4","1256","1767","1510","1339","993"
"20194","11740580","암사2동","1930","706","1224","1","197","320","454","579","379","1","71","149","183","167","135","0","126","171","271","412","244"
"20194","11740620","천호3동","1366","779","587","0","72","149","229","246","670","0","25","68","114","125","447","0","47","81","115","121","223"
"20194","11740640","성내1동","13172","8952","4220","18","1558","2756","2833","3403","2604","5","903","1718","1857","2460","2009","13","655","1038","976","943","595"
"20194","11110630","종로5?6가동","22052","13772","8280","565","5126","6357","5417","3344","1243","152","2122","4096","3964","2573","865","413","3004","2261","1453","771","378"
"20194","11110700","숭인1동","307","140","167","0","59","67","68","68","45","0","10","28","34","36","32","0","49","39","34","32","13"
"20194","11170590","용문동","2388","1377","1011","1","468","651","656","443","169","1","195","382","387","297","115","0","273","269","269","146","54"
"20194","11170685","한남동","35228","25774","9454","91","5790","10427","9250","8090","1580","63","2747","6946","7505","7247","1266","28","3043","3481","1745","843","314"
"20194","11170640","이촌2동","1547","1055","492","0","219","429","459","337","103","0","100","271","346","262","76","0","119","158","113","75","27"
"20194","11200720","송정동","878","540","338","0","123","207","222","176","150","0","60","129","124","106","121","0","63","78","98","70","29"
"20194","11230536","용신동","19195","9941","9254","10","2310","4277","4753","4730","3115","5","1097","2448","2507","2167","1717","5","1213","1829","2246","2563","1398"
"20194","11215750","중곡2동","2261","1295","966","0","304","455","580","538","384","0","191","264","305","284","251","0","113","191","275","254","133"
"20194","11260620","묵1동","912","430","482","0","93","210","271","220","118","0","33","98","120","99","80","0","60","112","151","121","38"
"20194","11260630","묵2동","1390","950","440","0","199","345","331","381","134","0","114","236","220","281","99","0","85","109","111","100","35"
"20194","11260690","신내2동","464","257","207","0","62","117","114","114","57","0","26","55","59","73","44","0","36","62","55","41","13"
"20194","11260680","신내1동","1973","942","1031","0","348","429","363","524","309","0","92","182","173","258","237","0","256","247","190","266","72"
"20194","11305625","수유2동","1248","662","586","0","41","79","239","380","509","0","6","41","153","260","202","0","35","38","86","120","307"
"20194","11320700","방학2동","810","370","440","0","68","162","199","164","217","0","27","81","91","81","90","0","41","81","108","83","127"
"20194","11350630","상계1동","3699","2347","1352","3","423","765","901","942","665","3","243","520","584","587","410","0","180","245","317","355","255"
"20194","11320513","창3동","624","332","292","0","50","130","205","167","72","0","8","76","121","79","48","0","42","54","84","88","24"
"20194","11350670","상계5동","1190","589","601","0","60","128","202","307","493","0","23","68","87","136","275","0","37","60","115","171","218"
"20194","11380551","갈현1동","2296","1176","1120","2","393","536","541","504","320","2","158","281","272","256","207","0","235","255","269","248","113"
"20194","11380570","대조동","2231","1096","1135","1","270","473","606","513","368","1","99","231","286","228","251","0","171","242","320","285","117"
"20194","11440590","용강동","10604","6283","4321","6","1554","2616","2509","2100","1819","5","750","1545","1656","1219","1108","1","804","1071","853","881","711"
"20194","11440710","연남동","2839","1750","1089","0","450","674","698","606","411","0","200","363","415","418","354","0","250","311","283","188","57"
"20194","11440720","성산1동","4650","3081","1569","5","592","970","1071","906","1106","5","290","602","678","631","875","0","302","368","393","275","231"
"20194","11470600","신월5동","1632","904","728","1","199","406","411","416","199","1","89","203","214","245","152","0","110","203","197","171","47"
"20194","11470530","목3동","1685","928","757","0","216","373","447","406","243","0","108","217","240","207","156","0","108","156","207","199","87"
"20194","11410640","홍제3동","875","434","441","0","78","112","174","229","282","0","25","44","82","119","164","0","53","68","92","110","118"
"20194","11500641","방화3동","2527","1628","899","1","246","538","634","695","413","1","124","284","392","487","340","0","122","254","242","208","73"
"20194","11530550","구로4동","1713","983","730","0","178","336","430","428","341","0","80","186","236","236","245","0","98","150","194","192","96"
"20194","11560610","양평1동","8907","5158","3749","32","1764","2051","1970","1787","1303","14","902","1310","1174","917","841","18","862","741","796","870","462"
"20194","11560515","영등포본동","4029","2291","1738","15","574","993","1033","976","438","6","247","503","593","610","332","9","327","490","440","366","106"
"20194","11590680","신대방2동","12684","8075","4609","27","2313","2647","2375","2964","2358","16","1750","2029","1515","1512","1253","11","563","618","860","1452","1105"
"20194","11620685","신사동","3698","2518","1180","0","591","1068","1075","668","296","0","256","723","839","505","195","0","335","345","236","163","101"
"20194","11620765","미성동","3064","1812","1252","9","292","537","728","805","693","8","185","316","409","416","478","1","107","221","319","389","215"
"20194","11650610","방배2동","12555","6119","6436","18","2116","3209","3443","2419","1350","3","739","1441","1595","1428","913","15","1377","1768","1848","991","437"
"20194","11650620","방배3동","14532","9510","5022","85","2270","4325","3925","2367","1560","26","1153","2713","2823","1629","1166","59","1117","1612","1102","738","394"
"20194","11650590","방배본동","22144","12260","9884","89","4146","5712","5885","3957","2355","62","1410","2986","3427","2569","1806","27","2736","2726","2458","1388","549"
"20194","11590640","사당3동","919","543","376","0","108","205","249","216","141","0","40","112","156","129","106","0","68","93","93","87","35"
"20194","11680630","대치4동","33175","20389","12786","131","5321","9871","9013","5633","3206","12","2289","5975","6167","3950","1996","119","3032","3896","2846","1683","1210"
"20194","11680545","압구정동","40822","22984","17838","223","9084","12764","9380","6106","3265","85","3367","7173","6312","4021","2026","138","5717","5591","3068","2085","1239"
"20194","11680521","논현1동","40704","23806","16898","116","10638","12233","8657","5627","3433","42","4526","7272","5837","3631","2498","74","6112","4961","2820","1996","935"
"20194","11710620","가락본동","25135","15183","9952","57","3410","6042","5753","4911","4962","22","1634","3773","3850","2845","3059","35","1776","2269","1903","2066","1903"
"20194","11680730","일원1동","1708","931","777","0","231","321","388","373","395","0","101","170","201","195","264","0","130","151","187","178","131"
"20194","11740700","둔촌2동","2842","1279","1563","0","540","744","611","589","358","0","155","308","304","281","231","0","385","436","307","308","127"
"20194","11710520","풍납2동","531","261","270","0","116","182","132","80","21","0","32","95","69","49","16","0","84","87","63","31","5"
"20201","11110560","평창동","12926","7250","5676","14","1603","3463","4226","2805","815","7","768","1769","2496","1684","526","7","835","1694","1730","1121","289"
"20201","11170560","원효로1동","2742","1874","868","0","427","748","717","503","347","0","253","536","498","345","242","0","174","212","219","158","105"
"20201","11170510","후암동","1640","967","673","0","251","364","456","370","199","0","93","217","299","219","139","0","158","147","157","151","60"
"20201","11170555","청파동","3050","1639","1411","0","463","776","736","648","427","0","159","362","387","400","331","0","304","414","349","248","96"
"20201","11170630","이촌1동","5274","3375","1899","24","857","1417","1477","1077","422","15","426","874","1041","725","294","9","431","543","436","352","128"
"20201","11140680","중림동","3099","1730","1369","0","654","994","809","426","216","0","299","540","448","284","159","0","355","454","361","142","57"
"20201","11200550","사근동","409","297","112","0","17","71","136","127","58","0","6","45","96","99","51","0","11","26","40","28","7"
"20201","11215820","자양1동","8810","6948","1862","0","596","1244","2387","3594","989","0","261","797","1917","3127","846","0","335","447","470","467","143"
"20201","11200790","용답동","2792","1696","1096","15","703","780","575","439","280","0","304","504","383","281","224","15","399","276","192","158","56"
"20201","11200570","행당2동","9","2","7","0","0","1","4","3","1","0","0","0","1","0","1","0","0","1","3","3","0"
"20201","11215730","군자동","1356","734","622","0","166","285","306","309","290","0","64","150","173","163","184","0","102","135","133","146","106"
"20201","11200540","마장동","6773","4812","1961","11","560","1193","1565","2229","1215","11","334","818","1142","1599","908","0","226","375","423","630","307"
"20201","11230560","전농1동","1128","726","402","1","121","193","305","318","190","0","80","125","208","206","107","1","41","68","97","112","83"
"20201","11260520","면목2동","1066","590","476","0","95","177","232","325","237","0","25","80","120","185","180","0","70","97","112","140","57"
"20201","11260590","상봉2동","4761","3294","1467","1","567","1238","1579","1081","295","1","330","868","1055","791","249","0","237","370","524","290","46"
"20201","11260660","망우3동","423","226","197","0","34","60","102","129","98","0","12","24","46","71","73","0","22","36","56","58","25"
"20201","11215710","화양동","1335","859","476","0","170","210","328","401","226","0","61","115","216","281","186","0","109","95","112","120","40"
"20201","11290650","정릉4동","1116","688","428","0","89","166","273","355","233","0","26","83","177","240","162","0","63","83","96","115","71"
"20201","11305534","삼양동","462","267","195","0","60","88","111","111","92","0","22","40","57","71","77","0","38","48","54","40","15"
"20201","11305645","우이동","1638","1010","628","0","80","136","228","397","797","0","18","64","127","274","527","0","62","72","101","123","270"
"20201","11305660","인수동","3004","1763","1241","0","287","600","776","869","472","0","105","322","473","516","347","0","182","278","303","353","125"
"20201","11305635","수유3동","3045","1555","1490","0","315","734","793","800","403","0","118","314","373","490","260","0","197","420","420","310","143"
"20201","11305575","삼각산동","335","183","152","0","57","89","108","56","25","0","23","50","60","28","22","0","34","39","48","28","3"
"20201","11305545","송중동","1450","722","728","2","146","239","414","379","270","2","55","102","182","185","196","0","91","137","232","194","74"
"20201","11290630","정릉2동","1097","476","621","0","174","264","298","239","122","0","41","112","115","114","94","0","133","152","183","125","28"
"20201","11380520","불광1동","2010","883","1127","0","287","478","531","462","252","0","106","209","236","203","129","0","181","269","295","259","123"
"20201","11380640","증산동","2105","1369","736","0","272","555","576","479","223","0","127","373","381","316","172","0","145","182","195","163","51"
"20201","11410685","홍은2동","1454","936","518","2","232","392","359","309","160","2","132","257","231","202","112","0","100","135","128","107","48"
"20201","11410700","남가좌2동","1164","608","556","0","124","245","325","325","145","0","38","117","157","184","112","0","86","128","168","141","33"
"20201","11350625","중계2?3동","1438","813","625","2","185","376","370","371","134","2","110","226","191","198","86","0","75","150","179","173","48"
"20201","11440655","서강동","3646","2283","1363","3","638","885","882","712","526","2","314","523","579","474","391","1","324","362","303","238","135"
"20201","11440700","망원2동","4621","2759","1862","3","581","865","1003","1403","766","2","316","637","704","652","448","1","265","228","299","751","318"
"20201","11440630","신수동","2488","1412","1076","1","302","692","697","601","195","1","114","324","398","426","149","0","188","368","299","175","46"
"20201","11470650","신정4동","5283","2917","2366","0","895","938","1009","1109","1332","0","272","458","513","601","1073","0","623","480","496","508","259"
"20201","11470510","목1동","13488","8753","4735","30","2332","3670","3362","2754","1340","20","1088","2412","2387","1974","872","10","1244","1258","975","780","468"
"20201","11500615","우장산동","3447","1897","1550","0","752","778","730","726","461","0","285","451","432","430","299","0","467","327","298","296","162"
"20201","11530730","고척2동","1771","1104","667","0","196","392","450","483","250","0","123","248","265","275","193","0","73","144","185","208","57"
"20201","11470640","신정3동","2687","1918","769","1","212","517","670","569","718","0","100","313","454","402","649","1","112","204","216","167","69"
"20201","11545690","시흥3동","1739","1032","707","0","124","257","404","455","499","0","66","168","232","247","319","0","58","89","172","208","180"
"20201","11545510","가산동","83042","54609","28433","288","16371","25792","20541","12162","7888","185","8686","17319","14814","8083","5522","103","7685","8473","5727","4079","2366"
"20202","11110560","평창동","12926","7250","5676","14","1603","3463","4226","2805","815","7","768","1769","2496","1684","526","7","835","1694","1730","1121","289"
"20202","11170560","원효로1동","2742","1874","868","0","427","748","717","503","347","0","253","536","498","345","242","0","174","212","219","158","105"
"20202","11170510","후암동","1640","967","673","0","251","364","456","370","199","0","93","217","299","219","139","0","158","147","157","151","60"
"20202","11170555","청파동","3050","1639","1411","0","463","776","736","648","427","0","159","362","387","400","331","0","304","414","349","248","96"
"20202","11170630","이촌1동","5274","3375","1899","24","857","1417","1477","1077","422","15","426","874","1041","725","294","9","431","543","436","352","128"
"20202","11140680","중림동","3099","1730","1369","0","654","994","809","426","216","0","299","540","448","284","159","0","355","454","361","142","57"
"20202","11200550","사근동","409","297","112","0","17","71","136","127","58","0","6","45","96","99","51","0","11","26","40","28","7"
"20202","11215820","자양1동","8810","6948","1862","0","596","1244","2387","3594","989","0","261","797","1917","3127","846","0","335","447","470","467","143"
"20202","11200790","용답동","2792","1696","1096","15","703","780","575","439","280","0","304","504","383","281","224","15","399","276","192","158","56"
"20202","11200570","행당2동","9","2","7","0","0","1","4","3","1","0","0","0","1","0","1","0","0","1","3","3","0"
"20202","11215730","군자동","1356","734","622","0","166","285","306","309","290","0","64","150","173","163","184","0","102","135","133","146","106"
"20202","11200540","마장동","6773","4812","1961","11","560","1193","1565","2229","1215","11","334","818","1142","1599","908","0","226","375","423","630","307"
"20202","11230560","전농1동","1128","726","402","1","121","193","305","318","190","0","80","125","208","206","107","1","41","68","97","112","83"
"20202","11260520","면목2동","1066","590","476","0","95","177","232","325","237","0","25","80","120","185","180","0","70","97","112","140","57"
"20202","11260590","상봉2동","4761","3294","1467","1","567","1238","1579","1081","295","1","330","868","1055","791","249","0","237","370","524","290","46"
"20202","11260660","망우3동","423","226","197","0","34","60","102","129","98","0","12","24","46","71","73","0","22","36","56","58","25"
"20202","11215710","화양동","1335","859","476","0","170","210","328","401","226","0","61","115","216","281","186","0","109","95","112","120","40"
"20202","11290650","정릉4동","1116","688","428","0","89","166","273","355","233","0","26","83","177","240","162","0","63","83","96","115","71"
"20203","11110560","평창동","12926","7250","5676","14","1603","3463","4226","2805","815","7","768","1769","2496","1684","526","7","835","1694","1730","1121","289"
"20203","11170560","원효로1동","2742","1874","868","0","427","748","717","503","347","0","253","536","498","345","242","0","174","212","219","158","105"
"20203","11170510","후암동","1640","967","673","0","251","364","456","370","199","0","93","217","299","219","139","0","158","147","157","151","60"
"20203","11170555","청파동","3050","1639","1411","0","463","776","736","648","427","0","159","362","387","400","331","0","304","414","349","248","96"
"20203","11170630","이촌1동","5274","3375","1899","24","857","1417","1477","1077","422","15","426","874","1041","725","294","9","431","543","436","352","128"
"20203","11140680","중림동","3099","1730","1369","0","654","994","809","426","216","0","299","540","448","284","159","0","355","454","361","142","57"
"20203","11200550","사근동","409","297","112","0","17","71","136","127","58","0","6","45","96","99","51","0","11","26","40","28","7"
"20203","11215820","자양1동","8810","6948","1862","0","596","1244","2387","3594","989","0","261","797","1917","3127","846","0","335","447","470","467","143"
"20203","11200790","용답동","2792","1696","1096","15","703","780","575","439","280","0","304","504","383","281","224","15","399","276","192","158","56"
"20203","11200570","행당2동","9","2","7","0","0","1","4","3","1","0","0","0","1","0","1","0","0","1","3","3","0"
"20203","11215730","군자동","1356","734","622","0","166","285","306","309","290","0","64","150","173","163","184","0","102","135","133","146","106"
"20203","11200540","마장동","6773","4812","1961","11","560","1193","1565","2229","1215","11","334","818","1142","1599","908","0","226","375","423","630","307"
"20203","11230560","전농1동","1128","726","402","1","121","193","305","318","190","0","80","125","208","206","107","1","41","68","97","112","83"
"20203","11260520","면목2동","1066","590","476","0","95","177","232","325","237","0","25","80","120","185","180","0","70","97","112","140","57"
"20203","11260590","상봉2동","4761","3294","1467","1","567","1238","1579","1081","295","1","330","868","1055","791","249","0","237","370","524","290","46"
"20203","11260660","망우3동","423","226","197","0","34","60","102","129","98","0","12","24","46","71","73","0","22","36","56","58","25"
"20203","11215710","화양동","1335","859","476","0","170","210","328","401","226","0","61","115","216","281","186","0","109","95","112","120","40"
"20203","11290650","정릉4동","1116","688","428","0","89","166","273","355","233","0","26","83","177","240","162","0","63","83","96","115","71"
"20203","11305534","삼양동","462","267","195","0","60","88","111","111","92","0","22","40","57","71","77","0","38","48","54","40","15"
"20203","11305645","우이동","1638","1010","628","0","80","136","228","397","797","0","18","64","127","274","527","0","62","72","101","123","270"
"20203","11305660","인수동","3004","1763","1241","0","287","600","776","869","472","0","105","322","473","516","347","0","182","278","303","353","125"
"20203","11305635","수유3동","3045","1555","1490","0","315","734","793","800","403","0","118","314","373","490","260","0","197","420","420","310","143"
"20203","11305575","삼각산동","335","183","152","0","57","89","108","56","25","0","23","50","60","28","22","0","34","39","48","28","3"
"20203","11305545","송중동","1450","722","728","2","146","239","414","379","270","2","55","102","182","185","196","0","91","137","232","194","74"
"20203","11290630","정릉2동","1097","476","621","0","174","264","298","239","122","0","41","112","115","114","94","0","133","152","183","125","28"
"20203","11380520","불광1동","2010","883","1127","0","287","478","531","462","252","0","106","209","236","203","129","0","181","269","295","259","123"
"20203","11380640","증산동","2105","1369","736","0","272","555","576","479","223","0","127","373","381","316","172","0","145","182","195","163","51"
"20203","11410685","홍은2동","1454","936","518","2","232","392","359","309","160","2","132","257","231","202","112","0","100","135","128","107","48"
"20203","11410700","남가좌2동","1164","608","556","0","124","245","325","325","145","0","38","117","157","184","112","0","86","128","168","141","33"
"20203","11350625","중계2?3동","1438","813","625","2","185","376","370","371","134","2","110","226","191","198","86","0","75","150","179","173","48"
"20203","11440655","서강동","3646","2283","1363","3","638","885","882","712","526","2","314","523","579","474","391","1","324","362","303","238","135"
"20203","11440700","망원2동","4621","2759","1862","3","581","865","1003","1403","766","2","316","637","704","652","448","1","265","228","299","751","318"
"20203","11440630","신수동","2488","1412","1076","1","302","692","697","601","195","1","114","324","398","426","149","0","188","368","299","175","46"
"20203","11470650","신정4동","5283","2917","2366","0","895","938","1009","1109","1332","0","272","458","513","601","1073","0","623","480","496","508","259"
"20203","11470510","목1동","13488","8753","4735","30","2332","3670","3362","2754","1340","20","1088","2412","2387","1974","872","10","1244","1258","975","780","468"
"20203","11500615","우장산동","3447","1897","1550","0","752","778","730","726","461","0","285","451","432","430","299","0","467","327","298","296","162"
"20203","11530730","고척2동","1771","1104","667","0","196","392","450","483","250","0","123","248","265","275","193","0","73","144","185","208","57"
"20203","11470640","신정3동","2687","1918","769","1","212","517","670","569","718","0","100","313","454","402","649","1","112","204","216","167","69"
"20203","11545690","시흥3동","1739","1032","707","0","124","257","404","455","499","0","66","168","232","247","319","0","58","89","172","208","180"
"20203","11545510","가산동","83042","54609","28433","288","16371","25792","20541","12162","7888","185","8686","17319","14814","8083","5522","103","7685","8473","5727","4079","2366"
"20204","11740700","둔촌2동","2952","1329","1623","0","560","770","642","614","366","0","157","322","320","292","238","0","403","448","322","322","128"
"20204","11650581","반포4동","57270","50540","6730","32","5734","12159","15443","21287","2615","13","4349","10118","13706","20231","2123","19","1385","2041","1737","1056","492"
"20204","11710580","송파1동","9835","6186","3649","0","1385","2214","2458","2144","1634","0","595","1316","1609","1447","1219","0","790","898","849","697","415"
"20204","11710540","마천1동","671","327","344","0","60","145","208","192","66","0","17","67","98","94","51","0","43","78","110","98","15"
"20204","11710646","장지동","5323","3640","1683","0","569","846","1266","1408","1234","0","318","565","849","991","917","0","251","281","417","417","317"
"20204","11740570","암사1동","2488","1512","976","0","326","533","522","500","607","0","157","348","327","334","346","0","169","185","195","166","261"
"20204","11740685","길동","8361","4240","4121","0","1200","1672","1888","2040","1561","0","468","887","1007","939","939","0","732","785","881","1101","622"
"20204","11710670","잠실2동","3800","2534","1266","4","729","1104","996","759","208","4","458","775","676","500","121","0","271","329","320","259","87"
"20204","11710566","오륜동","16273","9429","6844","26","2637","4923","4225","3255","1207","8","1062","2562","2716","2156","925","18","1575","2361","1509","1099","282"
"20204","11140550","명동","122900","71136","51764","121","20111","41380","33341","21854","6093","35","8045","21338","21485","16107","4126","86","12066","20042","11856","5747","1967"
"20204","11170700","보광동","547","273","274","0","59","119","149","140","80","0","3","56","77","80","57","0","56","63","72","60","23"
"20204","11110600","가회동","12809","9539","3270","3","1371","4415","3851","2406","763","3","706","3247","3012","1982","589","0","665","1168","839","424","174"
"20204","11140570","필동","13408","6310","7098","5","1937","3400","4133","2936","997","1","657","1684","1944","1377","647","4","1280","1716","2189","1559","350"
"20204","11170690","서빙고동","6671","4372","2299","7","1188","1993","2059","1053","371","2","569","1167","1502","841","291","5","619","826","557","212","80"
"20204","11140645","청구동","2028","1109","919","0","296","541","476","436","279","0","98","279","300","269","163","0","198","262","176","167","116"
"20204","11200645","옥수동","2061","796","1265","0","528","615","467","310","141","0","132","228","218","145","73","0","396","387","249","165","68"
"20204","11200535","왕십리도선동","3164","1451","1713","2","520","613","659","782","588","0","178","339","356","329","249","2","342","274","303","453","339"
"20204","11200570","행당2동","17","4","13","0","0","3","7","5","2","0","0","1","1","0","2","0","0","2","6","5","0"
"20204","11215740","중곡1동","4132","2007","2125","35","1080","794","831","974","418","9","459","428","411","392","308","26","621","366","420","582","110"
"20204","11230750","이문2동","247","133","114","0","27","55","56","63","46","0","9","27","27","35","35","0","18","28","29","28","11"
"20204","11260575","면목3?8동","1963","1255","708","0","172","348","513","544","386","0","53","181","307","405","309","0","119","167","206","139","77"
"20204","11260520","면목2동","1106","619","487","0","80","181","250","348","247","0","13","80","131","201","194","0","67","101","119","147","53"
"20204","11230720","휘경1동","809","483","326","0","86","155","206","209","153","0","29","91","133","145","85","0","57","64","73","64","68"
"20204","11260565","면목본동","1210","660","550","0","138","291","328","298","155","0","40","148","171","171","130","0","98","143","157","127","25"
"20204","11260630","묵2동","1404","969","435","0","197","349","337","391","130","0","116","240","223","289","101","0","81","109","114","102","29"
"20204","11260610","중화2동","794","469","325","0","73","108","220","182","211","0","36","49","110","110","164","0","37","59","110","72","47"
"20204","11305645","우이동","1439","900","539","0","59","111","194","355","720","0","8","53","109","251","479","0","51","58","85","104","241"
"20204","11305545","송중동","1341","658","683","0","120","219","400","354","248","0","40","91","172","173","182","0","80","128","228","181","66"
"20204","11305615","수유1동","1155","523","632","0","105","203","304","351","192","0","20","81","126","153","143","0","85","122","178","198","49"
"20204","11290780","장위3동","221","134","87","0","30","44","50","56","41","0","7","24","28","34","41","0","23","20","22","22","0"
"20204","11320670","쌍문2동","1004","574","430","0","106","169","238","294","197","0","28","78","125","186","157","0","78","91","113","108","40"
"20204","11320680","쌍문3동","1035","482","553","0","227","235","252","245","76","0","49","106","130","141","56","0","178","129","122","104","20"
"20204","11380631","신사1동","1272","678","594","0","128","269","291","316","268","0","49","132","158","153","186","0","79","137","133","163","82"
"20204","11410620","홍제1동","1864","959","905","0","199","279","480","646","260","0","57","126","251","361","164","0","142","153","229","285","96"
"20204","11410660","홍은1동","2582","517","2065","0","87","189","704","1239","363","0","32","64","132","151","138","0","55","125","572","1088","225"
"20204","11410585","신촌동","1969","1037","932","0","304","536","504","424","201","0","112","232","257","282","154","0","192","304","247","142","47"
"20204","11440590","용강동","11032","6546","4486","1","1617","2719","2618","2183","1894","1","783","1610","1731","1267","1154","0","834","1109","887","916","740"
"20204","11470560","신월1동","2094","1369","725","0","182","343","489","699","381","0","99","211","298","470","291","0","83","132","191","229","90"
"20204","11470510","목1동","14424","9367","5057","24","2496","3931","3603","2944","1426","16","1165","2584","2558","2115","929","8","1331","1347","1045","829","497"
"20204","11410640","홍제3동","857","427","430","0","69","102","174","227","285","0","21","38","81","119","168","0","48","64","93","108","117"
"20204","11500540","화곡1동","4355","2437","1918","0","428","899","1088","1225","715","0","191","521","589","687","449","0","237","378","499","538","266"
"20204","11500560","화곡3동","3555","2192","1363","0","488","859","914","820","474","0","262","571","554","461","344","0","226","288","360","359","130"
"20204","11530720","고척1동","2425","1726","699","0","211","493","638","744","339","0","111","330","446","561","278","0","100","163","192","183","61"
"20204","11530540","구로3동","61322","40198","21124","220","12747","20658","15533","7627","4537","147","6443","13703","10945","5323","3637","73","6304","6955","4588","2304","900"
"20204","11500590","화곡본동","2358","1341","1017","0","245","468","577","573","495","0","86","263","330","300","362","0","159","205","247","273","133"
"20204","11530770","오류1동","3085","1967","1118","0","398","575","759","899","454","0","286","387","460","520","314","0","112","188","299","379","140"
"20204","11560700","대림1동","1614","607","1007","0","533","373","333","265","110","0","103","127","164","134","79","0","430","246","169","131","31"
"20204","11560660","신길4동","777","386","391","0","129","187","199","184","78","0","44","88","96","99","59","0","85","99","103","85","19"
"20204","11560670","신길5동","804","384","420","0","71","174","271","199","89","0","33","80","96","100","75","0","38","94","175","99","14"
"20204","11545680","시흥2동","978","576","402","0","97","196","247","293","145","0","56","112","140","170","98","0","41","84","107","123","47"
"20204","11620525","보라매동","2155","1113","1042","2","276","494","514","540","329","0","112","252","262","258","229","2","164","242","252","282","100"
"20204","11650620","방배3동","15432","10109","5323","79","2414","4594","4177","2513","1655","24","1227","2884","3005","1730","1239","55","1187","1710","1172","783","416"
"20204","11650590","방배본동","23491","13006","10485","77","4409","6060","6251","4201","2493","59","1500","3165","3638","2730","1914","18","2909","2895","2613","1471","579"
"20204","11590640","사당3동","893","520","373","0","102","201","245","213","132","0","39","106","150","123","102","0","63","95","95","90","30"
"20204","11590530","상도1동","3353","1948","1405","0","515","832","821","750","435","0","220","470","493","464","301","0","295","362","328","286","134"
"20204","11680656","도곡2동","87366","59746","27620","420","16691","34331","25099","9046","1779","266","8919","23515","19293","6582","1171","154","7772","10816","5806","2464","608"
"20204","11680580","삼성1동","169811","114606","55205","390","34212","50928","45504","30148","8629","191","18388","33671","33563","23632","5161","199","15824","17257","11941","6516","3468"
"20204","11680700","세곡동","407","238","169","0","27","71","83","121","105","0","11","36","49","71","71","0","16","35","34","50","34"
"20204","11680750","수서동","18199","9605","8594","23","2590","4906","4897","3614","2169","15","1161","2636","2568","1920","1305","8","1429","2270","2329","1694","864"
"20204","11710610","삼전동","3629","2450","1179","0","429","829","822","733","816","0","246","543","539","449","673","0","183","286","283","284","143"
"20204","11710631","가락1동","5873","4107","1766","0","401","1093","1616","1683","1080","0","269","837","1190","1104","707","0","132","256","426","579","373"
"20204","11710590","송파2동","5342","3378","1964","18","842","1324","1402","1274","482","16","408","841","1010","799","304","2","434","483","392","475","178"
"20204","11740600","천호1동","1785","1034","751","0","164","335","445","426","415","0","61","174","225","253","321","0","103","161","220","173","94"
"20204","11710690","잠실4동","2075","1666","409","10","277","651","602","441","94","4","199","535","496","360","72","6","78","116","106","81","22"
"20204","11710710","잠실6동","53520","28519","25001","106","8515","14206","15267","13646","1780","35","3941","8730","8812","5660","1341","71","4574","5476","6455","7986","439"
"20204","11110580","교남동","725","431","294","0","79","192","194","147","113","0","26","97","116","101","91","0","53","95","78","46","22"
"20204","11110670","창신1동","1940","842","1098","0","135","340","605","498","362","0","51","114","200","226","251","0","84","226","405","272","111"
"20204","11110680","창신2동","183","50","133","0","4","12","54","74","39","0","0","0","17","21","12","0","4","12","37","53","27"
"20204","11140625","다산동","6479","4097","2382","0","1145","2078","1566","1137","553","0","469","1429","1102","698","399","0","676","649","464","439","154"
"20204","11110530","사직동","45807","28676","17131","30","6047","12958","13809","9084","3879","5","2531","7964","9447","6344","2385","25","3516","4994","4362","2740","1494"
"20204","11200590","금호1가동","1533","569","964","9","180","502","628","174","40","0","56","167","248","69","29","9","124","335","380","105","11"
"20204","11170570","원효로2동","2867","2073","794","5","451","869","800","465","277","2","260","622","617","348","224","3","191","247","183","117","53"
"20204","11170625","한강로동","43804","21631","22173","121","8957","13665","12500","6436","2125","57","3649","6398","6216","3914","1397","64","5308","7267","6284","2522","728"
"20204","11200670","성수2가1동","7627","4847","2780","51","1751","2203","1750","1243","629","27","788","1425","1199","883","525","24","963","778","551","360","104"
"20204","11200560","행당1동","1566","1063","503","0","194","327","404","448","193","0","97","202","279","341","144","0","97","125","125","107","49"
"20204","11215860","구의2동","2121","1328","793","8","302","367","540","578","326","0","154","205","357","380","232","8","148","162","183","198","94"
"20204","11215710","화양동","1232","803","429","0","155","188","307","376","206","0","56","103","206","264","174","0","99","85","101","112","32"
"20204","11230650","장안1동","9768","6164","3604","3","1327","1922","2116","2160","2240","3","798","1238","1320","1302","1503","0","529","684","796","858","737"
"20204","11260540","면목4동","801","613","188","0","38","127","223","313","100","0","14","84","158","266","91","0","24","43","65","47","9"
"20204","11260655","망우본동","1494","785","709","0","153","273","340","464","264","0","42","102","159","257","225","0","111","171","181","207","39"
"20204","11260660","망우3동","371","196","175","0","20","49","98","120","84","0","6","16","44","65","65","0","14","33","54","55","19"
"20204","11290555","삼선동","4713","2362","2351","0","494","1135","1429","1179","476","0","169","487","689","740","277","0","325","648","740","439","199"
"20204","11305603","번2동","289","134","155","0","33","37","84","94","41","0","13","19","35","45","22","0","20","18","49","49","19"
"20204","11290630","정릉2동","1094","471","623","0","175","269","298","241","111","0","37","113","116","116","89","0","138","156","182","125","22"
"20204","11290640","정릉3동","378","268","110","0","59","114","92","66","47","0","35","80","68","51","34","0","24","34","24","15","13"
"20204","11350630","상계1동","3668","2327","1341","0","420","759","889","937","663","0","244","514","578","586","405","0","176","245","311","351","258"
"20204","11350570","월계2동","54","25","29","0","6","13","15","15","5","0","2","4","6","9","4","0","4","9","9","6","1"
"20204","11350611","하계1동","557","353","204","0","62","117","142","160","76","0","27","69","84","112","61","0","35","48","58","48","15"
"20204","11320710","방학3동","1081","649","432","0","186","246","254","251","144","0","118","142","160","121","108","0","68","104","94","130","36"
"20204","11380625","역촌동","3216","1548","1668","0","525","659","840","737","455","0","183","299","391","358","317","0","342","360","449","379","138"
"20204","11380640","증산동","2370","1551","819","0","304","631","655","536","244","0","144","423","435","357","192","0","160","208","220","179","52"
"20204","11380590","응암2동","404","262","142","0","47","50","95","120","92","0","27","27","55","73","80","0","20","23","40","47","12"
"20204","11410700","남가좌2동","838","435","403","0","79","173","243","250","93","0","21","82","114","143","75","0","58","91","129","107","18"
"20204","11410615","연희동","7677","5061","2616","4","1217","1908","1657","2130","761","3","675","1274","1040","1531","538","1","542","634","617","599","223"
"20204","11380650","수색동","216","138","78","0","26","60","53","42","35","0","13","38","33","27","27","0","13","22","20","15","8"
"20204","11440710","연남동","2885","1790","1095","0","457","690","714","617","407","0","204","370","424","430","362","0","253","320","290","187","45"
"20204","11500620","공항동","5655","2963","2692","0","946","1870","1557","1098","184","0","219","783","906","913","142","0","727","1087","651","185","42"
"20204","11470540","목4동","1836","1125","711","0","212","409","541","462","212","0","82","249","322","298","174","0","130","160","219","164","38"
"20204","11500530","등촌2동","2931","1738","1193","0","349","578","706","755","543","0","146","314","426","479","373","0","203","264","280","276","170"
"20204","11500611","발산1동","2494","1447","1047","0","155","369","663","816","491","0","65","186","317","477","402","0","90","183","346","339","89"
"20204","11530740","개봉1동","2726","1592","1134","0","231","585","656","726","528","0","119","325","334","416","398","0","112","260","322","310","130"
"20204","11500593","화곡8동","1592","869","723","0","232","419","448","286","207","0","107","226","224","173","139","0","125","193","224","113","68"
"20204","11545670","시흥1동","4369","2336","2033","0","611","1057","1044","1096","561","0","280","526","526","618","386","0","331","531","518","478","175"
"20204","11545510","가산동","92112","60594","31518","307","18157","28626","22788","13495","8739","197","9635","19227","16442","8968","6125","110","8522","9399","6346","4527","2614"
"20204","11560650","신길3동","463","326","137","0","14","69","110","125","145","0","2","44","74","86","120","0","12","25","36","39","25"
"20204","11590560","상도4동","1114","668","446","0","147","261","282","273","151","0","72","153","170","197","76","0","75","108","112","76","75"
"20204","11560515","영등포본동","4165","2383","1782","8","583","1038","1074","1016","446","3","248","526","619","642","345","5","335","512","455","374","101"
"20204","11620645","서원동","2073","856","1217","0","398","444","382","463","386","0","98","179","193","169","217","0","300","265","189","294","169"
"20204","11620585","낙성대동","5501","3039","2462","0","886","1900","1183","839","693","0","400","999","618","486","536","0","486","901","565","353","157"
"20204","11620765","미성동","2518","1504","1014","0","230","433","608","674","573","0","150","258","343","351","402","0","80","175","265","323","171"
"20204","11650660","내곡동","1029","666","363","0","148","215","217","222","227","0","104","155","146","129","132","0","44","60","71","93","95"
"20204","11620575","행운동","2006","1135","871","0","293","500","480","454","279","0","145","288","259","236","207","0","148","212","221","218","72"
"20204","11650610","방배2동","14220","6920","7300","7","2398","3655","3923","2729","1508","0","832","1639","1810","1616","1023","7","1566","2016","2113","1113","485"
"20204","11650621","방배4동","15577","9631","5946","12","2697","4301","3876","2985","1706","4","1141","2535","2631","2090","1230","8","1556","1766","1245","895","476"
"20204","11620625","인헌동","1574","911","663","0","324","461","406","243","140","0","148","285","241","126","111","0","176","176","165","117","29"
"20204","11590650","사당4동","1203","622","581","0","124","188","269","232","390","0","47","96","115","107","257","0","77","92","154","125","133"
"20204","11680630","대치4동","33644","20688","12956","114","5394","10031","9152","5714","3239","5","2313","6075","6268","4009","2018","109","3081","3956","2884","1705","1221"
"20204","11650652","양재2동","32728","24569","8159","24","4345","8021","9203","8638","2497","15","2632","5905","7071","7046","1900","9","1713","2116","2132","1592","597"
"20204","11680510","신사동","26498","15795","10703","38","5521","8012","6737","4036","2154","11","2145","4894","4512","2640","1593","27","3376","3118","2225","1396","561"
"20204","11650570","반포2동","2283","1360","923","4","383","708","593","383","212","2","168","428","382","231","149","2","215","280","211","152","63"
"20204","11710570","오금동","21745","15192","6553","3","2885","5169","5495","5245","2948","3","1684","3492","4052","3967","1994","0","1201","1677","1443","1278","954"
"20204","11710550","마천2동","1374","876","498","0","121","327","385","359","182","0","73","204","220","215","164","0","48","123","165","144","18"
"20204","11740620","천호3동","1293","737","556","0","61","139","216","232","645","0","20","63","107","118","429","0","41","76","109","114","216"
"20204","11710520","풍납2동","473","233","240","0","102","162","118","72","19","0","28","84","62","44","15","0","74","78","56","28","4"
"20204","11740640","성내1동","13587","9226","4361","6","1613","2842","2920","3515","2691","1","934","1771","1913","2538","2069","5","679","1071","1007","977","622"
"20204","11740650","성내2동","2250","1430","820","0","372","471","506","461","440","0","253","301","302","295","279","0","119","170","204","166","161"
"20204","11110615","종로1?2?3?4가동","115053","63404","51649","1591","23320","35023","31524","18059","5536","680","10167","17578","18479","12728","3772","911","13153","17445","13045","5331","1764"
"20204","11110560","평창동","11836","6635","5201","5","1468","3178","3881","2569","735","2","701","1626","2292","1542","472","3","767","1552","1589","1027","263"
"20204","11110570","무악동","431","116","315","1","120","123","109","54","24","1","26","25","35","16","13","0","94","98","74","38","11"
"20204","11110710","숭인2동","1620","831","789","0","240","286","386","387","321","0","72","136","217","232","174","0","168","150","169","155","147"
"20204","11170590","용문동","2558","1478","1080","0","506","696","704","477","175","0","211","408","416","321","122","0","295","288","288","156","53"
"20204","11170510","후암동","1731","1026","705","0","259","386","483","398","205","0","94","230","318","235","149","0","165","156","165","163","56"
"20204","11200550","사근동","399","289","110","0","14","68","133","129","55","0","4","42","93","102","48","0","10","26","40","27","7"
"20204","11200580","응봉동","368","152","216","1","87","98","80","65","37","0","20","34","38","33","27","1","67","64","42","32","10"
"20204","11230610","답십리2동","2849","2099","750","4","461","650","669","580","485","4","347","503","491","402","352","0","114","147","178","178","133"
"20204","11260590","상봉2동","4569","3186","1383","0","541","1193","1521","1043","271","0","316","841","1026","764","239","0","225","352","495","279","32"
"20204","11215840","자양3동","1991","1440","551","1","236","515","558","506","175","0","145","365","414","374","142","1","91","150","144","132","33"
"20204","11230660","장안2동","5233","2814","2419","3","1624","1019","1056","982","549","3","842","587","490","478","414","0","782","432","566","504","135"
"20204","11230730","휘경2동","1022","526","496","0","133","224","271","247","147","0","37","105","142","131","111","0","96","119","129","116","36"
"20204","11260570","면목7동","786","432","354","0","91","149","194","221","131","0","23","68","102","129","110","0","68","81","92","92","21"
"20204","11305595","번1동","2157","1289","868","0","251","441","432","564","469","0","107","275","265","367","275","0","144","166","167","197","194"
"20204","11290650","정릉4동","863","533","330","0","65","128","215","279","176","0","17","64","138","190","124","0","48","64","77","89","52"
"20204","11320512","창2동","1112","636","476","0","137","251","305","258","161","0","63","151","169","130","123","0","74","100","136","128","38"
"20204","11350595","공릉1동","4652","2516","2136","0","481","713","1022","1295","1141","0","217","392","508","673","726","0","264","321","514","622","415"
"20204","11350600","공릉2동","1001","458","543","0","166","250","245","236","104","0","49","114","114","115","66","0","117","136","131","121","38"
"20204","11350670","상계5동","1096","545","551","0","36","104","188","288","480","0","11","59","79","130","266","0","25","45","109","158","214"
"20204","11380632","신사2동","1084","774","310","0","116","212","283","271","202","0","93","149","163","185","184","0","23","63","120","86","18"
"20204","11410710","북가좌1동","351","282","69","0","5","14","40","75","217","0","1","6","18","51","206","0","4","8","22","24","11"
"20204","11440565","공덕동","9224","5324","3900","23","2058","2517","2492","1621","513","7","819","1333","1586","1205","374","16","1239","1184","906","416","139"
"20204","11440600","대흥동","3932","1935","1997","10","1614","903","564","532","309","0","630","466","307","321","211","10","984","437","257","211","98"
"20204","11440585","도화동","12792","7780","5012","8","2355","3120","3221","2854","1234","4","1229","2147","2121","1490","789","4","1126","973","1100","1364","445"
"20204","11440720","성산1동","4809","3207","1602","1","608","996","1105","936","1163","1","299","620","706","655","926","0","309","376","399","281","237"
"20204","11470580","신월3동","1019","594","425","0","93","185","237","312","192","0","31","75","127","198","163","0","62","110","110","114","29"
"20204","11470590","신월4동","1334","912","422","0","60","160","312","438","364","0","24","87","181","298","322","0","36","73","131","140","42"
"20204","11440730","성산2동","2037","908","1129","1","188","384","539","630","295","1","62","189","242","245","169","0","126","195","297","385","126"
"20204","11500520","등촌1동","5411","3250","2161","2","1083","1405","1201","970","750","2","401","886","827","634","500","0","682","519","374","336","250"
"20204","11500630","방화1동","4389","3485","904","0","448","937","1081","1271","652","0","329","776","874","1064","442","0","119","161","207","207","210"
"20204","11500640","방화2동","2100","1387","713","2","209","404","481","561","443","2","120","245","313","360","347","0","89","159","168","201","96"
"20204","11545710","시흥5동","1300","772","528","1","176","300","337","279","207","1","92","201","199","142","137","0","84","99","138","137","70"
"20204","11560585","도림동","652","430","222","0","41","106","168","178","159","0","16","67","111","116","120","0","25","39","57","62","39"
"20204","11560690","신길7동","2428","1671","757","0","281","464","550","702","431","0","176","318","373","451","353","0","105","146","177","251","78"
"20204","11560680","신길6동","1857","1166","691","0","197","449","490","403","318","0","98","276","296","253","243","0","99","173","194","150","75"
"20204","11560535","영등포동","13330","7459","5871","4","2447","3331","3157","2637","1754","0","906","1860","1969","1553","1171","4","1541","1471","1188","1084","583"
"20204","11620775","난곡동","883","494","389","0","84","183","217","268","131","0","31","95","108","156","104","0","53","88","109","112","27"
"20204","11620715","난향동","430","212","218","0","46","96","121","93","74","0","10","43","51","47","61","0","36","53","70","46","13"
"20204","11620630","남현동","3374","2233","1141","0","560","847","916","657","394","0","308","572","645","430","278","0","252","275","271","227","116"
"20204","11620745","삼성동","780","438","342","0","82","154","215","212","117","0","37","77","112","115","97","0","45","77","103","97","20"
"20204","11620665","서림동","1534","872","662","0","220","272","389","335","318","0","110","146","207","201","208","0","110","126","182","134","110"
"20204","11620615","중앙동","1264","589","675","0","143","223","298","350","250","0","57","107","141","166","118","0","86","116","157","184","132"
"20204","11650540","잠원동","11785","6832","4953","24","2456","3479","2910","1817","1099","13","968","2038","1930","1138","745","11","1488","1441","980","679","354"
"20204","11680545","압구정동","40086","22569","17517","203","8921","12539","9208","6004","3211","74","3305","7047","6202","3951","1990","129","5616","5492","3006","2053","1221"
"20204","11680640","역삼1동","169130","100073","69057","377","34141","51463","43587","29520","10042","126","16339","32110","28459","15992","7047","251","17802","19353","15128","13528","2995"
"20204","11650560","반포1동","7464","4590","2874","0","1364","2483","1874","1142","601","0","644","1620","1246","633","447","0","720","863","628","509","154"
"20204","11680600","대치1동","16887","8995","7892","27","3092","5510","4204","2629","1425","9","1162","2734","2377","1681","1032","18","1930","2776","1827","948","393"
"20204","11740515","강일동","204","134","70","0","28","44","58","49","25","0","14","30","36","32","22","0","14","14","22","17","3"
"20204","11740550","고덕1동","802","418","384","0","89","175","207","192","139","0","38","100","102","89","89","0","51","75","105","103","50"
"20204","11740530","명일1동","3976","2223","1753","0","588","1069","1004","718","597","0","272","648","657","368","278","0","316","421","347","350","319"
"20204","11140615","신당동","5257","2839","2418","27","1523","1116","989","959","643","6","678","586","508","622","439","21","845","530","481","337","204"
"20204","11140520","소공동","93047","49413","43634","486","26928","29388","20476","12302","3467","133","8748","14620","14610","8986","2316","353","18180","14768","5866","3316","1151"
"20204","11200520","왕십리2동","1035","623","412","0","134","266","303","227","105","0","67","143","186","143","84","0","67","123","117","84","21"
"20204","11215870","구의3동","8848","5395","3453","6","1037","1867","2139","2221","1578","1","596","1305","1452","1141","900","5","441","562","687","1080","678"
"20204","11215730","군자동","1480","808","672","0","176","315","336","341","312","0","69","165","192","180","202","0","107","150","144","161","110"
"20204","11215780","능동","1455","905","550","0","208","338","380","296","233","0","103","200","242","179","181","0","105","138","138","117","52"
"20204","11230560","전농1동","873","583","290","0","84","138","249","260","142","0","56","92","178","175","82","0","28","46","71","85","60"
"20204","11215770","중곡4동","3121","1530","1591","0","541","761","805","728","286","0","148","352","394","395","241","0","393","409","411","333","45"
"20204","11290610","보문동","3466","2627","839","0","332","1021","731","729","653","0","181","818","586","586","456","0","151","203","145","143","197"
"20204","11290600","안암동","2246","1489","757","0","291","592","645","496","222","0","147","374","423","358","187","0","144","218","222","138","35"
"20204","11320681","쌍문4동","250","130","120","0","24","60","71","66","29","0","7","28","36","35","24","0","17","32","35","31","5"
"20204","11350695","상계6?7동","3737","1651","2086","0","525","885","963","951","413","0","138","335","431","517","230","0","387","550","532","434","183"
"20204","11350710","상계9동","1126","712","414","0","144","282","282","319","99","0","79","179","165","212","77","0","65","103","117","107","22"
"20204","11380520","불광1동","1884","816","1068","0","266","448","504","437","229","0","94","193","223","188","118","0","172","255","281","249","111"
"20204","11380690","진관동","539","283","256","0","52","133","146","132","76","0","24","83","83","55","38","0","28","50","63","77","38"
"20204","11410720","북가좌2동","1495","765","730","0","219","294","336","381","265","0","58","150","188","208","161","0","161","144","148","173","104"
"20204","11350625","중계2?3동","1294","725","569","1","168","338","333","332","122","1","100","201","171","175","77","0","68","137","162","157","45"
"20204","11380570","대조동","2240","1106","1134","0","263","481","609","524","363","0","93","235","290","234","254","0","170","246","319","290","109"
"20204","11440655","서강동","3181","2002","1179","0","545","774","769","628","465","0","269","458","509","416","350","0","276","316","260","212","115"
"20204","11440740","상암동","11462","7045","4417","24","2422","4160","3118","1296","442","11","1068","2623","2073","906","364","13","1354","1537","1045","390","78"
"20204","11470520","목2동","3017","1690","1327","0","417","735","805","690","370","0","197","402","447","400","244","0","220","333","358","290","126"
"20204","11500641","방화3동","2437","1576","861","0","234","522","613","673","395","0","118","275","379","475","329","0","116","247","234","198","66"
"20204","11470640","신정3동","2050","1470","580","0","161","393","512","441","543","0","75","242","349","311","493","0","86","151","163","130","50"
"20204","11530780","오류2동","736","448","288","0","69","168","192","190","117","0","31","92","114","120","91","0","38","76","78","70","26"
"20204","11530790","수궁동","1741","1182","559","1","171","335","405","495","334","1","106","214","254","337","270","0","65","121","151","158","64"
"20204","11545620","독산2동","1495","849","646","0","176","310","350","441","218","0","97","144","175","263","170","0","79","166","175","178","48"
"20204","11590620","사당1동","3709","1959","1750","0","615","922","1002","681","489","0","188","450","503","413","405","0","427","472","499","268","84"
"20204","11560610","양평1동","8762","5073","3689","21","1740","2016","1940","1763","1282","8","888","1287","1154","906","830","13","852","729","786","857","452"
"20204","11560540","여의동","192171","136360","55811","455","35329","68874","49407","29468","8638","168","19501","49228","38160","23454","5849","287","15828","19646","11247","6014","2789"
"20204","11620685","신사동","3751","2588","1163","0","593","1093","1107","679","279","0","256","746","878","518","190","0","337","347","229","161","89"
"20204","11620595","청룡동","3071","1689","1382","0","498","875","740","701","257","0","194","445","413","457","180","0","304","430","327","244","77"
"20204","11650531","서초4동","33312","19044","14268","119","6509","10194","8365","5899","2226","54","2475","5823","5425","3699","1568","65","4034","4371","2940","2200","658"
"20204","11680521","논현1동","40917","23930","16987","76","10700","12307","8712","5671","3451","24","4554","7313","5871","3659","2509","52","6146","4994","2841","2012","942"
"20204","11680690","개포4동","6683","4818","1865","0","804","1518","1887","1597","877","0","399","1017","1431","1246","725","0","405","501","456","351","152"
"20204","11680670","개포2동","8495","5569","2926","17","1488","2420","2034","1576","960","5","794","1619","1403","1007","741","12","694","801","631","569","219"
"20204","11650580","반포3동","2674","1492","1182","4","424","680","592","536","438","1","180","401","392","311","207","3","244","279","200","225","231"
"20204","11650550","반포본동","11178","6092","5086","18","1848","3691","3196","1911","514","11","676","2016","1793","1196","400","7","1172","1675","1403","715","114"
"20204","11710620","가락본동","26146","15814","10332","33","3542","6297","5995","5117","5162","12","1697","3934","4017","2970","3184","21","1845","2363","1978","2147","1978"
"20204","11680590","삼성2동","57038","32784","24254","105","11498","18498","14487","8073","4377","39","4771","10882","9669","4542","2881","66","6727","7616","4818","3531","1496"
"20204","11680565","청담동","54369","31131","23238","105","11319","17995","13506","8167","3277","38","4256","10274","8879","5397","2287","67","7063","7721","4627","2770","990"
"20204","11710641","문정1동","31815","24589","7226","0","2889","5941","9173","12013","1799","0","1701","4283","7140","10293","1172","0","1188","1658","2033","1720","627"
"20204","11680660","개포1동","549","337","212","3","86","145","142","114","59","1","39","80","98","77","42","2","47","65","44","37","17"
"20204","11740610","천호2동","2915","1505","1410","1","345","625","725","689","530","1","135","292","359","343","375","0","210","333","366","346","155"
"20204","11710600","석촌동","8142","5381","2761","0","992","1852","1900","1676","1722","0","566","1336","1289","985","1205","0","426","516","611","691","517"
"20204","11110630","종로5?6가동","22084","13809","8275","548","5147","6386","5431","3337","1235","134","2131","4119","3983","2579","863","414","3016","2267","1448","758","372"
"20204","11110650","혜화동","5345","2612","2733","1","874","1459","1302","1062","647","1","299","711","694","547","360","0","575","748","608","515","287"
"20204","11170685","한남동","37600","27541","10059","69","6179","11152","9891","8642","1667","50","2921","7430","8032","7758","1350","19","3258","3722","1859","884","317"
"20204","11170580","효창동","1167","661","506","0","157","295","323","257","135","0","76","170","192","129","94","0","81","125","131","128","41"
"20204","11170630","이촌1동","5250","3358","1892","24","853","1412","1470","1069","422","16","422","869","1036","721","294","8","431","543","434","348","128"
"20204","11200720","송정동","862","530","332","0","121","204","219","175","143","0","59","126","123","103","119","0","62","78","96","72","24"
"20204","11200615","금호2?3가동","394","207","187","0","34","70","96","97","97","0","0","27","48","55","77","0","34","43","48","42","20"
"20204","11200790","용답동","3201","1953","1248","14","806","898","658","506","319","0","348","584","439","325","257","14","458","314","219","181","62"
"20204","11230740","이문1동","915","411","504","0","171","240","250","177","77","0","30","92","125","108","56","0","141","148","125","69","21"
"20204","11230545","제기동","4704","2813","1891","0","603","1171","1152","999","779","0","242","692","736","593","550","0","361","479","416","406","229"
"20204","11260550","면목5동","954","674","280","0","85","152","258","248","211","0","63","123","125","166","197","0","22","29","133","82","14"
"20204","11230710","회기동","131","57","74","0","8","29","36","34","24","0","0","8","15","13","21","0","8","21","21","21","3"
"20204","11260620","묵1동","967","463","504","0","99","229","279","232","128","0","36","109","121","109","88","0","63","120","158","123","40"
"20204","11260690","신내2동","686","382","304","0","91","172","168","171","84","0","38","81","87","111","65","0","53","91","81","60","19"
"20204","11260600","중화1동","1158","615","543","0","126","253","300","280","199","0","44","106","145","155","165","0","82","147","155","125","34"
"20204","11290525","성북동","19885","15180","4705","4","2590","4899","5780","5763","849","0","1432","3425","4588","5136","599","4","1158","1474","1192","627","250"
"20204","11305575","삼각산동","296","163","133","0","53","77","95","46","25","0","22","43","53","23","22","0","31","34","42","23","3"
"20204","11290770","장위2동","686","426","260","0","36","124","175","170","181","0","7","62","99","108","150","0","29","62","76","62","31"
"20204","11290760","장위1동","547","286","261","0","102","118","130","112","85","0","48","65","65","54","54","0","54","53","65","58","31"
"20204","11380551","갈현1동","2245","1152","1093","0","382","526","532","498","307","0","150","275","269","253","205","0","232","251","263","245","102"
"20204","11320522","도봉2동","815","521","294","0","34","96","143","210","332","0","12","48","80","136","245","0","22","48","63","74","87"
"20204","11380580","응암1동","2292","1278","1014","0","228","382","549","534","599","0","102","180","289","272","435","0","126","202","260","262","164"
"20204","11440690","망원1동","3131","1752","1379","0","867","878","659","455","272","0","501","468","320","279","184","0","366","410","339","176","88"
"20204","11350624","중계4동","1121","613","508","1","112","232","262","293","221","1","40","111","136","156","169","0","72","121","126","137","52"
"20204","11350621","중계1동","950","521","429","0","125","209","284","237","95","0","53","114","151","129","74","0","72","95","133","108","21"
"20204","11440700","망원2동","4504","2697","1807","0","565","839","973","1374","753","0","314","623","681","640","439","0","251","216","292","734","314"
"20204","11440610","염리동","2042","1350","692","22","386","459","411","452","312","8","195","312","308","312","215","14","191","147","103","140","97"
"20204","11500605","가양3동","260","166","94","0","43","58","73","54","32","0","28","39","46","32","21","0","15","19","27","22","11"
"20204","11500535","등촌3동","13188","6984","6204","24","1641","2801","2948","3264","2510","12","720","1531","1730","1584","1407","12","921","1270","1218","1680","1103"
"20204","11530760","개봉3동","1461","888","573","0","194","361","376","313","217","0","96","225","225","177","165","0","98","136","151","136","52"
"20204","11500615","우장산동","3267","1797","1470","0","712","738","694","686","437","0","269","425","409","409","285","0","443","313","285","277","152"
"20204","11530530","구로2동","11348","7003","4345","18","1370","2639","2830","2852","1639","9","639","1561","1702","1876","1216","9","731","1078","1128","976","423"
"20204","11560550","당산1동","7122","4290","2832","0","1213","2021","1584","1314","990","0","485","1133","998","919","755","0","728","888","586","395","235"
"20204","11530510","신도림동","9259","6084","3175","12","1514","2873","2258","1680","922","6","631","1959","1628","1162","698","6","883","914","630","518","224"
"20204","11560605","문래동","56797","41251","15546","64","8764","18570","17500","8950","2949","21","4894","14129","14300","6057","1850","43","3870","4441","3200","2893","1099"
"20204","11530595","가리봉동","778","359","419","0","55","127","184","169","243","0","19","59","82","66","133","0","36","68","102","103","110"
"20204","11560720","대림3동","5000","3242","1758","0","507","1051","1287","1203","952","0","261","737","923","757","564","0","246","314","364","446","388"
"20204","11590660","대방동","8214","5461","2753","0","1374","2232","1922","1838","848","0","732","1527","1339","1324","539","0","642","705","583","514","309"
"20204","11560620","양평2동","12555","7184","5371","8","2293","3427","3455","2169","1203","1","1004","2064","1957","1272","886","7","1289","1363","1498","897","317"
"20204","11590540","상도2동","1019","523","496","0","116","243","271","252","137","0","50","127","143","126","77","0","66","116","128","126","60"
"20204","11620565","성현동","1713","647","1066","7","242","301","395","519","249","5","109","158","178","140","57","2","133","143","217","379","192"
"20204","11650530","서초3동","61450","36511","24939","117","10551","18437","15758","11205","5382","49","4460","10744","10085","7316","3857","68","6091","7693","5673","3889","1525"
"20204","11710561","방이1동","8038","5867","2171","5","843","1575","2104","2140","1371","5","402","1001","1568","1714","1177","0","441","574","536","426","194"
"20204","11740660","성내3동","4018","2421","1597","0","564","905","1015","838","696","0","296","576","615","473","461","0","268","329","400","365","235"
"20204","11110550","부암동","1712","956","756","0","289","496","462","329","136","0","115","276","268","201","96","0","174","220","194","128","40"
"20204","11110540","삼청동","3007","2455","552","0","367","797","940","714","189","0","235","615","801","638","166","0","132","182","139","76","23"
"20204","11110700","숭인1동","225","101","124","0","43","50","48","51","33","0","5","21","24","27","24","0","38","29","24","24","9"
"20204","11110640","이화동","1800","993","807","0","273","452","465","378","232","0","84","207","272","253","177","0","189","245","193","125","55"
"20204","11140540","회현동","78140","48297","29843","219","14647","27576","21371","11359","2968","69","6834","16456","13923","8940","2075","150","7813","11120","7448","2419","893"
"20204","11170660","이태원2동","1046","593","453","0","168","359","279","160","80","0","77","198","151","90","77","0","91","161","128","70","3"
"20204","11170640","이촌2동","2644","1800","844","0","378","726","783","579","178","0","172","460","589","448","131","0","206","266","194","131","47"
"20204","11200650","성수1가1동","2307","1446","861","0","289","489","517","616","396","0","132","304","332","420","258","0","157","185","185","196","138"
"20204","11140680","중림동","3238","1805","1433","0","683","1041","847","446","221","0","310","564","470","296","165","0","373","477","377","150","56"
"20204","11290660","길음1동","4044","1976","2068","268","1417","994","674","437","254","112","613","522","332","202","195","156","804","472","342","235","59"
"20204","11215847","자양4동","759","528","231","0","33","103","191","205","227","0","12","59","120","141","196","0","21","44","71","64","31"
"20204","11215820","자양1동","10193","8052","2141","0","692","1435","2765","4164","1137","0","306","924","2221","3622","979","0","386","511","544","542","158"
"20204","11230536","용신동","19499","10093","9406","0","2358","4343","4823","4814","3161","0","1114","2488","2547","2202","1742","0","1244","1855","2276","2612","1419"
"20204","11305608","번3동","226","123","103","0","22","37","56","66","45","0","8","17","31","36","31","0","14","20","25","30","14"
"20204","11305555","송천동","821","424","397","0","34","120","167","230","270","0","5","52","74","140","153","0","29","68","93","90","117"
"20204","11320700","방학2동","793","359","434","0","53","160","203","163","214","0","17","80","91","80","91","0","36","80","112","83","123"
"20204","11320660","쌍문1동","802","381","421","0","87","130","222","228","135","0","14","46","85","118","118","0","73","84","137","110","17"
"20204","11320514","창4동","1631","1028","603","0","169","312","402","449","299","0","73","166","238","303","248","0","96","146","164","146","51"
"20204","11320515","창5동","5138","3248","1890","0","585","1149","1266","1093","1045","0","303","789","852","600","704","0","282","360","414","493","341"
"20204","11410565","충현동","12196","7576","4620","8","1528","3096","3223","2894","1447","6","722","1880","2047","1898","1023","2","806","1216","1176","996","424"
"20204","11440680","합정동","5238","2930","2308","0","869","1515","1367","957","530","0","337","744","859","623","367","0","532","771","508","334","163"
"20204","11470610","신월6동","691","408","283","0","69","128","159","191","144","0","26","66","88","108","120","0","43","62","71","83","24"
"20204","11470530","목3동","1768","973","795","0","230","389","469","428","252","0","115","226","252","217","163","0","115","163","217","211","89"
"20204","11470680","신정7동","298","176","122","0","34","73","91","68","32","0","16","41","55","41","23","0","18","32","36","27","9"
"20204","11410655","홍제2동","347","176","171","0","51","75","88","77","56","0","17","49","44","38","28","0","34","26","44","39","28"
"20204","11530730","고척2동","1674","1062","612","0","174","379","435","458","228","0","115","244","258","265","180","0","59","135","177","193","48"
"20204","11500510","염창동","2900","1345","1555","2","450","854","863","489","242","1","162","373","347","270","192","1","288","481","516","219","50"
"20204","11530750","개봉2동","7179","3553","3626","15","1273","1745","1707","1709","730","6","724","1113","755","573","382","9","549","632","952","1136","348"
"20204","11530550","구로4동","1589","897","692","0","163","319","398","394","315","0","70","177","214","214","222","0","93","142","184","180","93"
"20204","11470611","신월7동","2522","1651","871","0","270","422","511","602","717","0","199","319","337","366","430","0","71","103","174","236","287"
"20204","11470620","신정1동","7480","4368","3112","32","1323","1871","1872","1592","790","32","552","1164","1122","925","573","0","771","707","750","667","217"
"20204","11590680","신대방2동","13567","8641","4926","24","2478","2822","2543","3180","2520","13","1876","2165","1625","1621","1341","11","602","657","918","1559","1179"
"20204","11620735","대학동","659","518","141","0","84","165","192","168","50","0","53","119","160","142","44","0","31","46","32","26","6"
"20204","11620725","조원동","2942","1842","1100","0","560","719","717","631","315","0","258","470","459","426","229","0","302","249","258","205","86"
"20204","11680531","논현2동","51348","32774","18574","60","9843","14883","12372","8342","5848","3","4274","8896","8787","6325","4489","57","5569","5987","3585","2017","1359"
"20204","11680610","대치2동","93548","52340","41208","514","16992","25762","21574","17657","11049","222","7821","15778","13873","9115","5531","292","9171","9984","7701","8542","5518"
"20204","11650651","양재1동","26213","16948","9265","322","6137","7263","5939","3909","2643","156","3113","4882","4196","2609","1992","166","3024","2381","1743","1300","651"
"20204","11650600","방배1동","15710","10377","5333","74","3102","4815","3808","2859","1052","52","1473","2934","2802","2333","783","22","1629","1881","1006","526","269"
"20204","11710531","거여1동","3043","2264","779","0","761","860","738","412","272","0","530","682","568","283","201","0","231","178","170","129","71"
"20204","11710642","문정2동","37095","23318","13777","64","5313","11289","11371","6572","2486","27","2545","6372","7795","5032","1547","37","2768","4917","3576","1540","939"
"20204","11710562","방이2동","40198","23135","17063","45","6486","10320","9079","8569","5699","45","3641","6720","5574","4012","3143","0","2845","3600","3505","4557","2556"
"20204","11680730","일원1동","1836","1006","830","0","239","349","419","401","428","0","101","188","217","211","289","0","138","161","202","190","139"
"20204","11710650","잠실본동","10021","6427","3594","15","1354","1917","2347","2226","2162","0","604","1170","1472","1538","1643","15","750","747","875","688","519"
"20204","11740560","고덕2동","1104","701","403","0","63","141","239","389","272","0","12","63","137","269","220","0","51","78","102","120","52"
"20204","11740540","명일2동","2635","1818","817","0","307","753","709","561","305","0","158","537","519","363","241","0","149","216","190","198","64"
"20204","11110515","청운효자동","6252","4040","2212","17","1143","1818","1742","1109","423","0","498","1139","1300","806","297","17","645","679","442","303","126"
"20204","11140590","광희동","59306","29559","29747","548","17066","15669","12200","9369","4454","231","8297","9126","7066","3169","1670","317","8769","6543","5134","6200","2784"
"20204","11140665","동화동","1168","525","643","0","190","277","307","249","145","0","52","93","149","138","93","0","138","184","158","111","52"
"20204","11140605","을지로동","15804","8615","7189","22","3821","3841","3454","2751","1915","0","995","2116","2245","1912","1347","22","2826","1725","1209","839","568"
"20204","11170555","청파동","3013","1618","1395","0","457","767","727","646","416","0","156","354","384","399","325","0","301","413","343","247","91"
"20204","11140635","약수동","9774","3777","5997","22","1573","3655","2709","1337","478","0","481","1286","900","765","345","22","1092","2369","1809","572","133"
"20204","11140650","신당5동","742","400","342","0","67","170","193","174","138","0","30","75","98","95","102","0","37","95","95","79","36"
"20204","11140580","장충동","5479","2891","2588","17","1259","1501","1415","1047","240","3","444","840","840","603","161","14","815","661","575","444","79"
"20204","11200690","성수2가3동","22671","14529","8142","46","3734","5766","5667","4544","2914","45","2071","3854","3807","2739","2013","1","1663","1912","1860","1805","901"
"20204","11230600","답십리1동","2039","976","1063","0","299","418","569","544","209","0","204","280","206","145","141","0","95","138","363","399","68"
"20204","11230570","전농2동","1015","532","483","0","114","215","272","272","142","0","47","102","146","140","97","0","67","113","126","132","45"
"20204","11215750","중곡2동","2348","1355","993","0","314","477","603","559","395","0","201","276","319","295","264","0","113","201","284","264","131"
"20204","11260680","신내1동","2084","999","1085","0","367","453","383","553","328","0","97","191","183","273","255","0","270","262","200","280","73"
"20204","11290575","동선동","2026","1011","1015","0","266","419","463","519","359","0","90","180","227","286","228","0","176","239","236","233","131"
"20204","11290685","길음2동","438","181","257","0","39","86","123","126","64","0","17","33","57","43","31","0","22","53","66","83","33"
"20204","11290580","돈암1동","126","58","68","0","36","38","26","18","8","0","8","19","14","10","7","0","28","19","12","8","1"
"20204","11290715","월곡1동","1425","881","544","0","85","172","297","306","565","0","26","82","159","205","409","0","59","90","138","101","156"
"20204","11305534","삼양동","345","208","137","0","40","64","87","86","68","0","14","29","45","57","63","0","26","35","42","29","5"
"20204","11305660","인수동","2941","1736","1205","0","261","585","771","868","456","0","88","316","472","515","345","0","173","269","299","353","111"
"20204","11305635","수유3동","3062","1566","1496","0","294","751","811","823","383","0","106","318","378","509","255","0","188","433","433","314","128"
"20204","11305625","수유2동","1284","684","600","0","29","73","250","397","535","0","1","40","158","273","212","0","28","33","92","124","323"
"20204","11320690","방학1동","2999","1737","1262","0","302","662","744","899","392","0","163","386","385","509","294","0","139","276","359","390","98"
"20204","11320513","창3동","589","319","270","0","32","126","210","169","52","0","0","75","125","79","40","0","32","51","85","90","12"
"20204","11320511","창1동","900","411","489","0","125","182","241","247","105","0","47","72","109","116","67","0","78","110","132","131","38"
"20204","11350665","상계3?4동","617","437","180","0","26","44","160","244","143","0","7","22","100","184","124","0","19","22","60","60","19"
"20204","11350619","중계본동","904","436","468","0","103","183","226","263","129","0","49","93","98","118","78","0","54","90","128","145","51"
"20204","11380530","불광2동","1998","956","1042","0","92","265","327","430","884","0","27","137","128","173","491","0","65","128","199","257","393"
"20204","11350720","상계10동","401","169","232","0","61","86","107","115","32","0","12","36","42","55","24","0","49","50","65","60","8"
"20204","11410685","홍은2동","1579","1025","554","1","252","431","385","343","167","1","142","284","250","226","122","0","110","147","135","117","45"
"20204","11410555","북아현동","1257","939","318","0","117","290","349","362","139","0","47","224","279","282","107","0","70","66","70","80","32"
"20204","11350580","월계3동","339","168","171","0","39","59","89","97","55","0","15","30","41","50","32","0","24","29","48","47","23"
"20204","11380510","녹번동","2625","1399","1226","0","291","615","717","707","295","0","140","298","345","419","197","0","151","317","372","288","98"
"20204","11470570","신월2동","1607","929","678","0","130","260","438","443","336","0","73","155","226","233","242","0","57","105","212","210","94"
"20204","11470550","목5동","15086","9185","5901","51","2445","3902","3657","3159","1872","24","1127","2354","2311","2070","1299","27","1318","1548","1346","1089","573"
"20204","11530560","구로5동","12514","7903","4611","22","1759","2932","3252","2781","1768","18","990","2023","2152","1645","1075","4","769","909","1100","1136","693"
"20204","11500550","화곡2동","1371","840","531","0","163","386","361","332","129","0","100","255","221","175","89","0","63","131","140","157","40"
"20204","11500570","화곡4동","2169","963","1206","0","515","595","445","406","208","0","113","257","216","218","159","0","402","338","229","188","49"
"20204","11500591","화곡6동","7642","4870","2772","2","1078","2041","1963","1737","821","0","535","1304","1255","1151","625","2","543","737","708","586","196"
"20204","11545700","시흥4동","1242","743","499","0","199","261","356","305","121","0","120","181","211","141","90","0","79","80","145","164","31"
"20204","11545610","독산1동","11527","7394","4133","15","891","1565","1934","2532","4590","15","524","1045","1234","1557","3019","0","367","520","700","975","1571"
"20204","11545640","독산4동","1481","847","634","0","178","251","316","351","385","0","106","150","192","170","229","0","72","101","124","181","156"
"20243","11290555","삼선동","3678","1837","1841","0","378","891","1124","924","361","0","117","378","540","584","218","0","261","513","584","340","143"
"20204","11560710","대림2동","3511","1789","1722","3","653","831","781","546","697","0","257","442","339","306","445","3","396","389","442","240","252"
"20204","11560560","당산2동","11854","7951","3903","11","1855","2667","2877","2619","1825","5","949","1663","2009","1922","1403","6","906","1004","868","697","422"
"20204","11590550","상도3동","966","557","409","0","70","195","258","234","209","0","40","135","154","117","111","0","30","60","104","117","98"
"20204","11590670","신대방1동","3834","2434","1400","2","733","1234","897","610","358","2","373","795","622","399","243","0","360","439","275","211","115"
"20204","11620695","신림동","1677","1025","652","0","125","226","410","392","524","0","41","122","229","229","404","0","84","104","181","163","120"
"20204","11620655","신원동","569","341","228","0","48","123","150","146","102","0","29","69","93","89","61","0","19","54","57","57","41"
"20204","11590605","흑석동","126","77","49","0","13","28","40","28","17","0","7","16","25","16","13","0","6","12","15","12","4"
"20204","11620605","은천동","1140","539","601","0","154","215","238","314","219","0","49","101","122","141","126","0","105","114","116","173","93"
"20204","11650510","서초1동","42533","23804","18729","48","8918","11028","9382","10387","2770","14","3197","5939","5441","7200","2013","34","5721","5089","3941","3187","757"
"20204","11680655","도곡1동","29536","20932","8604","56","5045","6881","8239","7475","1840","46","2560","4509","6197","6125","1495","10","2485","2372","2042","1350","345"
"20204","11710632","가락2동","6689","4497","2192","0","892","1424","1323","1254","1796","0","527","970","876","747","1377","0","365","454","447","507","419"
"20204","11680650","역삼2동","48471","28737","19734","168","11158","13471","11522","8579","3573","62","5379","8630","7665","4486","2515","106","5779","4841","3857","4093","1058"
"20204","11710532","거여2동","1463","756","707","1","187","242","358","438","237","0","104","143","182","197","130","1","83","99","176","241","107"
"20204","11740580","암사2동","2162","789","1373","0","212","361","511","649","429","0","73","170","205","187","154","0","139","191","306","462","275"
"20204","11710510","풍납1동","1007","576","431","0","120","228","269","271","119","0","64","124","146","146","96","0","56","104","123","125","23"
"20204","11740520","상일동","1070","542","528","0","159","240","263","281","127","0","56","120","156","130","80","0","103","120","107","151","47"
"20204","11710680","잠실3동","30372","20597","9775","147","5553","7610","7557","5753","3752","66","2894","5263","5596","4126","2652","81","2659","2347","1961","1627","1100"
"20204","11110690","창신3동","111","53","58","0","12","31","29","31","8","0","5","13","13","16","6","0","7","18","16","15","2"
"20204","11140670","황학동","806","554","252","0","120","232","210","156","88","0","78","147","132","114","83","0","42","85","78","42","5"
"20204","11170530","남영동","16510","6950","9560","135","6276","4071","3150","2110","768","9","1177","2187","1871","1130","576","126","5099","1884","1279","980","192"
"20204","11170520","용산2가동","721","527","194","0","46","114","270","259","32","0","12","63","216","209","27","0","34","51","54","50","5"
"20204","11170560","원효로1동","2817","1929","888","0","436","773","735","520","353","0","258","556","512","356","247","0","178","217","223","164","106"
"20204","11170650","이태원1동","18613","8162","10451","0","5458","7157","3630","1800","568","0","1409","2999","2012","1297","445","0","4049","4158","1618","503","123"
"20204","11200660","성수1가2동","5397","3719","1678","4","865","1105","1139","1173","1111","4","515","738","739","834","889","0","350","367","400","339","222"
"20204","11215830","자양2동","2299","1440","859","0","321","520","605","593","260","0","220","334","359","328","199","0","101","186","246","265","61"
"20204","11215850","구의1동","3417","2048","1369","0","481","863","948","786","339","0","253","502","525","509","259","0","228","361","423","277","80"
"20204","11215810","광장동","6986","4240","2746","65","2163","1835","1356","1078","489","20","1037","1186","916","720","361","45","1126","649","440","358","128"
"20204","11200540","마장동","6815","4853","1962","2","554","1202","1574","2257","1226","2","333","825","1153","1619","921","0","221","377","421","638","305"
"20204","11200620","금호4가동","709","425","284","0","77","163","200","173","96","0","28","84","131","108","74","0","49","79","69","65","22"
"20204","11230705","청량리동","2798","1498","1300","0","493","821","538","521","425","0","180","471","302","298","247","0","313","350","236","223","178"
"20204","11215760","중곡3동","919","600","319","0","93","224","265","215","122","0","52","165","157","140","86","0","41","59","108","75","36"
"20204","11260580","상봉1동","1862","1312","550","3","216","322","386","503","432","3","142","201","221","353","392","0","74","121","165","150","40"
"20204","11290590","돈암2동","433","261","172","1","67","104","138","77","46","0","31","61","92","57","20","1","36","43","46","20","26"
"20204","11290810","석관동","2596","1752","844","0","200","379","484","535","998","0","98","238","281","343","792","0","102","141","203","192","206"
"20204","11290725","월곡2동","2935","1865","1070","0","476","831","710","517","401","0","238","549","434","307","337","0","238","282","276","210","64"
"20204","11290705","종암동","16164","8517","7647","11","1354","4097","5735","4627","340","0","580","1499","2618","3616","204","11","774","2598","3117","1011","136"
"20204","11305535","미아동","984","559","425","0","93","179","283","282","147","0","35","88","160","171","105","0","58","91","123","111","42"
"20204","11290620","정릉1동","526","290","236","0","67","94","114","141","110","0","17","36","57","88","92","0","50","58","57","53","18"
"20204","11350560","월계1동","1349","740","609","0","213","328","351","263","194","0","97","202","176","135","130","0","116","126","175","128","64"
"20204","11350700","상계8동","576","301","275","0","81","168","142","129","56","0","28","106","59","70","38","0","53","62","83","59","18"
"20204","11350640","상계2동","2063","999","1064","0","260","348","530","539","386","0","84","198","249","255","213","0","176","150","281","284","173"
"20204","11380552","갈현2동","2987","1537","1450","0","287","595","800","805","500","0","132","332","378","357","338","0","155","263","422","448","162"
"20204","11320521","도봉1동","1620","1097","523","0","39","169","380","601","431","0","0","88","226","436","347","0","39","81","154","165","84"
"20204","11380600","응암3동","1475","716","759","0","144","348","429","356","198","0","50","173","197","159","137","0","94","175","232","197","61"
"20204","11410690","남가좌1동","1636","987","649","3","118","209","284","407","615","3","80","141","180","216","367","0","38","68","104","191","248"
"20204","11410520","천연동","1117","605","512","0","94","184","291","390","158","0","30","84","163","229","99","0","64","100","128","161","59"
"20204","11380560","구산동","1383","739","644","0","168","261","306","440","208","0","62","115","147","273","142","0","106","146","159","167","66"
"20204","11440660","서교동","26231","13407","12824","16","5497","7422","6106","4305","2885","15","2248","3711","3358","2277","1798","1","3249","3711","2748","2028","1087"
"20204","11440630","신수동","2357","1339","1018","0","288","654","658","574","183","0","109","305","376","404","145","0","179","349","282","170","38"
"20204","11440555","아현동","5681","3122","2559","6","1082","1825","1609","965","194","2","473","1019","903","585","140","4","609","806","706","380","54"
"20204","11470600","신월5동","1521","848","673","0","180","386","391","386","178","0","83","193","202","228","142","0","97","193","189","158","36"
"20204","11470650","신정4동","5168","2846","2322","0","870","924","993","1087","1294","0","259","450","504","588","1045","0","611","474","489","499","249"
"20204","11500603","가양1동","1652","1035","617","0","178","346","377","399","352","0","76","213","226","260","260","0","102","133","151","139","92"
"20204","11470630","신정2동","12667","7273","5394","29","2282","4114","3393","2231","618","11","926","2262","2102","1482","490","18","1356","1852","1291","749","128"
"20204","11545690","시흥3동","1826","1086","740","0","134","268","424","476","524","0","71","175","246","260","334","0","63","93","178","216","190"
"20204","11560630","신길1동","2505","1098","1407","0","445","603","559","495","403","0","134","290","264","207","203","0","311","313","295","288","200"
"20204","11545630","독산3동","3541","2549","992","0","280","541","629","692","1399","0","150","328","338","415","1318","0","130","213","291","277","81"
"20204","11590630","사당2동","2002","1114","888","0","309","604","551","372","166","0","149","373","330","170","92","0","160","231","221","202","74"
"20204","11590520","노량진2동","3919","2042","1877","4","620","1149","954","801","391","0","324","504","439","515","260","4","296","645","515","286","131"
"20204","11590510","노량진1동","4359","2443","1916","1","560","1044","1103","1043","608","1","234","597","670","563","378","0","326","447","433","480","230"
"20204","11590651","사당5동","1463","796","667","0","181","361","440","352","129","0","81","168","228","202","117","0","100","193","212","150","12"
"20204","11650520","서초2동","60995","40519","20476","124","12784","20130","15269","9342","3346","35","6980","13597","10504","7005","2398","89","5804","6533","4765","2337","948"
"20204","11620545","청림동","308","175","133","0","47","104","101","44","12","0","21","59","60","27","8","0","26","45","41","17","4"
"20201","11560700","대림1동","1494","570","924","0","489","344","306","249","106","0","99","121","150","126","74","0","390","223","156","123","32"
"20201","11560710","대림2동","3767","1911","1856","9","701","901","838","576","742","2","270","476","362","321","480","7","431","425","476","255","262"
"20201","11560690","신길7동","2410","1649","761","1","282","461","548","691","427","1","176","313","369","442","348","0","106","148","179","249","79"
"20201","11590550","상도3동","887","505","382","0","73","179","236","209","190","0","41","119","140","104","101","0","32","60","96","105","89"
"20201","11620775","난곡동","991","549","442","0","98","204","244","293","152","0","39","106","122","166","116","0","59","98","122","127","36"
"20201","11620735","대학동","939","712","227","0","126","232","275","232","74","0","74","163","220","189","66","0","52","69","55","43","8"
"20201","11620715","난향동","544","264","280","0","64","118","151","118","93","0","17","53","61","60","73","0","47","65","90","58","20"
"20201","11680610","대치2동","85188","47669","37519","484","15475","23451","19634","16079","10065","213","7126","14365","12628","8299","5038","271","8349","9086","7006","7780","5027"
"20201","11680655","도곡1동","31446","22284","9162","69","5375","7320","8764","7956","1962","54","2727","4798","6593","6518","1594","15","2648","2522","2171","1438","368"
"20201","11650581","반포4동","58955","52025","6930","40","5899","12511","15897","21917","2691","17","4473","10414","14108","20829","2184","23","1426","2097","1789","1088","507"
"20201","11650600","방배1동","18441","12190","6251","85","3639","5661","4470","3357","1229","59","1727","3453","3295","2744","912","26","1912","2208","1175","613","317"
"20201","11650580","반포3동","3165","1765","1400","7","501","804","700","633","520","3","212","474","463","367","246","4","289","330","237","266","274"
"20201","11650550","반포본동","11263","6137","5126","17","1863","3718","3220","1927","518","10","682","2030","1805","1206","404","7","1181","1688","1415","721","114"
"20201","11710561","방이1동","8614","6296","2318","17","901","1671","2260","2297","1468","12","428","1062","1685","1844","1265","5","473","609","575","453","203"
"20201","11710610","삼전동","4176","2822","1354","0","495","953","941","838","949","0","284","625","619","514","780","0","211","328","322","324","169"
"20201","11710540","마천1동","622","307","315","0","67","134","182","169","70","0","25","64","88","80","50","0","42","70","94","89","20"
"20201","11740610","천호2동","3320","1717","1603","5","411","704","817","775","608","4","166","331","406","386","424","1","245","373","411","389","184"
"20201","11740570","암사1동","2792","1708","1084","0","358","594","588","565","687","0","173","390","372","383","390","0","185","204","216","182","297"
"20201","11740530","명일1동","3780","2107","1673","0","558","1014","952","685","571","0","260","609","622","350","266","0","298","405","330","335","305"
"20201","11110680","창신2동","243","72","171","0","10","22","67","91","53","0","0","4","21","29","18","0","10","18","46","62","35"
"20201","11110570","무악동","451","124","327","3","127","127","110","58","26","3","27","25","35","19","15","0","100","102","75","39","11"
"20201","11110540","삼청동","3911","3185","726","0","483","1033","1218","924","253","0","309","792","1036","828","220","0","174","241","182","96","33"
"20201","11170660","이태원2동","1112","629","483","0","185","367","287","176","97","0","86","205","156","97","85","0","99","162","131","79","12"
"20201","11200670","성수2가1동","7914","5023","2891","67","1801","2274","1809","1289","674","36","814","1473","1234","913","553","31","987","801","575","376","121"
"20201","11200645","옥수동","1764","681","1083","0","449","525","399","268","123","0","112","194","185","126","64","0","337","331","214","142","59"
"20201","11200520","왕십리2동","1070","635","435","0","151","269","305","230","115","0","75","142","188","143","87","0","76","127","117","87","28"
"20201","11230610","답십리2동","2483","1819","664","10","403","567","574","503","426","10","301","435","418","347","308","0","102","132","156","156","118"
"20201","11230650","장안1동","9958","6284","3674","13","1352","1959","2159","2188","2287","13","813","1259","1348","1322","1529","0","539","700","811","866","758"
"20201","11230660","장안2동","5242","2815","2427","20","1611","1015","1055","978","563","16","838","580","488","476","417","4","773","435","567","502","146"
"20201","11260570","면목7동","946","517","429","0","112","176","232","261","165","0","35","79","121","150","132","0","77","97","111","111","33"
"20201","11320690","방학1동","3094","1795","1299","1","311","681","761","927","413","1","167","396","394","527","310","0","144","285","367","400","103"
"20201","11290660","길음1동","3041","1484","1557","203","1064","745","509","329","191","86","458","391","251","152","146","117","606","354","258","177","45"
"20201","11290610","보문동","3276","2486","790","0","312","971","690","690","613","0","171","778","553","553","431","0","141","193","137","137","182"
"20201","11290715","월곡1동","1385","849","536","0","94","174","284","300","533","0","32","82","150","198","387","0","62","92","134","102","146"
"20201","11290600","안암동","1991","1311","680","0","268","526","564","435","198","0","135","333","367","312","164","0","133","193","197","123","34"
"20201","11320512","창2동","1231","698","533","0","142","279","337","291","182","0","65","166","185","148","134","0","77","113","152","143","48"
"20201","11320511","창1동","837","384","453","0","116","170","221","227","103","0","46","66","100","108","64","0","70","104","121","119","39"
"20201","11350570","월계2동","163","78","85","0","19","35","45","46","18","0","7","13","21","24","13","0","12","22","24","22","5"
"20201","11320522","도봉2동","748","480","268","0","37","92","130","190","299","0","14","46","73","126","221","0","23","46","57","64","78"
"20201","11320710","방학3동","1081","647","434","3","183","246","252","249","148","3","116","140","159","120","109","0","67","106","93","129","39"
"20201","11380580","응암1동","2343","1308","1035","0","243","393","556","546","605","0","111","185","293","279","440","0","132","208","263","267","165"
"20201","11410620","홍제1동","1698","876","822","0","182","254","432","588","242","0","55","117","226","329","149","0","127","137","206","259","93"
"20201","11440690","망원1동","2980","1659","1321","3","818","824","621","438","276","0","474","442","300","264","179","3","344","382","321","174","97"
"20201","11410520","천연동","1096","594","502","0","97","180","283","380","156","0","34","81","159","223","97","0","63","99","124","157","59"
"20201","11380510","녹번동","2744","1454","1290","0","314","646","738","728","318","0","149","313","355","427","210","0","165","333","383","301","108"
"20201","11470580","신월3동","1121","648","473","0","109","205","257","340","210","0","38","85","137","214","174","0","71","120","120","126","36"
"20201","11440730","성산2동","1375","617","758","1","128","255","367","424","200","1","44","126","164","166","116","0","84","129","203","258","84"
"20201","11470520","목2동","2860","1599","1261","0","391","696","763","654","356","0","183","382","424","379","231","0","208","314","339","275","125"
"20201","11470680","신정7동","405","241","164","0","46","98","124","92","45","0","21","55","75","57","33","0","25","43","49","35","12"
"20201","11500540","화곡1동","4483","2513","1970","1","469","916","1118","1252","727","1","217","528","608","708","451","0","252","388","510","544","276"
"20201","11500570","화곡4동","2206","977","1229","0","519","601","447","414","225","0","116","260","217","220","164","0","403","341","230","194","61"
"20201","11500640","방화2동","2319","1512","807","3","241","448","526","608","493","3","133","270","340","390","376","0","108","178","186","218","117"
"20201","11530540","구로3동","51508","33744","17764","190","10703","17329","13040","6414","3832","126","5411","11489","9183","4470","3065","64","5292","5840","3857","1944","767"
"20201","11500590","화곡본동","2282","1292","990","0","246","455","556","547","478","0","89","252","317","287","347","0","157","203","239","260","131"
"20201","11470611","신월7동","2779","1824","955","0","297","458","567","666","791","0","220","351","372","404","477","0","77","107","195","262","314"
"20201","11470630","신정2동","11584","6645","4939","43","2079","3748","3094","2042","578","18","844","2064","1918","1350","451","25","1235","1684","1176","692","127"
"20201","11530530","구로2동","11964","7355","4609","30","1450","2769","2976","2995","1744","15","678","1636","1783","1965","1278","15","772","1133","1193","1030","466"
"20201","11560605","문래동","57767","41893","15874","91","8919","18849","17779","9120","3009","34","4971","14334","14518","6158","1878","57","3948","4515","3261","2962","1131"
"20201","11545630","독산3동","3618","2582","1036","1","301","555","639","698","1424","0","159","329","345","419","1330","1","142","226","294","279","94"
"20201","11560660","신길4동","593","295","298","0","99","141","152","140","61","0","36","64","73","77","45","0","63","77","79","63","16"
"20201","11560535","영등포동","13344","7468","5876","17","2458","3330","3157","2626","1756","3","916","1862","1969","1550","1168","14","1542","1468","1188","1076","588"
"20201","11590560","상도4동","1118","665","453","0","152","252","274","280","160","0","74","148","164","197","82","0","78","104","110","83","78"
"20201","11590510","노량진1동","4261","2390","1871","7","559","1015","1069","1016","595","6","238","581","650","551","364","1","321","434","419","465","231"
"20201","11620745","삼성동","879","491","388","0","93","182","237","235","132","0","40","90","126","128","107","0","53","92","111","107","25"
"20201","11620525","보라매동","1634","839","795","4","217","366","385","406","256","1","90","186","198","192","172","3","127","180","187","214","84"
"20201","11650621","방배4동","15638","9663","5975","28","2699","4318","3888","2993","1712","11","1142","2544","2639","2093","1234","17","1557","1774","1249","900","478"
"20201","11620605","은천동","1054","505","549","1","144","196","219","292","202","0","50","92","113","133","117","1","94","104","106","159","85"
"20201","11650531","서초4동","34217","19563","14654","122","6684","10471","8595","6060","2285","57","2541","5983","5574","3799","1609","65","4143","4488","3021","2261","676"
"20201","11680510","신사동","26882","16013","10869","72","5590","8117","6819","4099","2185","27","2169","4956","4566","2679","1616","45","3421","3161","2253","1420","569"
"20201","11710650","잠실본동","9082","5802","3280","26","1236","1738","2126","2013","1943","0","551","1059","1331","1386","1475","26","685","679","795","627","468"
"20201","11740560","고덕2동","1088","690","398","0","64","144","232","381","267","0","13","64","134","263","216","0","51","80","98","118","51"
"20201","11740520","상일동","1247","629","618","0","177","282","310","332","146","0","59","141","186","151","92","0","118","141","124","181","54"
"20201","11110515","청운효자동","6476","4168","2308","27","1182","1871","1798","1145","453","0","516","1171","1341","827","313","27","666","700","457","318","140"
"20201","11140590","광희동","55742","27778","27964","552","16017","14709","11448","8810","4206","233","7786","8562","6632","2988","1577","319","8231","6147","4816","5822","2629"
"20201","11170700","보광동","565","286","279","0","67","121","148","143","86","0","8","59","77","82","60","0","59","62","71","61","26"
"20201","11140615","신당동","5611","3022","2589","48","1593","1194","1056","1028","692","15","710","623","543","659","472","33","883","571","513","369","220"
"20201","11170570","원효로2동","2765","1990","775","6","435","834","773","441","276","3","249","597","593","329","219","3","186","237","180","112","57"
"20201","11170690","서빙고동","7218","4732","2486","14","1282","2153","2221","1142","406","5","614","1259","1623","912","319","9","668","894","598","230","87"
"20201","11170625","한강로동","42930","21198","21732","139","8770","13384","12241","6306","2090","66","3572","6265","6088","3835","1372","73","5198","7119","6153","2471","718"
"20201","11140635","약수동","10940","4230","6710","28","1760","4090","3031","1500","531","3","535","1440","1005","861","386","25","1225","2650","2026","639","145"
"20201","11140645","청구동","1894","1043","851","0","277","508","445","405","259","0","93","264","285","252","149","0","184","244","160","153","110"
"20201","11200660","성수1가2동","5342","3658","1684","12","855","1093","1126","1156","1100","8","506","725","727","817","875","4","349","368","399","339","225"
"20201","11215847","자양4동","849","554","295","0","58","126","206","223","236","0","25","70","122","143","194","0","33","56","84","80","42"
"20201","11215810","광장동","5066","3074","1992","49","1574","1332","984","777","350","14","754","860","666","522","258","35","820","472","318","255","92"
"20201","11215840","자양3동","2008","1444","564","3","240","518","560","505","182","1","148","365","415","372","143","2","92","153","145","133","39"
"20201","11200620","금호4가동","691","412","279","0","75","158","190","169","99","0","28","81","124","105","74","0","47","77","66","64","25"
"20201","11230545","제기동","4848","2895","1953","0","639","1192","1184","1027","806","0","267","705","753","606","564","0","372","487","431","421","242"
"20201","11230705","청량리동","2822","1510","1312","0","501","812","543","529","437","0","188","466","307","300","249","0","313","346","236","229","188"
"20201","11215760","중곡3동","860","548","312","0","99","210","237","196","118","0","54","150","139","124","81","0","45","60","98","72","37"
"20201","11260565","면목본동","1335","729","606","0","165","306","358","327","179","0","55","154","190","190","140","0","110","152","168","137","39"
"20201","11260600","중화1동","1187","626","561","0","135","257","306","284","205","0","49","104","149","157","167","0","86","153","157","127","38"
"20201","11260610","중화2동","864","500","364","0","95","122","228","197","222","0","47","56","114","114","169","0","48","66","114","83","53"
"20201","11290590","돈암2동","431","262","169","1","66","103","137","78","46","0","31","62","91","57","21","1","35","41","46","21","25"
"20201","11290525","성북동","15551","11848","3703","13","2033","3821","4511","4499","674","2","1126","2665","3578","4006","471","11","907","1156","933","493","203"
"20201","11290725","월곡2동","2501","1589","912","1","398","705","608","443","346","0","199","464","371","266","289","1","199","241","237","177","57"
"20201","11305535","미아동","1214","684","530","0","122","217","350","340","185","0","50","106","193","207","128","0","72","111","157","133","57"
"20201","11305603","번2동","337","160","177","0","43","44","94","106","50","0","18","23","41","50","28","0","25","21","53","56","22"
"20201","11305608","번3동","207","112","95","1","22","35","50","57","42","1","8","16","28","31","28","0","14","19","22","26","14"
"20201","11290780","장위3동","189","115","74","0","29","37","40","48","35","0","10","19","22","30","34","0","19","18","18","18","1"
"20201","11380632","신사2동","1019","718","301","0","113","199","262","256","189","0","89","136","154","171","168","0","24","63","108","85","21"
"20201","11350560","월계1동","1344","738","606","0","215","320","347","266","196","0","101","193","175","138","131","0","114","127","172","128","65"
"20201","11350700","상계8동","448","233","215","1","63","131","110","100","43","0","22","82","46","54","29","1","41","49","64","46","14"
"20201","11320521","도봉1동","1718","1138","580","0","63","192","393","617","453","0","7","98","230","445","358","0","56","94","163","172","95"
"20201","11410720","북가좌2동","1307","661","646","0","194","261","292","325","235","0","52","132","161","175","141","0","142","129","131","150","94"
"20201","11410615","연희동","8633","5661","2972","25","1367","2133","1866","2380","862","13","758","1421","1162","1706","601","12","609","712","704","674","261"
"20201","11440585","도화동","12438","7561","4877","18","2285","3031","3127","2774","1203","9","1194","2082","2060","1448","768","9","1091","949","1067","1326","435"
"20201","11350621","중계1동","982","540","442","2","129","215","294","244","98","2","54","117","156","134","77","0","75","98","138","110","21"
"20201","11380560","구산동","1608","857","751","2","195","302","359","506","244","0","73","133","172","315","164","2","122","169","187","191","80"
"20201","11440680","합정동","5349","3000","2349","4","886","1541","1390","985","543","3","350","756","877","638","376","1","536","785","513","347","167"
"20201","11410655","홍제2동","361","183","178","0","52","80","92","79","58","0","17","51","47","39","29","0","35","29","45","40","29"
"20201","11500510","염창동","2992","1389","1603","3","464","880","893","503","249","2","168","385","360","277","197","1","296","495","533","226","52"
"20201","11545640","독산4동","1482","844","638","0","181","250","318","353","380","0","105","150","190","173","226","0","76","100","128","180","154"
"20201","11620630","남현동","3384","2228","1156","0","563","844","918","657","402","0","309","566","644","430","279","0","254","278","274","227","123"
"20201","11620615","중앙동","1225","572","653","0","149","221","283","331","241","0","60","108","133","157","114","0","89","113","150","174","127"
"20201","11650520","서초2동","58613","38928","19685","130","12272","19335","14678","8974","3224","41","6696","13060","10098","6723","2310","89","5576","6275","4580","2251","914"
"20201","11680580","삼성1동","159167","107420","51747","379","32071","47730","42640","28254","8093","187","17237","31553","31455","22149","4839","192","14834","16177","11185","6105","3254"
"20201","11710531","거여1동","2854","2106","748","1","713","794","685","397","264","1","490","628","524","270","193","0","223","166","161","127","71"
"20201","11710562","방이2동","40875","23517","17358","68","6601","10478","9230","8701","5797","56","3711","6819","5659","4073","3199","12","2890","3659","3571","4628","2598"
"20201","11710641","문정1동","31693","24481","7212","1","2878","5915","9134","11966","1799","1","1693","4266","7104","10245","1172","0","1185","1649","2030","1721","627"
"20201","11710580","송파1동","9040","5658","3382","4","1289","2025","2248","1962","1512","1","554","1201","1467","1316","1119","3","735","824","781","646","393"
"20201","11710550","마천2동","1635","1032","603","0","158","383","451","418","225","0","95","239","255","249","194","0","63","144","196","169","31"
"20201","11680660","개포1동","2438","1498","940","10","381","646","635","505","261","4","172","357","438","341","186","6","209","289","197","164","75"
"20201","11740600","천호1동","1929","1116","813","1","183","363","480","454","448","0","73","188","245","267","343","1","110","175","235","187","105"
"20201","11710510","풍납1동","716","404","312","0","91","162","185","189","89","0","49","87","98","100","70","0","42","75","87","89","19"
"20201","11740550","고덕1동","1016","528","488","0","113","224","263","244","172","0","50","125","129","113","111","0","63","99","134","131","61"
"20201","11740650","성내2동","2007","1243","764","0","335","417","450","412","393","0","222","259","262","256","244","0","113","158","188","156","149"
"20201","11740660","성내3동","4156","2495","1661","4","590","933","1042","862","725","4","308","593","628","485","477","0","282","340","414","377","248"
"20201","11710710","잠실6동","51676","27541","24135","104","8225","13713","14738","13173","1723","34","3808","8429","8508","5465","1297","70","4417","5284","6230","7708","426"
"20201","11110650","혜화동","4395","2144","2251","4","722","1187","1064","874","544","4","247","576","564","452","301","0","475","611","500","422","243"
"20201","11140670","황학동","774","519","255","0","117","216","197","152","92","0","73","135","124","106","81","0","44","81","73","46","11"
"20201","11140580","장충동","7351","3888","3463","25","1689","2019","1903","1399","316","6","593","1134","1134","806","215","19","1096","885","769","593","101"
"20201","11215850","구의1동","3413","2039","1374","2","486","855","944","777","349","2","254","496","524","503","260","0","232","359","420","274","89"
"20201","11215860","구의2동","2134","1326","808","22","304","368","538","574","328","8","155","205","351","376","231","14","149","163","187","198","97"
"20201","11215870","구의3동","9125","5563","3562","12","1072","1923","2205","2286","1627","3","615","1341","1499","1177","928","9","457","582","706","1109","699"
"20201","11215740","중곡1동","4120","2003","2117","48","1068","786","826","971","421","15","456","424","410","391","307","33","612","362","416","580","114"
"20201","11230750","이문2동","200","104","96","0","23","44","46","51","36","0","8","20","22","27","27","0","15","24","24","24","9"
"20201","11260550","면목5동","991","683","308","0","93","165","265","251","217","0","64","129","130","164","196","0","29","36","135","87","21"
"20201","11230730","휘경2동","1380","712","668","0","182","304","360","330","204","0","53","144","188","176","151","0","129","160","172","154","53"
"20201","11230710","회기동","179","87","92","0","19","41","46","43","30","0","5","16","22","20","24","0","14","25","24","23","6"
"20201","11260580","상봉1동","1704","1188","516","6","202","299","356","454","387","5","131","185","203","316","348","1","71","114","153","138","39"
"20201","11290810","석관동","2897","1908","989","2","248","439","544","584","1080","1","122","266","311","365","843","1","126","173","233","219","237"
"20201","11305595","번1동","2250","1326","924","0","274","457","451","584","484","0","118","280","273","375","280","0","156","177","178","209","204"
"20201","11290760","장위1동","505","264","241","0","91","105","118","107","84","0","42","59","59","52","52","0","49","46","59","55","32"
"20201","11350595","공릉1동","4836","2615","2221","0","501","746","1059","1343","1187","0","228","410","525","695","757","0","273","336","534","648","430"
"20201","11350600","공릉2동","820","375","445","0","136","206","202","192","84","0","42","93","92","94","54","0","94","113","110","98","30"
"20201","11380690","진관동","767","405","362","0","77","187","208","185","110","0","36","117","117","79","56","0","41","70","91","106","54"
"20201","11410660","홍은1동","2623","518","2105","0","93","191","713","1265","361","0","34","64","131","151","138","0","59","127","582","1114","223"
"20201","11410555","북아현동","1204","879","325","0","120","275","330","341","138","0","49","207","260","264","99","0","71","68","70","77","39"
"20201","11410565","충현동","11021","6826","4195","13","1390","2786","2904","2607","1321","8","654","1688","1842","1706","928","5","736","1098","1062","901","393"
"20201","11440660","서교동","26294","13454","12840","65","5497","7416","6104","4311","2901","51","2248","3708","3366","2280","1801","14","3249","3708","2738","2031","1100"
"20201","11470570","신월2동","1814","1052","762","2","150","292","492","496","382","2","85","173","255","264","273","0","65","119","237","232","109"
"20201","11500620","공항동","5401","2825","2576","0","906","1777","1480","1052","186","0","212","739","864","868","142","0","694","1038","616","184","44"
"20201","11530720","고척1동","2691","1903","788","0","239","547","706","821","378","0","126","363","492","616","306","0","113","184","214","205","72"
"20201","11530740","개봉1동","2776","1616","1160","1","245","594","668","732","536","1","127","331","343","416","398","0","118","263","325","316","138"
"20201","11500593","화곡8동","1848","1009","839","1","267","483","518","338","241","1","121","263","259","204","161","0","146","220","259","134","80"
"20201","11530790","수궁동","1792","1217","575","4","184","344","409","505","346","4","113","220","259","345","276","0","71","124","150","160","70"
"20201","11530770","오류1동","3354","2133","1221","2","433","625","820","976","498","1","309","422","496","563","342","1","124","203","324","413","156"
"20201","11545610","독산1동","11846","7593","4253","25","939","1621","1988","2588","4685","24","554","1076","1267","1593","3079","1","385","545","721","995","1606"
"20201","11560630","신길1동","2688","1182","1506","1","478","645","597","531","436","0","148","311","281","223","219","1","330","334","316","308","217"
"20201","11590620","사당1동","3764","1979","1785","0","633","931","1011","691","498","0","204","451","507","414","403","0","429","480","504","277","95"
"20201","11560650","신길3동","622","419","203","0","34","99","147","158","184","0","13","61","95","105","145","0","21","38","52","53","39"
"20201","11560620","양평2동","12582","7198","5384","19","2292","3431","3463","2170","1207","6","1002","2073","1961","1272","884","13","1290","1358","1502","898","323"
"20201","11620585","낙성대동","5211","2886","2325","2","846","1794","1120","796","653","1","382","943","589","465","506","1","464","851","531","331","147"
"20201","11620695","신림동","1706","1028","678","0","137","239","414","393","523","0","47","125","228","228","400","0","90","114","186","165","123"
"20201","11620595","청룡동","3302","1810","1492","0","539","936","792","748","287","0","212","473","440","487","198","0","327","463","352","261","89"
"20201","11620575","행운동","1996","1113","883","0","292","490","476","456","282","0","144","275","254","235","205","0","148","215","222","221","77"
"20201","11620625","인헌동","1416","819","597","0","291","410","357","223","135","0","135","254","211","116","103","0","156","156","146","107","32"
"20201","11590650","사당4동","1255","649","606","1","133","205","276","243","397","1","51","103","123","111","260","0","82","102","153","132","137"
"20201","11680590","삼성2동","58014","33339","24675","123","11688","18819","14737","8204","4443","48","4846","11071","9834","4616","2924","75","6842","7748","4903","3588","1519"
"20201","11650510","서초1동","41803","23403","18400","73","8762","10834","9210","10203","2721","24","3143","5837","5345","7072","1982","49","5619","4997","3865","3131","739"
"20201","11650651","양재1동","25511","16466","9045","336","5958","7047","5779","3804","2587","162","3026","4732","4077","2533","1936","174","2932","2315","1702","1271","651"
"20201","11680670","개포2동","5146","3374","1772","17","901","1463","1230","953","582","6","482","980","850","608","448","11","419","483","380","345","134"
"20201","11710632","가락2동","6848","4622","2226","3","913","1455","1358","1280","1839","3","541","996","900","768","1414","0","372","459","458","512","425"
"20201","11680650","역삼2동","48392","28688","19704","185","11140","13440","11498","8557","3572","73","5370","8610","7651","4473","2511","112","5770","4830","3847","4084","1061"
"20201","11710646","장지동","5460","3730","1730","3","586","872","1293","1443","1263","1","327","584","865","1015","938","2","259","288","428","428","325"
"20201","11740515","강일동","125","81","44","0","20","26","34","30","15","0","10","18","21","19","13","0","10","8","13","11","2"
"20201","11740540","명일2동","2521","1726","795","2","292","719","677","536","295","2","150","508","491","344","231","0","142","211","186","192","64"
"20201","11710690","잠실4동","3061","2460","601","14","407","962","889","650","139","6","293","791","733","531","106","8","114","171","156","119","33"
"20201","11710670","잠실2동","3796","2532","1264","4","728","1103","995","758","208","4","457","774","676","500","121","0","271","329","319","258","87"
"20201","11710680","잠실3동","33924","23006","10918","167","6200","8498","8445","6422","4192","75","3231","5878","6253","4607","2962","92","2969","2620","2192","1815","1230"
"20201","11110670","창신1동","2120","926","1194","0","167","375","649","530","399","0","68","135","217","238","268","0","99","240","432","292","131"
"20201","11140625","다산동","6255","3937","2318","4","1113","1990","1507","1098","543","0","459","1366","1053","672","387","4","654","624","454","426","156"
"20201","11110600","가회동","11063","8229","2834","4","1188","3801","3323","2076","671","4","613","2795","2596","1709","512","0","575","1006","727","367","159"
"20201","11110580","교남동","713","422","291","1","80","184","190","147","111","0","28","93","113","100","88","1","52","91","77","47","23"
"20201","11110710","숭인2동","1662","856","806","2","248","293","392","398","329","1","76","140","219","239","181","1","172","153","173","159","148"
"20201","11110690","창신3동","99","46","53","0","11","27","25","26","10","0","4","11","12","13","6","0","7","16","13","13","4"
"20201","11140605","을지로동","15882","8650","7232","43","3845","3862","3459","2757","1916","4","1006","2126","2249","1917","1348","39","2839","1736","1210","840","568"
"20201","11170580","효창동","1251","709","542","0","167","314","351","278","141","0","80","183","209","140","97","0","87","131","142","138","44"
"20201","11200650","성수1가1동","2148","1345","803","0","278","451","477","568","374","0","127","282","306","386","244","0","151","169","171","182","130"
"20201","11200690","성수2가3동","22685","14557","8128","58","3728","5773","5674","4536","2916","50","2071","3861","3815","2739","2021","8","1657","1912","1859","1797","895"
"20201","11200535","왕십리도선동","3787","1736","2051","8","625","732","790","929","703","0","215","405","425","393","298","8","410","327","365","536","405"
"20201","11215830","자양2동","2177","1351","826","0","312","489","566","557","253","0","209","310","337","307","188","0","103","179","229","250","65"
"20201","11200560","행당1동","1608","1090","518","0","200","335","412","460","201","0","100","207","284","349","150","0","100","128","128","111","51"
"20201","11215780","능동","1369","854","515","0","193","320","356","278","222","0","95","190","227","170","172","0","98","130","129","108","50"
"20201","11230740","이문1동","1134","515","619","0","215","295","306","213","105","0","39","114","152","132","78","0","176","181","154","81","27"
"20201","11260655","망우본동","1589","830","759","1","173","293","358","485","279","0","55","110","167","266","232","1","118","183","191","219","47"
"20201","11215770","중곡4동","3137","1539","1598","0","541","763","802","729","302","0","157","352","389","395","246","0","384","411","413","334","56"
"20201","11290555","삼선동","4636","2321","2315","0","495","1113","1401","1158","469","0","170","480","674","727","270","0","325","633","727","431","199"
"20201","11290620","정릉1동","751","411","340","0","91","138","170","197","155","0","23","50","85","122","131","0","68","88","85","75","24"
"20201","11320670","쌍문2동","998","564","434","0","109","171","237","283","198","0","30","78","125","178","153","0","79","93","112","105","45"
"20201","11320680","쌍문3동","1107","517","590","0","239","252","263","263","90","0","55","116","136","147","63","0","184","136","127","116","27"
"20201","11320681","쌍문4동","160","82","78","0","18","37","44","41","20","0","5","17","22","22","16","0","13","20","22","19","4"
"20201","11320514","창4동","1594","1003","591","0","167","306","393","436","292","0","74","163","232","294","240","0","93","143","161","142","52"
"20201","11320515","창5동","5200","3289","1911","0","599","1162","1285","1099","1055","0","310","798","866","602","713","0","289","364","419","497","342"
"20201","11380631","신사1동","1161","624","537","0","119","243","268","289","242","0","48","121","147","137","171","0","71","122","121","152","71"
"20201","11350619","중계본동","921","446","475","2","107","186","230","260","136","2","51","94","99","118","82","0","56","92","131","142","54"
"20201","11350720","상계10동","344","145","199","0","53","73","92","98","28","0","11","31","36","47","20","0","42","42","56","51","8"
"20201","11380625","역촌동","3262","1576","1686","2","544","666","840","737","473","0","197","305","392","358","324","2","347","361","448","379","149"
"20201","11410690","남가좌1동","951","572","379","1","69","120","166","235","360","1","46","81","105","125","214","0","23","39","61","110","146"
"20201","11380650","수색동","242","153","89","0","30","66","59","48","39","0","15","42","36","30","30","0","15","24","23","18","9"
"20201","11440740","상암동","11981","7355","4626","28","2528","4343","3258","1353","471","12","1109","2738","2171","944","381","16","1419","1605","1087","409","90"
"20201","11440610","염리동","1979","1305","674","28","374","446","397","434","300","10","190","300","296","300","209","18","184","146","101","134","91"
"20201","11470590","신월4동","1289","874","415","0","68","160","302","413","346","0","30","86","176","277","305","0","38","74","126","136","41"
"20201","11470550","목5동","15306","9313","5993","56","2485","3954","3710","3201","1900","27","1145","2383","2342","2098","1318","29","1340","1571","1368","1103","582"
"20201","11500603","가양1동","1410","884","526","0","152","292","322","341","303","0","64","180","193","223","224","0","88","112","129","118","79"
"20201","11500530","등촌2동","2566","1515","1051","0","310","505","617","659","475","0","129","275","372","415","324","0","181","230","245","244","151"
"20201","11500535","등촌3동","13486","7148","6338","34","1668","2867","3012","3335","2570","17","730","1569","1768","1621","1443","17","938","1298","1244","1714","1127"
"20201","11530760","개봉3동","1537","922","615","1","206","380","390","331","229","1","101","233","233","184","170","0","105","147","157","147","59"
"20201","11530560","구로5동","12772","8068","4704","30","1789","2989","3320","2837","1807","23","1008","2063","2198","1681","1095","7","781","926","1122","1156","712"
"20201","11470620","신정1동","7889","4612","3277","31","1390","1978","1982","1678","830","31","578","1233","1188","976","606","0","812","745","794","702","224"
"20201","11545670","시흥1동","4261","2277","1984","1","594","1028","1013","1066","559","1","271","511","511","603","380","0","323","517","502","463","179"
"20201","11530510","신도림동","9462","6223","3239","20","1543","2936","2307","1716","940","10","644","2005","1665","1185","714","10","899","931","642","531","226"
"20201","11560720","대림3동","4922","3181","1741","3","511","1028","1264","1176","940","0","262","720","905","740","554","3","249","308","359","436","386"
"20201","11560540","여의동","192384","136520","55864","459","35370","68950","49462","29496","8647","172","19526","49287","38201","23479","5855","287","15844","19663","11261","6017","2792"
"20201","11590540","상도2동","992","509","483","0","119","231","263","240","139","0","51","121","141","120","76","0","68","110","122","120","63"
"20201","11620645","서원동","2333","963","1370","1","453","505","425","519","430","0","115","205","213","188","242","1","338","300","212","331","188"
"20201","11590605","흑석동","217","126","91","0","26","50","60","50","31","0","13","28","35","28","22","0","13","22","25","22","9"
"20201","11650660","내곡동","1650","1080","570","3","237","343","354","353","360","3","168","251","242","205","211","0","69","92","112","148","149"
"20201","11620665","서림동","1454","821","633","0","216","259","365","311","303","0","108","137","195","185","196","0","108","122","170","126","107"
"20201","11620655","신원동","628","362","266","0","62","135","158","155","118","0","33","74","95","92","68","0","29","61","63","63","50"
"20201","11680531","논현2동","51265","32713","18552","101","9820","14835","12344","8315","5850","25","4261","8868","8768","6309","4482","76","5559","5967","3576","2006","1368"
"20201","11680656","도곡2동","88264","60360","27904","422","16866","34690","25354","9139","1793","267","9010","23760","19491","6650","1182","155","7856","10930","5863","2489","611"
"20201","11650652","양재2동","30435","22816","7619","43","4044","7444","8543","8017","2344","25","2446","5476","6559","6537","1773","18","1598","1968","1984","1480","571"
"20201","11680690","개포4동","8263","5944","2319","0","1002","1869","2335","1984","1073","0","496","1250","1765","1545","888","0","506","619","570","439","185"
"20201","11680640","역삼1동","168845","99888","68957","434","34064","51371","43504","29454","10018","160","16299","32057","28395","15953","7024","274","17765","19314","15109","13501","2994"
"20201","11680750","수서동","15479","8167","7312","24","2206","4170","4162","3073","1844","14","988","2240","2183","1632","1110","10","1218","1930","1979","1441","734"
"20201","11710532","거여2동","1310","677","633","3","166","215","323","392","211","1","93","128","164","176","115","2","73","87","159","216","96"
"20201","11110640","이화동","1569","867","702","0","237","398","400","332","202","0","74","183","234","222","154","0","163","215","166","110","48"
"20201","11710590","송파2동","5656","3577","2079","19","893","1401","1483","1351","509","16","433","890","1069","848","321","3","460","511","414","503","188"
"20201","11710600","석촌동","9563","6332","3231","2","1160","2182","2234","1969","2016","2","662","1579","1516","1161","1412","0","498","603","718","808","604"
"20201","11110550","부암동","1514","840","674","1","255","440","405","292","121","0","104","243","233","176","84","1","151","197","172","116","37"
"20201","11170650","이태원1동","22194","9721","12473","15","6513","8556","4317","2120","673","9","1671","3592","2389","1540","520","6","4842","4964","1928","580","153"
"20201","11140650","신당5동","768","406","362","0","81","169","194","177","147","0","35","75","99","94","103","0","46","94","95","83","44"
"20201","11140520","소공동","94203","50043","44160","490","27265","29761","20737","12450","3500","137","8857","14809","14799","9103","2338","353","18408","14952","5938","3347","1162"
"20201","11200615","금호2?3가동","447","239","208","0","44","79","106","106","112","0","6","32","53","62","86","0","38","47","53","44","26"
"20201","11200580","응봉동","583","239","344","1","140","156","129","97","60","0","32","54","59","49","45","1","108","102","70","48","15"
"20201","11230600","답십리1동","2044","978","1066","0","296","420","572","545","211","0","201","282","206","147","142","0","95","138","366","398","69"
"20201","11260540","면목4동","769","580","189","0","43","123","214","289","100","0","19","80","149","244","88","0","24","43","65","45","12"
"20201","11230570","전농2동","1183","619","564","0","133","250","315","317","168","0","54","117","169","165","114","0","79","133","146","152","54"
"20201","11290685","길음2동","453","189","264","1","46","89","122","128","67","1","19","35","57","45","32","0","27","54","65","83","35"
"20201","11290580","돈암1동","103","48","55","0","29","32","22","14","6","0","7","16","12","8","5","0","22","16","10","6","1"
"20201","11290705","종암동","15832","8326","7506","29","1338","4000","5589","4522","354","1","573","1466","2553","3520","213","28","765","2534","3036","1002","141"
"20201","11305555","송천동","926","463","463","0","57","147","197","245","280","0","14","66","89","140","154","0","43","81","108","105","126"
"20201","11290770","장위2동","770","466","304","0","59","130","186","188","207","0","17","64","106","117","162","0","42","66","80","71","45"
"20201","11290640","정릉3동","427","302","125","0","65","133","105","72","52","0","37","96","77","55","37","0","28","37","28","17","15"
"20201","11320660","쌍문1동","812","383","429","0","94","129","224","226","139","0","20","44","85","117","117","0","74","85","139","109","22"
"20201","11350640","상계2동","2183","1063","1120","0","289","371","551","564","408","0","101","207","261","270","224","0","188","164","290","294","184"
"20201","11350665","상계3?4동","652","468","184","0","30","52","164","248","158","0","10","26","106","190","136","0","20","26","58","58","22"
"20201","11350710","상계9동","1010","640","370","1","131","253","251","285","89","1","71","161","148","190","69","0","60","92","103","95","20"
"20201","11440565","공덕동","9194","5298","3896","38","2044","2501","2467","1614","530","12","815","1325","1571","1195","380","26","1229","1176","896","419","150"
"20201","11350624","중계4동","1169","639","530","4","112","238","276","310","229","3","41","114","145","162","174","1","71","124","131","148","55"
"20201","11470560","신월1동","2132","1379","753","0","199","347","491","700","395","0","106","214","299","466","294","0","93","133","192","234","101"
"20201","11470610","신월6동","811","475","336","0","86","151","184","222","168","0","34","77","101","125","138","0","52","74","83","97","30"
"20201","11500605","가양3동","245","157","88","0","42","54","68","51","30","0","27","36","44","30","20","0","15","18","24","21","10"
"20201","11500520","등촌1동","5201","3120","2081","6","1046","1343","1150","936","720","4","386","847","793","610","480","2","660","496","357","326","240"
"20201","11500550","화곡2동","1437","869","568","0","174","396","375","349","143","0","102","260","228","183","96","0","72","136","147","166","47"
"20201","11500560","화곡3동","3751","2313","1438","3","511","909","962","866","500","2","275","606","582","487","361","1","236","303","380","379","139"
"20201","11500591","화곡6동","7410","4703","2707","12","1049","1974","1894","1680","801","1","520","1256","1209","1112","605","11","529","718","685","568","196"
"20201","11530780","오류2동","695","426","269","0","71","157","180","178","109","0","30","88","107","114","87","0","41","69","73","64","22"
"20201","11545700","시흥4동","1232","741","491","5","194","254","353","301","125","5","118","176","212","139","91","0","76","78","141","162","34"
"20201","11545620","독산2동","1367","766","601","0","176","281","317","390","203","0","94","132","158","227","155","0","82","149","159","163","48"
"20201","11530595","가리봉동","899","418","481","0","76","149","212","194","268","0","32","69","96","76","145","0","44","80","116","118","123"
"20201","11560560","당산2동","11843","7942","3901","22","1854","2662","2874","2614","1817","10","948","1663","2004","1919","1398","12","906","999","870","695","419"
"20201","11590630","사당2동","1976","1093","883","1","315","579","535","370","176","0","152","354","318","171","98","1","163","225","217","199","78"
"20201","11560670","신길5동","793","383","410","0","76","170","259","196","92","0","35","79","93","99","77","0","41","91","166","97","15"
"20201","11560680","신길6동","1813","1134","679","0","195","434","475","398","311","0","97","268","285","249","235","0","98","166","190","149","76"
"20243","11290715","월곡1동","1214","758","456","0","48","145","250","269","502","0","5","72","129","179","373","0","43","73","121","90","129"
"20243","11305603","번2동","1063","503","560","0","129","127","306","342","159","0","48","69","130","165","91","0","81","58","176","177","68"
"20201","11590670","신대방1동","3893","2467","1426","7","746","1246","906","622","366","6","380","803","626","407","245","1","366","443","280","215","121"
"20201","11545680","시흥2동","748","443","305","0","75","149","189","224","111","0","44","85","107","131","76","0","31","64","82","93","35"
"20201","11590530","상도1동","3561","2063","1498","0","550","881","868","790","472","0","235","492","524","490","322","0","315","389","344","300","150"
"20201","11650540","잠원동","13663","7914","5749","47","2846","4027","3372","2101","1270","25","1123","2355","2234","1316","861","22","1723","1672","1138","785","409"
"20201","11620545","청림동","444","253","191","0","67","148","146","65","18","0","29","82","88","42","12","0","38","66","58","23","6"
"20201","11650560","반포1동","6436","3951","2485","3","1174","2135","1609","985","530","0","554","1394","1069","547","387","3","620","741","540","438","143"
"20201","11650570","반포2동","1948","1160","788","4","326","604","506","327","181","2","143","365","326","197","127","2","183","239","180","130","54"
"20201","11710642","문정2동","30105","18925","11180","56","4311","9160","9228","5331","2019","25","2064","5171","6327","4081","1257","31","2247","3989","2901","1250","762"
"20201","11680565","청담동","54591","31246","23345","143","11348","18058","13560","8194","3288","56","4266","10308","8912","5409","2295","87","7082","7750","4648","2785","993"
"20201","11680600","대치1동","16783","8940","7843","30","3070","5477","4182","2611","1413","11","1153","2718","2365","1670","1023","19","1917","2759","1817","941","390"
"20201","11740685","길동","8576","4357","4219","5","1235","1710","1937","2087","1602","4","484","910","1033","962","964","1","751","800","904","1125","638"
"20201","11710566","오륜동","13441","7789","5652","25","2177","4063","3488","2691","997","8","877","2114","2243","1782","765","17","1300","1949","1245","909","232"
"20201","11110615","종로1?2?3?4가동","116875","64403","52472","1676","23688","35525","32006","18343","5637","717","10323","17834","18759","12922","3848","959","13365","17691","13247","5421","1789"
"20201","11140665","동화동","1183","535","648","0","188","287","312","249","147","0","50","98","151","138","98","0","138","189","161","111","49"
"20201","11140550","명동","123928","71739","52189","151","20262","41748","33631","22016","6120","50","8100","21531","21683","16239","4136","101","12162","20217","11948","5777","1984"
"20201","11110530","사직동","44477","27846","16631","37","5864","12589","13409","8809","3769","8","2453","7735","9175","6159","2316","29","3411","4854","4234","2650","1453"
"20201","11140540","회현동","74892","46291","28601","234","14028","26412","20476","10879","2863","75","6553","15764","13340","8559","2000","159","7475","10648","7136","2320","863"
"20201","11170530","남영동","16176","6814","9362","130","6152","3987","3084","2068","755","9","1154","2142","1834","1110","565","121","4998","1845","1250","958","190"
"20201","11140570","필동","11974","5624","6350","14","1726","3032","3695","2620","887","4","583","1498","1736","1230","573","10","1143","1534","1959","1390","314"
"20201","11200590","금호1가동","1349","500","849","9","158","439","552","151","40","0","49","146","218","59","28","9","109","293","334","92","12"
"20201","11170520","용산2가동","583","422","161","0","35","97","217","207","27","0","13","53","171","165","20","0","22","44","46","42","7"
"20201","11260575","면목3?8동","1713","1076","637","0","158","303","438","479","335","0","50","156","260","348","262","0","108","147","178","131","73"
"20201","11230720","휘경1동","902","535","367","0","100","174","224","234","170","0","37","100","144","160","94","0","63","74","80","74","76"
"20201","11290575","동선동","2112","1056","1056","4","278","440","479","535","376","3","96","192","234","293","238","1","182","248","245","242","138"
"20201","11305615","수유1동","1218","548","670","0","119","216","318","362","203","0","30","86","134","155","143","0","89","130","184","207","60"
"20201","11350695","상계6?7동","3980","1760","2220","4","559","940","1022","1013","442","3","147","355","456","553","246","1","412","585","566","460","196"
"20201","11380552","갈현2동","2994","1539","1455","0","300","594","794","803","503","0","139","332","374","358","336","0","161","262","420","445","167"
"20201","11350611","하계1동","554","351","203","0","64","116","139","160","75","0","31","66","83","113","58","0","33","50","56","47","17"
"20201","11380530","불광2동","2110","1016","1094","0","116","284","342","444","924","0","39","146","137","181","513","0","77","138","205","263","411"
"20201","11380600","응암3동","1607","782","825","0","167","379","454","388","219","0","62","188","211","176","145","0","105","191","243","212","74"
"20201","11380590","응암2동","435","282","153","0","54","59","98","126","98","0","32","32","58","75","85","0","22","27","40","51","13"
"20201","11350580","월계3동","190","95","95","0","21","34","50","55","30","0","8","17","23","29","18","0","13","17","27","26","12"
"20201","11410710","북가좌1동","422","333","89","0","7","20","48","88","259","0","3","8","22","59","241","0","4","12","26","29","18"
"20201","11410585","신촌동","2172","1143","1029","0","335","580","554","467","236","0","126","252","285","306","174","0","209","328","269","161","62"
"20201","11440600","대흥동","3225","1589","1636","16","1291","732","475","448","263","2","502","379","258","270","178","14","789","353","217","178","85"
"20201","11440555","아현동","5728","3145","2583","8","1089","1837","1624","974","196","3","471","1027","911","593","140","5","618","810","713","381","56"
"20201","11470540","목4동","2011","1221","790","0","244","444","580","502","241","0","95","266","345","321","194","0","149","178","235","181","47"
"20201","11500611","발산1동","2302","1331","971","2","156","344","609","738","453","1","70","173","291","428","368","1","86","171","318","310","85"
"20201","11500630","방화1동","4187","3299","888","0","438","892","1027","1199","631","0","319","733","825","997","425","0","119","159","202","202","206"
"20201","11530750","개봉2동","5442","2689","2753","22","956","1321","1293","1292","558","10","544","841","571","432","291","12","412","480","722","860","267"
"20201","11545710","시흥5동","1359","804","555","7","192","316","346","282","216","6","100","210","206","145","137","1","92","106","140","137","79"
"20201","11560550","당산1동","6754","4052","2702","2","1145","1912","1502","1247","946","1","454","1069","941","873","714","1","691","843","561","374","232"
"20201","11560585","도림동","706","455","251","1","57","118","176","186","168","1","24","74","113","119","124","0","33","44","63","67","44"
"20201","11590520","노량진2동","4451","2310","2141","7","705","1303","1081","906","449","1","368","567","500","581","293","6","337","736","581","325","156"
"20201","11590660","대방동","7997","5308","2689","4","1342","2172","1870","1787","822","1","715","1484","1301","1286","521","3","627","688","569","501","301"
"20201","11620565","성현동","1543","587","956","11","218","271","353","467","223","6","100","142","160","127","52","5","118","129","193","340","171"
"20201","11620725","조원동","2959","1843","1116","0","561","720","720","635","323","0","258","469","461","426","229","0","303","251","259","209","94"
"20201","11590651","사당5동","1460","785","675","0","180","358","442","349","131","0","80","167","228","196","114","0","100","191","214","153","17"
"20201","11650530","서초3동","58156","34532","23624","141","9986","17421","14896","10606","5106","63","4230","10148","9527","6917","3647","78","5756","7273","5369","3689","1459"
"20243","11305608","번3동","511","281","230","0","52","83","125","148","103","0","19","40","70","82","70","0","33","43","55","66","33"
"20201","11680700","세곡동","471","271","200","0","40","82","96","135","118","0","18","41","55","80","77","0","22","41","41","55","41"
"20201","11710631","가락1동","5894","4120","1774","0","403","1097","1622","1689","1083","0","270","840","1194","1107","709","0","133","257","428","582","374"
"20201","11710570","오금동","22928","16059","6869","17","3029","5459","5793","5528","3102","13","1773","3692","4283","4189","2109","4","1256","1767","1510","1339","993"
"20201","11740580","암사2동","1930","706","1224","1","197","320","454","579","379","1","71","149","183","167","135","0","126","171","271","412","244"
"20201","11740620","천호3동","1366","779","587","0","72","149","229","246","670","0","25","68","114","125","447","0","47","81","115","121","223"
"20201","11740640","성내1동","13172","8952","4220","18","1558","2756","2833","3403","2604","5","903","1718","1857","2460","2009","13","655","1038","976","943","595"
"20201","11110630","종로5?6가동","22052","13772","8280","565","5126","6357","5417","3344","1243","152","2122","4096","3964","2573","865","413","3004","2261","1453","771","378"
"20201","11110700","숭인1동","307","140","167","0","59","67","68","68","45","0","10","28","34","36","32","0","49","39","34","32","13"
"20201","11170590","용문동","2388","1377","1011","1","468","651","656","443","169","1","195","382","387","297","115","0","273","269","269","146","54"
"20201","11170685","한남동","35228","25774","9454","91","5790","10427","9250","8090","1580","63","2747","6946","7505","7247","1266","28","3043","3481","1745","843","314"
"20201","11170640","이촌2동","1547","1055","492","0","219","429","459","337","103","0","100","271","346","262","76","0","119","158","113","75","27"
"20201","11200720","송정동","878","540","338","0","123","207","222","176","150","0","60","129","124","106","121","0","63","78","98","70","29"
"20201","11230536","용신동","19195","9941","9254","10","2310","4277","4753","4730","3115","5","1097","2448","2507","2167","1717","5","1213","1829","2246","2563","1398"
"20201","11215750","중곡2동","2261","1295","966","0","304","455","580","538","384","0","191","264","305","284","251","0","113","191","275","254","133"
"20201","11260620","묵1동","912","430","482","0","93","210","271","220","118","0","33","98","120","99","80","0","60","112","151","121","38"
"20201","11260630","묵2동","1390","950","440","0","199","345","331","381","134","0","114","236","220","281","99","0","85","109","111","100","35"
"20201","11260690","신내2동","464","257","207","0","62","117","114","114","57","0","26","55","59","73","44","0","36","62","55","41","13"
"20201","11260680","신내1동","1973","942","1031","0","348","429","363","524","309","0","92","182","173","258","237","0","256","247","190","266","72"
"20201","11305625","수유2동","1248","662","586","0","41","79","239","380","509","0","6","41","153","260","202","0","35","38","86","120","307"
"20201","11320700","방학2동","810","370","440","0","68","162","199","164","217","0","27","81","91","81","90","0","41","81","108","83","127"
"20201","11350630","상계1동","3699","2347","1352","3","423","765","901","942","665","3","243","520","584","587","410","0","180","245","317","355","255"
"20201","11320513","창3동","624","332","292","0","50","130","205","167","72","0","8","76","121","79","48","0","42","54","84","88","24"
"20201","11350670","상계5동","1190","589","601","0","60","128","202","307","493","0","23","68","87","136","275","0","37","60","115","171","218"
"20201","11380551","갈현1동","2296","1176","1120","2","393","536","541","504","320","2","158","281","272","256","207","0","235","255","269","248","113"
"20201","11380570","대조동","2231","1096","1135","1","270","473","606","513","368","1","99","231","286","228","251","0","171","242","320","285","117"
"20201","11440590","용강동","10604","6283","4321","6","1554","2616","2509","2100","1819","5","750","1545","1656","1219","1108","1","804","1071","853","881","711"
"20201","11440710","연남동","2839","1750","1089","0","450","674","698","606","411","0","200","363","415","418","354","0","250","311","283","188","57"
"20201","11440720","성산1동","4650","3081","1569","5","592","970","1071","906","1106","5","290","602","678","631","875","0","302","368","393","275","231"
"20201","11470600","신월5동","1632","904","728","1","199","406","411","416","199","1","89","203","214","245","152","0","110","203","197","171","47"
"20201","11470530","목3동","1685","928","757","0","216","373","447","406","243","0","108","217","240","207","156","0","108","156","207","199","87"
"20201","11410640","홍제3동","875","434","441","0","78","112","174","229","282","0","25","44","82","119","164","0","53","68","92","110","118"
"20201","11500641","방화3동","2527","1628","899","1","246","538","634","695","413","1","124","284","392","487","340","0","122","254","242","208","73"
"20201","11530550","구로4동","1713","983","730","0","178","336","430","428","341","0","80","186","236","236","245","0","98","150","194","192","96"
"20201","11560610","양평1동","8907","5158","3749","32","1764","2051","1970","1787","1303","14","902","1310","1174","917","841","18","862","741","796","870","462"
"20201","11560515","영등포본동","4029","2291","1738","15","574","993","1033","976","438","6","247","503","593","610","332","9","327","490","440","366","106"
"20201","11590680","신대방2동","12684","8075","4609","27","2313","2647","2375","2964","2358","16","1750","2029","1515","1512","1253","11","563","618","860","1452","1105"
"20201","11620685","신사동","3698","2518","1180","0","591","1068","1075","668","296","0","256","723","839","505","195","0","335","345","236","163","101"
"20201","11620765","미성동","3064","1812","1252","9","292","537","728","805","693","8","185","316","409","416","478","1","107","221","319","389","215"
"20201","11650610","방배2동","12555","6119","6436","18","2116","3209","3443","2419","1350","3","739","1441","1595","1428","913","15","1377","1768","1848","991","437"
"20201","11650620","방배3동","14532","9510","5022","85","2270","4325","3925","2367","1560","26","1153","2713","2823","1629","1166","59","1117","1612","1102","738","394"
"20201","11650590","방배본동","22144","12260","9884","89","4146","5712","5885","3957","2355","62","1410","2986","3427","2569","1806","27","2736","2726","2458","1388","549"
"20201","11590640","사당3동","919","543","376","0","108","205","249","216","141","0","40","112","156","129","106","0","68","93","93","87","35"
"20201","11680630","대치4동","33175","20389","12786","131","5321","9871","9013","5633","3206","12","2289","5975","6167","3950","1996","119","3032","3896","2846","1683","1210"
"20201","11680545","압구정동","40822","22984","17838","223","9084","12764","9380","6106","3265","85","3367","7173","6312","4021","2026","138","5717","5591","3068","2085","1239"
"20201","11680521","논현1동","40704","23806","16898","116","10638","12233","8657","5627","3433","42","4526","7272","5837","3631","2498","74","6112","4961","2820","1996","935"
"20201","11710620","가락본동","25135","15183","9952","57","3410","6042","5753","4911","4962","22","1634","3773","3850","2845","3059","35","1776","2269","1903","2066","1903"
"20201","11680730","일원1동","1708","931","777","0","231","321","388","373","395","0","101","170","201","195","264","0","130","151","187","178","131"
"20201","11740700","둔촌2동","2842","1279","1563","0","540","744","611","589","358","0","155","308","304","281","231","0","385","436","307","308","127"
"20201","11710520","풍납2동","531","261","270","0","116","182","132","80","21","0","32","95","69","49","16","0","84","87","63","31","5"
"20202","11305534","삼양동","462","267","195","0","60","88","111","111","92","0","22","40","57","71","77","0","38","48","54","40","15"
"20243","11290770","장위2동","668","452","216","0","8","110","189","184","177","0","0","55","111","124","162","0","8","55","78","60","15"
"20202","11305645","우이동","1638","1010","628","0","80","136","228","397","797","0","18","64","127","274","527","0","62","72","101","123","270"
"20202","11305660","인수동","3004","1763","1241","0","287","600","776","869","472","0","105","322","473","516","347","0","182","278","303","353","125"
"20202","11305635","수유3동","3045","1555","1490","0","315","734","793","800","403","0","118","314","373","490","260","0","197","420","420","310","143"
"20202","11305575","삼각산동","335","183","152","0","57","89","108","56","25","0","23","50","60","28","22","0","34","39","48","28","3"
"20202","11305545","송중동","1450","722","728","2","146","239","414","379","270","2","55","102","182","185","196","0","91","137","232","194","74"
"20202","11290630","정릉2동","1097","476","621","0","174","264","298","239","122","0","41","112","115","114","94","0","133","152","183","125","28"
"20202","11380520","불광1동","2010","883","1127","0","287","478","531","462","252","0","106","209","236","203","129","0","181","269","295","259","123"
"20202","11380640","증산동","2105","1369","736","0","272","555","576","479","223","0","127","373","381","316","172","0","145","182","195","163","51"
"20202","11410685","홍은2동","1454","936","518","2","232","392","359","309","160","2","132","257","231","202","112","0","100","135","128","107","48"
"20202","11410700","남가좌2동","1164","608","556","0","124","245","325","325","145","0","38","117","157","184","112","0","86","128","168","141","33"
"20202","11350625","중계2?3동","1438","813","625","2","185","376","370","371","134","2","110","226","191","198","86","0","75","150","179","173","48"
"20202","11440655","서강동","3646","2283","1363","3","638","885","882","712","526","2","314","523","579","474","391","1","324","362","303","238","135"
"20202","11440700","망원2동","4621","2759","1862","3","581","865","1003","1403","766","2","316","637","704","652","448","1","265","228","299","751","318"
"20202","11440630","신수동","2488","1412","1076","1","302","692","697","601","195","1","114","324","398","426","149","0","188","368","299","175","46"
"20202","11470650","신정4동","5283","2917","2366","0","895","938","1009","1109","1332","0","272","458","513","601","1073","0","623","480","496","508","259"
"20202","11470510","목1동","13488","8753","4735","30","2332","3670","3362","2754","1340","20","1088","2412","2387","1974","872","10","1244","1258","975","780","468"
"20202","11500615","우장산동","3447","1897","1550","0","752","778","730","726","461","0","285","451","432","430","299","0","467","327","298","296","162"
"20202","11530730","고척2동","1771","1104","667","0","196","392","450","483","250","0","123","248","265","275","193","0","73","144","185","208","57"
"20202","11470640","신정3동","2687","1918","769","1","212","517","670","569","718","0","100","313","454","402","649","1","112","204","216","167","69"
"20202","11545690","시흥3동","1739","1032","707","0","124","257","404","455","499","0","66","168","232","247","319","0","58","89","172","208","180"
"20202","11545510","가산동","83042","54609","28433","288","16371","25792","20541","12162","7888","185","8686","17319","14814","8083","5522","103","7685","8473","5727","4079","2366"
"20202","11560700","대림1동","1494","570","924","0","489","344","306","249","106","0","99","121","150","126","74","0","390","223","156","123","32"
"20202","11560710","대림2동","3767","1911","1856","9","701","901","838","576","742","2","270","476","362","321","480","7","431","425","476","255","262"
"20202","11560690","신길7동","2410","1649","761","1","282","461","548","691","427","1","176","313","369","442","348","0","106","148","179","249","79"
"20202","11590550","상도3동","887","505","382","0","73","179","236","209","190","0","41","119","140","104","101","0","32","60","96","105","89"
"20202","11620775","난곡동","991","549","442","0","98","204","244","293","152","0","39","106","122","166","116","0","59","98","122","127","36"
"20202","11620735","대학동","939","712","227","0","126","232","275","232","74","0","74","163","220","189","66","0","52","69","55","43","8"
"20202","11620715","난향동","544","264","280","0","64","118","151","118","93","0","17","53","61","60","73","0","47","65","90","58","20"
"20202","11680610","대치2동","85188","47669","37519","484","15475","23451","19634","16079","10065","213","7126","14365","12628","8299","5038","271","8349","9086","7006","7780","5027"
"20202","11680655","도곡1동","31446","22284","9162","69","5375","7320","8764","7956","1962","54","2727","4798","6593","6518","1594","15","2648","2522","2171","1438","368"
"20202","11650581","반포4동","58955","52025","6930","40","5899","12511","15897","21917","2691","17","4473","10414","14108","20829","2184","23","1426","2097","1789","1088","507"
"20202","11650600","방배1동","18441","12190","6251","85","3639","5661","4470","3357","1229","59","1727","3453","3295","2744","912","26","1912","2208","1175","613","317"
"20202","11650580","반포3동","3165","1765","1400","7","501","804","700","633","520","3","212","474","463","367","246","4","289","330","237","266","274"
"20202","11650550","반포본동","11263","6137","5126","17","1863","3718","3220","1927","518","10","682","2030","1805","1206","404","7","1181","1688","1415","721","114"
"20202","11710561","방이1동","8614","6296","2318","17","901","1671","2260","2297","1468","12","428","1062","1685","1844","1265","5","473","609","575","453","203"
"20202","11710610","삼전동","4176","2822","1354","0","495","953","941","838","949","0","284","625","619","514","780","0","211","328","322","324","169"
"20202","11710540","마천1동","622","307","315","0","67","134","182","169","70","0","25","64","88","80","50","0","42","70","94","89","20"
"20202","11740610","천호2동","3320","1717","1603","5","411","704","817","775","608","4","166","331","406","386","424","1","245","373","411","389","184"
"20202","11740570","암사1동","2792","1708","1084","0","358","594","588","565","687","0","173","390","372","383","390","0","185","204","216","182","297"
"20202","11740530","명일1동","3780","2107","1673","0","558","1014","952","685","571","0","260","609","622","350","266","0","298","405","330","335","305"
"20202","11110680","창신2동","243","72","171","0","10","22","67","91","53","0","0","4","21","29","18","0","10","18","46","62","35"
"20202","11110570","무악동","451","124","327","3","127","127","110","58","26","3","27","25","35","19","15","0","100","102","75","39","11"
"20202","11110540","삼청동","3911","3185","726","0","483","1033","1218","924","253","0","309","792","1036","828","220","0","174","241","182","96","33"
"20202","11170660","이태원2동","1112","629","483","0","185","367","287","176","97","0","86","205","156","97","85","0","99","162","131","79","12"
"20202","11200670","성수2가1동","7914","5023","2891","67","1801","2274","1809","1289","674","36","814","1473","1234","913","553","31","987","801","575","376","121"
"20202","11200645","옥수동","1764","681","1083","0","449","525","399","268","123","0","112","194","185","126","64","0","337","331","214","142","59"
"20202","11200520","왕십리2동","1070","635","435","0","151","269","305","230","115","0","75","142","188","143","87","0","76","127","117","87","28"
"20202","11230610","답십리2동","2483","1819","664","10","403","567","574","503","426","10","301","435","418","347","308","0","102","132","156","156","118"
"20202","11230650","장안1동","9958","6284","3674","13","1352","1959","2159","2188","2287","13","813","1259","1348","1322","1529","0","539","700","811","866","758"
"20202","11230660","장안2동","5242","2815","2427","20","1611","1015","1055","978","563","16","838","580","488","476","417","4","773","435","567","502","146"
"20202","11260570","면목7동","946","517","429","0","112","176","232","261","165","0","35","79","121","150","132","0","77","97","111","111","33"
"20202","11320690","방학1동","3094","1795","1299","1","311","681","761","927","413","1","167","396","394","527","310","0","144","285","367","400","103"
"20202","11290660","길음1동","3041","1484","1557","203","1064","745","509","329","191","86","458","391","251","152","146","117","606","354","258","177","45"
"20202","11290610","보문동","3276","2486","790","0","312","971","690","690","613","0","171","778","553","553","431","0","141","193","137","137","182"
"20202","11290715","월곡1동","1385","849","536","0","94","174","284","300","533","0","32","82","150","198","387","0","62","92","134","102","146"
"20202","11290600","안암동","1991","1311","680","0","268","526","564","435","198","0","135","333","367","312","164","0","133","193","197","123","34"
"20202","11320512","창2동","1231","698","533","0","142","279","337","291","182","0","65","166","185","148","134","0","77","113","152","143","48"
"20202","11320511","창1동","837","384","453","0","116","170","221","227","103","0","46","66","100","108","64","0","70","104","121","119","39"
"20202","11350570","월계2동","163","78","85","0","19","35","45","46","18","0","7","13","21","24","13","0","12","22","24","22","5"
"20202","11320522","도봉2동","748","480","268","0","37","92","130","190","299","0","14","46","73","126","221","0","23","46","57","64","78"
"20202","11320710","방학3동","1081","647","434","3","183","246","252","249","148","3","116","140","159","120","109","0","67","106","93","129","39"
"20202","11380580","응암1동","2343","1308","1035","0","243","393","556","546","605","0","111","185","293","279","440","0","132","208","263","267","165"
"20202","11410620","홍제1동","1698","876","822","0","182","254","432","588","242","0","55","117","226","329","149","0","127","137","206","259","93"
"20202","11440690","망원1동","2980","1659","1321","3","818","824","621","438","276","0","474","442","300","264","179","3","344","382","321","174","97"
"20202","11410520","천연동","1096","594","502","0","97","180","283","380","156","0","34","81","159","223","97","0","63","99","124","157","59"
"20202","11380510","녹번동","2744","1454","1290","0","314","646","738","728","318","0","149","313","355","427","210","0","165","333","383","301","108"
"20202","11470580","신월3동","1121","648","473","0","109","205","257","340","210","0","38","85","137","214","174","0","71","120","120","126","36"
"20202","11440730","성산2동","1375","617","758","1","128","255","367","424","200","1","44","126","164","166","116","0","84","129","203","258","84"
"20202","11470520","목2동","2860","1599","1261","0","391","696","763","654","356","0","183","382","424","379","231","0","208","314","339","275","125"
"20202","11470680","신정7동","405","241","164","0","46","98","124","92","45","0","21","55","75","57","33","0","25","43","49","35","12"
"20202","11500540","화곡1동","4483","2513","1970","1","469","916","1118","1252","727","1","217","528","608","708","451","0","252","388","510","544","276"
"20202","11500570","화곡4동","2206","977","1229","0","519","601","447","414","225","0","116","260","217","220","164","0","403","341","230","194","61"
"20202","11500640","방화2동","2319","1512","807","3","241","448","526","608","493","3","133","270","340","390","376","0","108","178","186","218","117"
"20202","11530540","구로3동","51508","33744","17764","190","10703","17329","13040","6414","3832","126","5411","11489","9183","4470","3065","64","5292","5840","3857","1944","767"
"20202","11500590","화곡본동","2282","1292","990","0","246","455","556","547","478","0","89","252","317","287","347","0","157","203","239","260","131"
"20202","11470611","신월7동","2779","1824","955","0","297","458","567","666","791","0","220","351","372","404","477","0","77","107","195","262","314"
"20202","11470630","신정2동","11584","6645","4939","43","2079","3748","3094","2042","578","18","844","2064","1918","1350","451","25","1235","1684","1176","692","127"
"20202","11530530","구로2동","11964","7355","4609","30","1450","2769","2976","2995","1744","15","678","1636","1783","1965","1278","15","772","1133","1193","1030","466"
"20202","11560605","문래동","57767","41893","15874","91","8919","18849","17779","9120","3009","34","4971","14334","14518","6158","1878","57","3948","4515","3261","2962","1131"
"20202","11545630","독산3동","3618","2582","1036","1","301","555","639","698","1424","0","159","329","345","419","1330","1","142","226","294","279","94"
"20202","11560660","신길4동","593","295","298","0","99","141","152","140","61","0","36","64","73","77","45","0","63","77","79","63","16"
"20202","11560535","영등포동","13344","7468","5876","17","2458","3330","3157","2626","1756","3","916","1862","1969","1550","1168","14","1542","1468","1188","1076","588"
"20202","11590560","상도4동","1118","665","453","0","152","252","274","280","160","0","74","148","164","197","82","0","78","104","110","83","78"
"20202","11590510","노량진1동","4261","2390","1871","7","559","1015","1069","1016","595","6","238","581","650","551","364","1","321","434","419","465","231"
"20202","11620745","삼성동","879","491","388","0","93","182","237","235","132","0","40","90","126","128","107","0","53","92","111","107","25"
"20202","11620525","보라매동","1634","839","795","4","217","366","385","406","256","1","90","186","198","192","172","3","127","180","187","214","84"
"20202","11650621","방배4동","15638","9663","5975","28","2699","4318","3888","2993","1712","11","1142","2544","2639","2093","1234","17","1557","1774","1249","900","478"
"20202","11620605","은천동","1054","505","549","1","144","196","219","292","202","0","50","92","113","133","117","1","94","104","106","159","85"
"20202","11650531","서초4동","34217","19563","14654","122","6684","10471","8595","6060","2285","57","2541","5983","5574","3799","1609","65","4143","4488","3021","2261","676"
"20202","11680510","신사동","26882","16013","10869","72","5590","8117","6819","4099","2185","27","2169","4956","4566","2679","1616","45","3421","3161","2253","1420","569"
"20202","11710650","잠실본동","9082","5802","3280","26","1236","1738","2126","2013","1943","0","551","1059","1331","1386","1475","26","685","679","795","627","468"
"20202","11740560","고덕2동","1088","690","398","0","64","144","232","381","267","0","13","64","134","263","216","0","51","80","98","118","51"
"20202","11740520","상일동","1247","629","618","0","177","282","310","332","146","0","59","141","186","151","92","0","118","141","124","181","54"
"20202","11110515","청운효자동","6476","4168","2308","27","1182","1871","1798","1145","453","0","516","1171","1341","827","313","27","666","700","457","318","140"
"20202","11140590","광희동","55742","27778","27964","552","16017","14709","11448","8810","4206","233","7786","8562","6632","2988","1577","319","8231","6147","4816","5822","2629"
"20202","11170700","보광동","565","286","279","0","67","121","148","143","86","0","8","59","77","82","60","0","59","62","71","61","26"
"20202","11140615","신당동","5611","3022","2589","48","1593","1194","1056","1028","692","15","710","623","543","659","472","33","883","571","513","369","220"
"20202","11170570","원효로2동","2765","1990","775","6","435","834","773","441","276","3","249","597","593","329","219","3","186","237","180","112","57"
"20202","11170690","서빙고동","7218","4732","2486","14","1282","2153","2221","1142","406","5","614","1259","1623","912","319","9","668","894","598","230","87"
"20202","11170625","한강로동","42930","21198","21732","139","8770","13384","12241","6306","2090","66","3572","6265","6088","3835","1372","73","5198","7119","6153","2471","718"
"20202","11140635","약수동","10940","4230","6710","28","1760","4090","3031","1500","531","3","535","1440","1005","861","386","25","1225","2650","2026","639","145"
"20202","11140645","청구동","1894","1043","851","0","277","508","445","405","259","0","93","264","285","252","149","0","184","244","160","153","110"
"20202","11200660","성수1가2동","5342","3658","1684","12","855","1093","1126","1156","1100","8","506","725","727","817","875","4","349","368","399","339","225"
"20202","11215847","자양4동","849","554","295","0","58","126","206","223","236","0","25","70","122","143","194","0","33","56","84","80","42"
"20202","11215810","광장동","5066","3074","1992","49","1574","1332","984","777","350","14","754","860","666","522","258","35","820","472","318","255","92"
"20202","11215840","자양3동","2008","1444","564","3","240","518","560","505","182","1","148","365","415","372","143","2","92","153","145","133","39"
"20202","11200620","금호4가동","691","412","279","0","75","158","190","169","99","0","28","81","124","105","74","0","47","77","66","64","25"
"20202","11230545","제기동","4848","2895","1953","0","639","1192","1184","1027","806","0","267","705","753","606","564","0","372","487","431","421","242"
"20202","11230705","청량리동","2822","1510","1312","0","501","812","543","529","437","0","188","466","307","300","249","0","313","346","236","229","188"
"20202","11215760","중곡3동","860","548","312","0","99","210","237","196","118","0","54","150","139","124","81","0","45","60","98","72","37"
"20202","11260565","면목본동","1335","729","606","0","165","306","358","327","179","0","55","154","190","190","140","0","110","152","168","137","39"
"20202","11260600","중화1동","1187","626","561","0","135","257","306","284","205","0","49","104","149","157","167","0","86","153","157","127","38"
"20202","11260610","중화2동","864","500","364","0","95","122","228","197","222","0","47","56","114","114","169","0","48","66","114","83","53"
"20202","11290590","돈암2동","431","262","169","1","66","103","137","78","46","0","31","62","91","57","21","1","35","41","46","21","25"
"20202","11290525","성북동","15551","11848","3703","13","2033","3821","4511","4499","674","2","1126","2665","3578","4006","471","11","907","1156","933","493","203"
"20202","11290725","월곡2동","2501","1589","912","1","398","705","608","443","346","0","199","464","371","266","289","1","199","241","237","177","57"
"20202","11305535","미아동","1214","684","530","0","122","217","350","340","185","0","50","106","193","207","128","0","72","111","157","133","57"
"20202","11305603","번2동","337","160","177","0","43","44","94","106","50","0","18","23","41","50","28","0","25","21","53","56","22"
"20202","11305608","번3동","207","112","95","1","22","35","50","57","42","1","8","16","28","31","28","0","14","19","22","26","14"
"20202","11290780","장위3동","189","115","74","0","29","37","40","48","35","0","10","19","22","30","34","0","19","18","18","18","1"
"20202","11380632","신사2동","1019","718","301","0","113","199","262","256","189","0","89","136","154","171","168","0","24","63","108","85","21"
"20202","11350560","월계1동","1344","738","606","0","215","320","347","266","196","0","101","193","175","138","131","0","114","127","172","128","65"
"20202","11350700","상계8동","448","233","215","1","63","131","110","100","43","0","22","82","46","54","29","1","41","49","64","46","14"
"20202","11320521","도봉1동","1718","1138","580","0","63","192","393","617","453","0","7","98","230","445","358","0","56","94","163","172","95"
"20202","11410720","북가좌2동","1307","661","646","0","194","261","292","325","235","0","52","132","161","175","141","0","142","129","131","150","94"
"20202","11410615","연희동","8633","5661","2972","25","1367","2133","1866","2380","862","13","758","1421","1162","1706","601","12","609","712","704","674","261"
"20202","11440585","도화동","12438","7561","4877","18","2285","3031","3127","2774","1203","9","1194","2082","2060","1448","768","9","1091","949","1067","1326","435"
"20202","11350621","중계1동","982","540","442","2","129","215","294","244","98","2","54","117","156","134","77","0","75","98","138","110","21"
"20202","11380560","구산동","1608","857","751","2","195","302","359","506","244","0","73","133","172","315","164","2","122","169","187","191","80"
"20202","11440680","합정동","5349","3000","2349","4","886","1541","1390","985","543","3","350","756","877","638","376","1","536","785","513","347","167"
"20202","11410655","홍제2동","361","183","178","0","52","80","92","79","58","0","17","51","47","39","29","0","35","29","45","40","29"
"20202","11500510","염창동","2992","1389","1603","3","464","880","893","503","249","2","168","385","360","277","197","1","296","495","533","226","52"
"20202","11545640","독산4동","1482","844","638","0","181","250","318","353","380","0","105","150","190","173","226","0","76","100","128","180","154"
"20202","11620630","남현동","3384","2228","1156","0","563","844","918","657","402","0","309","566","644","430","279","0","254","278","274","227","123"
"20202","11620615","중앙동","1225","572","653","0","149","221","283","331","241","0","60","108","133","157","114","0","89","113","150","174","127"
"20202","11650520","서초2동","58613","38928","19685","130","12272","19335","14678","8974","3224","41","6696","13060","10098","6723","2310","89","5576","6275","4580","2251","914"
"20202","11680580","삼성1동","159167","107420","51747","379","32071","47730","42640","28254","8093","187","17237","31553","31455","22149","4839","192","14834","16177","11185","6105","3254"
"20202","11710531","거여1동","2854","2106","748","1","713","794","685","397","264","1","490","628","524","270","193","0","223","166","161","127","71"
"20202","11710562","방이2동","40875","23517","17358","68","6601","10478","9230","8701","5797","56","3711","6819","5659","4073","3199","12","2890","3659","3571","4628","2598"
"20202","11710641","문정1동","31693","24481","7212","1","2878","5915","9134","11966","1799","1","1693","4266","7104","10245","1172","0","1185","1649","2030","1721","627"
"20202","11710580","송파1동","9040","5658","3382","4","1289","2025","2248","1962","1512","1","554","1201","1467","1316","1119","3","735","824","781","646","393"
"20202","11710550","마천2동","1635","1032","603","0","158","383","451","418","225","0","95","239","255","249","194","0","63","144","196","169","31"
"20202","11680660","개포1동","2438","1498","940","10","381","646","635","505","261","4","172","357","438","341","186","6","209","289","197","164","75"
"20202","11740600","천호1동","1929","1116","813","1","183","363","480","454","448","0","73","188","245","267","343","1","110","175","235","187","105"
"20202","11710510","풍납1동","716","404","312","0","91","162","185","189","89","0","49","87","98","100","70","0","42","75","87","89","19"
"20202","11740550","고덕1동","1016","528","488","0","113","224","263","244","172","0","50","125","129","113","111","0","63","99","134","131","61"
"20202","11740650","성내2동","2007","1243","764","0","335","417","450","412","393","0","222","259","262","256","244","0","113","158","188","156","149"
"20202","11740660","성내3동","4156","2495","1661","4","590","933","1042","862","725","4","308","593","628","485","477","0","282","340","414","377","248"
"20202","11710710","잠실6동","51676","27541","24135","104","8225","13713","14738","13173","1723","34","3808","8429","8508","5465","1297","70","4417","5284","6230","7708","426"
"20202","11110650","혜화동","4395","2144","2251","4","722","1187","1064","874","544","4","247","576","564","452","301","0","475","611","500","422","243"
"20202","11140670","황학동","774","519","255","0","117","216","197","152","92","0","73","135","124","106","81","0","44","81","73","46","11"
"20202","11140580","장충동","7351","3888","3463","25","1689","2019","1903","1399","316","6","593","1134","1134","806","215","19","1096","885","769","593","101"
"20202","11215850","구의1동","3413","2039","1374","2","486","855","944","777","349","2","254","496","524","503","260","0","232","359","420","274","89"
"20202","11215860","구의2동","2134","1326","808","22","304","368","538","574","328","8","155","205","351","376","231","14","149","163","187","198","97"
"20243","11350630","상계1동","3429","2169","1260","0","398","714","820","873","624","0","236","478","532","538","385","0","162","236","288","335","239"
"20202","11215870","구의3동","9125","5563","3562","12","1072","1923","2205","2286","1627","3","615","1341","1499","1177","928","9","457","582","706","1109","699"
"20202","11215740","중곡1동","4120","2003","2117","48","1068","786","826","971","421","15","456","424","410","391","307","33","612","362","416","580","114"
"20202","11230750","이문2동","200","104","96","0","23","44","46","51","36","0","8","20","22","27","27","0","15","24","24","24","9"
"20202","11260550","면목5동","991","683","308","0","93","165","265","251","217","0","64","129","130","164","196","0","29","36","135","87","21"
"20202","11230730","휘경2동","1380","712","668","0","182","304","360","330","204","0","53","144","188","176","151","0","129","160","172","154","53"
"20202","11230710","회기동","179","87","92","0","19","41","46","43","30","0","5","16","22","20","24","0","14","25","24","23","6"
"20202","11260580","상봉1동","1704","1188","516","6","202","299","356","454","387","5","131","185","203","316","348","1","71","114","153","138","39"
"20202","11290810","석관동","2897","1908","989","2","248","439","544","584","1080","1","122","266","311","365","843","1","126","173","233","219","237"
"20202","11305595","번1동","2250","1326","924","0","274","457","451","584","484","0","118","280","273","375","280","0","156","177","178","209","204"
"20202","11290760","장위1동","505","264","241","0","91","105","118","107","84","0","42","59","59","52","52","0","49","46","59","55","32"
"20202","11350595","공릉1동","4836","2615","2221","0","501","746","1059","1343","1187","0","228","410","525","695","757","0","273","336","534","648","430"
"20202","11350600","공릉2동","820","375","445","0","136","206","202","192","84","0","42","93","92","94","54","0","94","113","110","98","30"
"20202","11380690","진관동","767","405","362","0","77","187","208","185","110","0","36","117","117","79","56","0","41","70","91","106","54"
"20202","11410660","홍은1동","2623","518","2105","0","93","191","713","1265","361","0","34","64","131","151","138","0","59","127","582","1114","223"
"20202","11410555","북아현동","1204","879","325","0","120","275","330","341","138","0","49","207","260","264","99","0","71","68","70","77","39"
"20202","11410565","충현동","11021","6826","4195","13","1390","2786","2904","2607","1321","8","654","1688","1842","1706","928","5","736","1098","1062","901","393"
"20202","11440660","서교동","26294","13454","12840","65","5497","7416","6104","4311","2901","51","2248","3708","3366","2280","1801","14","3249","3708","2738","2031","1100"
"20202","11470570","신월2동","1814","1052","762","2","150","292","492","496","382","2","85","173","255","264","273","0","65","119","237","232","109"
"20202","11500620","공항동","5401","2825","2576","0","906","1777","1480","1052","186","0","212","739","864","868","142","0","694","1038","616","184","44"
"20202","11530720","고척1동","2691","1903","788","0","239","547","706","821","378","0","126","363","492","616","306","0","113","184","214","205","72"
"20202","11530740","개봉1동","2776","1616","1160","1","245","594","668","732","536","1","127","331","343","416","398","0","118","263","325","316","138"
"20202","11500593","화곡8동","1848","1009","839","1","267","483","518","338","241","1","121","263","259","204","161","0","146","220","259","134","80"
"20202","11530790","수궁동","1792","1217","575","4","184","344","409","505","346","4","113","220","259","345","276","0","71","124","150","160","70"
"20202","11530770","오류1동","3354","2133","1221","2","433","625","820","976","498","1","309","422","496","563","342","1","124","203","324","413","156"
"20202","11545610","독산1동","11846","7593","4253","25","939","1621","1988","2588","4685","24","554","1076","1267","1593","3079","1","385","545","721","995","1606"
"20202","11560630","신길1동","2688","1182","1506","1","478","645","597","531","436","0","148","311","281","223","219","1","330","334","316","308","217"
"20202","11590620","사당1동","3764","1979","1785","0","633","931","1011","691","498","0","204","451","507","414","403","0","429","480","504","277","95"
"20202","11560650","신길3동","622","419","203","0","34","99","147","158","184","0","13","61","95","105","145","0","21","38","52","53","39"
"20202","11560620","양평2동","12582","7198","5384","19","2292","3431","3463","2170","1207","6","1002","2073","1961","1272","884","13","1290","1358","1502","898","323"
"20202","11620585","낙성대동","5211","2886","2325","2","846","1794","1120","796","653","1","382","943","589","465","506","1","464","851","531","331","147"
"20202","11620695","신림동","1706","1028","678","0","137","239","414","393","523","0","47","125","228","228","400","0","90","114","186","165","123"
"20202","11620595","청룡동","3302","1810","1492","0","539","936","792","748","287","0","212","473","440","487","198","0","327","463","352","261","89"
"20202","11620575","행운동","1996","1113","883","0","292","490","476","456","282","0","144","275","254","235","205","0","148","215","222","221","77"
"20202","11620625","인헌동","1416","819","597","0","291","410","357","223","135","0","135","254","211","116","103","0","156","156","146","107","32"
"20202","11590650","사당4동","1255","649","606","1","133","205","276","243","397","1","51","103","123","111","260","0","82","102","153","132","137"
"20202","11680590","삼성2동","58014","33339","24675","123","11688","18819","14737","8204","4443","48","4846","11071","9834","4616","2924","75","6842","7748","4903","3588","1519"
"20202","11650510","서초1동","41803","23403","18400","73","8762","10834","9210","10203","2721","24","3143","5837","5345","7072","1982","49","5619","4997","3865","3131","739"
"20202","11650651","양재1동","25511","16466","9045","336","5958","7047","5779","3804","2587","162","3026","4732","4077","2533","1936","174","2932","2315","1702","1271","651"
"20202","11680670","개포2동","5146","3374","1772","17","901","1463","1230","953","582","6","482","980","850","608","448","11","419","483","380","345","134"
"20202","11710632","가락2동","6848","4622","2226","3","913","1455","1358","1280","1839","3","541","996","900","768","1414","0","372","459","458","512","425"
"20202","11680650","역삼2동","48392","28688","19704","185","11140","13440","11498","8557","3572","73","5370","8610","7651","4473","2511","112","5770","4830","3847","4084","1061"
"20202","11710646","장지동","5460","3730","1730","3","586","872","1293","1443","1263","1","327","584","865","1015","938","2","259","288","428","428","325"
"20202","11740515","강일동","125","81","44","0","20","26","34","30","15","0","10","18","21","19","13","0","10","8","13","11","2"
"20243","11350695","상계6?7동","7209","3192","4017","0","1013","1698","1857","1839","802","0","263","648","838","992","451","0","750","1050","1019","847","351"
"20243","11350670","상계5동","866","436","430","0","5","39","150","247","425","0","1","27","59","107","242","0","4","12","91","140","183"
"20202","11740540","명일2동","2521","1726","795","2","292","719","677","536","295","2","150","508","491","344","231","0","142","211","186","192","64"
"20202","11710690","잠실4동","3061","2460","601","14","407","962","889","650","139","6","293","791","733","531","106","8","114","171","156","119","33"
"20202","11710670","잠실2동","3796","2532","1264","4","728","1103","995","758","208","4","457","774","676","500","121","0","271","329","319","258","87"
"20202","11710680","잠실3동","33924","23006","10918","167","6200","8498","8445","6422","4192","75","3231","5878","6253","4607","2962","92","2969","2620","2192","1815","1230"
"20202","11110670","창신1동","2120","926","1194","0","167","375","649","530","399","0","68","135","217","238","268","0","99","240","432","292","131"
"20202","11140625","다산동","6255","3937","2318","4","1113","1990","1507","1098","543","0","459","1366","1053","672","387","4","654","624","454","426","156"
"20202","11110600","가회동","11063","8229","2834","4","1188","3801","3323","2076","671","4","613","2795","2596","1709","512","0","575","1006","727","367","159"
"20202","11110580","교남동","713","422","291","1","80","184","190","147","111","0","28","93","113","100","88","1","52","91","77","47","23"
"20202","11110710","숭인2동","1662","856","806","2","248","293","392","398","329","1","76","140","219","239","181","1","172","153","173","159","148"
"20202","11110690","창신3동","99","46","53","0","11","27","25","26","10","0","4","11","12","13","6","0","7","16","13","13","4"
"20202","11140605","을지로동","15882","8650","7232","43","3845","3862","3459","2757","1916","4","1006","2126","2249","1917","1348","39","2839","1736","1210","840","568"
"20202","11170580","효창동","1251","709","542","0","167","314","351","278","141","0","80","183","209","140","97","0","87","131","142","138","44"
"20202","11200650","성수1가1동","2148","1345","803","0","278","451","477","568","374","0","127","282","306","386","244","0","151","169","171","182","130"
"20202","11200690","성수2가3동","22685","14557","8128","58","3728","5773","5674","4536","2916","50","2071","3861","3815","2739","2021","8","1657","1912","1859","1797","895"
"20202","11200535","왕십리도선동","3787","1736","2051","8","625","732","790","929","703","0","215","405","425","393","298","8","410","327","365","536","405"
"20202","11215830","자양2동","2177","1351","826","0","312","489","566","557","253","0","209","310","337","307","188","0","103","179","229","250","65"
"20202","11200560","행당1동","1608","1090","518","0","200","335","412","460","201","0","100","207","284","349","150","0","100","128","128","111","51"
"20202","11215780","능동","1369","854","515","0","193","320","356","278","222","0","95","190","227","170","172","0","98","130","129","108","50"
"20202","11230740","이문1동","1134","515","619","0","215","295","306","213","105","0","39","114","152","132","78","0","176","181","154","81","27"
"20202","11260655","망우본동","1589","830","759","1","173","293","358","485","279","0","55","110","167","266","232","1","118","183","191","219","47"
"20202","11215770","중곡4동","3137","1539","1598","0","541","763","802","729","302","0","157","352","389","395","246","0","384","411","413","334","56"
"20202","11290555","삼선동","4636","2321","2315","0","495","1113","1401","1158","469","0","170","480","674","727","270","0","325","633","727","431","199"
"20202","11290620","정릉1동","751","411","340","0","91","138","170","197","155","0","23","50","85","122","131","0","68","88","85","75","24"
"20202","11320670","쌍문2동","998","564","434","0","109","171","237","283","198","0","30","78","125","178","153","0","79","93","112","105","45"
"20202","11320680","쌍문3동","1107","517","590","0","239","252","263","263","90","0","55","116","136","147","63","0","184","136","127","116","27"
"20202","11320681","쌍문4동","160","82","78","0","18","37","44","41","20","0","5","17","22","22","16","0","13","20","22","19","4"
"20202","11320514","창4동","1594","1003","591","0","167","306","393","436","292","0","74","163","232","294","240","0","93","143","161","142","52"
"20202","11320515","창5동","5200","3289","1911","0","599","1162","1285","1099","1055","0","310","798","866","602","713","0","289","364","419","497","342"
"20202","11380631","신사1동","1161","624","537","0","119","243","268","289","242","0","48","121","147","137","171","0","71","122","121","152","71"
"20202","11350619","중계본동","921","446","475","2","107","186","230","260","136","2","51","94","99","118","82","0","56","92","131","142","54"
"20202","11350720","상계10동","344","145","199","0","53","73","92","98","28","0","11","31","36","47","20","0","42","42","56","51","8"
"20202","11380625","역촌동","3262","1576","1686","2","544","666","840","737","473","0","197","305","392","358","324","2","347","361","448","379","149"
"20202","11410690","남가좌1동","951","572","379","1","69","120","166","235","360","1","46","81","105","125","214","0","23","39","61","110","146"
"20202","11380650","수색동","242","153","89","0","30","66","59","48","39","0","15","42","36","30","30","0","15","24","23","18","9"
"20202","11440740","상암동","11981","7355","4626","28","2528","4343","3258","1353","471","12","1109","2738","2171","944","381","16","1419","1605","1087","409","90"
"20202","11440610","염리동","1979","1305","674","28","374","446","397","434","300","10","190","300","296","300","209","18","184","146","101","134","91"
"20202","11470590","신월4동","1289","874","415","0","68","160","302","413","346","0","30","86","176","277","305","0","38","74","126","136","41"
"20202","11470550","목5동","15306","9313","5993","56","2485","3954","3710","3201","1900","27","1145","2383","2342","2098","1318","29","1340","1571","1368","1103","582"
"20202","11500603","가양1동","1410","884","526","0","152","292","322","341","303","0","64","180","193","223","224","0","88","112","129","118","79"
"20202","11500530","등촌2동","2566","1515","1051","0","310","505","617","659","475","0","129","275","372","415","324","0","181","230","245","244","151"
"20202","11500535","등촌3동","13486","7148","6338","34","1668","2867","3012","3335","2570","17","730","1569","1768","1621","1443","17","938","1298","1244","1714","1127"
"20202","11530760","개봉3동","1537","922","615","1","206","380","390","331","229","1","101","233","233","184","170","0","105","147","157","147","59"
"20202","11530560","구로5동","12772","8068","4704","30","1789","2989","3320","2837","1807","23","1008","2063","2198","1681","1095","7","781","926","1122","1156","712"
"20202","11470620","신정1동","7889","4612","3277","31","1390","1978","1982","1678","830","31","578","1233","1188","976","606","0","812","745","794","702","224"
"20202","11545670","시흥1동","4261","2277","1984","1","594","1028","1013","1066","559","1","271","511","511","603","380","0","323","517","502","463","179"
"20202","11530510","신도림동","9462","6223","3239","20","1543","2936","2307","1716","940","10","644","2005","1665","1185","714","10","899","931","642","531","226"
"20202","11560720","대림3동","4922","3181","1741","3","511","1028","1264","1176","940","0","262","720","905","740","554","3","249","308","359","436","386"
"20202","11560540","여의동","192384","136520","55864","459","35370","68950","49462","29496","8647","172","19526","49287","38201","23479","5855","287","15844","19663","11261","6017","2792"
"20202","11590540","상도2동","992","509","483","0","119","231","263","240","139","0","51","121","141","120","76","0","68","110","122","120","63"
"20202","11620645","서원동","2333","963","1370","1","453","505","425","519","430","0","115","205","213","188","242","1","338","300","212","331","188"
"20202","11590605","흑석동","217","126","91","0","26","50","60","50","31","0","13","28","35","28","22","0","13","22","25","22","9"
"20202","11650660","내곡동","1650","1080","570","3","237","343","354","353","360","3","168","251","242","205","211","0","69","92","112","148","149"
"20202","11620665","서림동","1454","821","633","0","216","259","365","311","303","0","108","137","195","185","196","0","108","122","170","126","107"
"20202","11620655","신원동","628","362","266","0","62","135","158","155","118","0","33","74","95","92","68","0","29","61","63","63","50"
"20202","11680531","논현2동","51265","32713","18552","101","9820","14835","12344","8315","5850","25","4261","8868","8768","6309","4482","76","5559","5967","3576","2006","1368"
"20202","11680656","도곡2동","88264","60360","27904","422","16866","34690","25354","9139","1793","267","9010","23760","19491","6650","1182","155","7856","10930","5863","2489","611"
"20202","11650652","양재2동","30435","22816","7619","43","4044","7444","8543","8017","2344","25","2446","5476","6559","6537","1773","18","1598","1968","1984","1480","571"
"20202","11680690","개포4동","8263","5944","2319","0","1002","1869","2335","1984","1073","0","496","1250","1765","1545","888","0","506","619","570","439","185"
"20202","11680640","역삼1동","168845","99888","68957","434","34064","51371","43504","29454","10018","160","16299","32057","28395","15953","7024","274","17765","19314","15109","13501","2994"
"20202","11680750","수서동","15479","8167","7312","24","2206","4170","4162","3073","1844","14","988","2240","2183","1632","1110","10","1218","1930","1979","1441","734"
"20202","11710532","거여2동","1310","677","633","3","166","215","323","392","211","1","93","128","164","176","115","2","73","87","159","216","96"
"20202","11110640","이화동","1569","867","702","0","237","398","400","332","202","0","74","183","234","222","154","0","163","215","166","110","48"
"20202","11710590","송파2동","5656","3577","2079","19","893","1401","1483","1351","509","16","433","890","1069","848","321","3","460","511","414","503","188"
"20202","11710600","석촌동","9563","6332","3231","2","1160","2182","2234","1969","2016","2","662","1579","1516","1161","1412","0","498","603","718","808","604"
"20202","11110550","부암동","1514","840","674","1","255","440","405","292","121","0","104","243","233","176","84","1","151","197","172","116","37"
"20202","11170650","이태원1동","22194","9721","12473","15","6513","8556","4317","2120","673","9","1671","3592","2389","1540","520","6","4842","4964","1928","580","153"
"20202","11140650","신당5동","768","406","362","0","81","169","194","177","147","0","35","75","99","94","103","0","46","94","95","83","44"
"20202","11140520","소공동","94203","50043","44160","490","27265","29761","20737","12450","3500","137","8857","14809","14799","9103","2338","353","18408","14952","5938","3347","1162"
"20202","11200615","금호2?3가동","447","239","208","0","44","79","106","106","112","0","6","32","53","62","86","0","38","47","53","44","26"
"20202","11200580","응봉동","583","239","344","1","140","156","129","97","60","0","32","54","59","49","45","1","108","102","70","48","15"
"20202","11230600","답십리1동","2044","978","1066","0","296","420","572","545","211","0","201","282","206","147","142","0","95","138","366","398","69"
"20202","11260540","면목4동","769","580","189","0","43","123","214","289","100","0","19","80","149","244","88","0","24","43","65","45","12"
"20202","11230570","전농2동","1183","619","564","0","133","250","315","317","168","0","54","117","169","165","114","0","79","133","146","152","54"
"20202","11290685","길음2동","453","189","264","1","46","89","122","128","67","1","19","35","57","45","32","0","27","54","65","83","35"
"20202","11290580","돈암1동","103","48","55","0","29","32","22","14","6","0","7","16","12","8","5","0","22","16","10","6","1"
"20202","11290705","종암동","15832","8326","7506","29","1338","4000","5589","4522","354","1","573","1466","2553","3520","213","28","765","2534","3036","1002","141"
"20202","11305555","송천동","926","463","463","0","57","147","197","245","280","0","14","66","89","140","154","0","43","81","108","105","126"
"20202","11290770","장위2동","770","466","304","0","59","130","186","188","207","0","17","64","106","117","162","0","42","66","80","71","45"
"20202","11290640","정릉3동","427","302","125","0","65","133","105","72","52","0","37","96","77","55","37","0","28","37","28","17","15"
"20202","11320660","쌍문1동","812","383","429","0","94","129","224","226","139","0","20","44","85","117","117","0","74","85","139","109","22"
"20202","11350640","상계2동","2183","1063","1120","0","289","371","551","564","408","0","101","207","261","270","224","0","188","164","290","294","184"
"20202","11350665","상계3?4동","652","468","184","0","30","52","164","248","158","0","10","26","106","190","136","0","20","26","58","58","22"
"20202","11350710","상계9동","1010","640","370","1","131","253","251","285","89","1","71","161","148","190","69","0","60","92","103","95","20"
"20202","11440565","공덕동","9194","5298","3896","38","2044","2501","2467","1614","530","12","815","1325","1571","1195","380","26","1229","1176","896","419","150"
"20202","11350624","중계4동","1169","639","530","4","112","238","276","310","229","3","41","114","145","162","174","1","71","124","131","148","55"
"20202","11470560","신월1동","2132","1379","753","0","199","347","491","700","395","0","106","214","299","466","294","0","93","133","192","234","101"
"20202","11470610","신월6동","811","475","336","0","86","151","184","222","168","0","34","77","101","125","138","0","52","74","83","97","30"
"20202","11500605","가양3동","245","157","88","0","42","54","68","51","30","0","27","36","44","30","20","0","15","18","24","21","10"
"20202","11500520","등촌1동","5201","3120","2081","6","1046","1343","1150","936","720","4","386","847","793","610","480","2","660","496","357","326","240"
"20202","11500550","화곡2동","1437","869","568","0","174","396","375","349","143","0","102","260","228","183","96","0","72","136","147","166","47"
"20202","11500560","화곡3동","3751","2313","1438","3","511","909","962","866","500","2","275","606","582","487","361","1","236","303","380","379","139"
"20202","11500591","화곡6동","7410","4703","2707","12","1049","1974","1894","1680","801","1","520","1256","1209","1112","605","11","529","718","685","568","196"
"20202","11530780","오류2동","695","426","269","0","71","157","180","178","109","0","30","88","107","114","87","0","41","69","73","64","22"
"20202","11545700","시흥4동","1232","741","491","5","194","254","353","301","125","5","118","176","212","139","91","0","76","78","141","162","34"
"20202","11545620","독산2동","1367","766","601","0","176","281","317","390","203","0","94","132","158","227","155","0","82","149","159","163","48"
"20202","11530595","가리봉동","899","418","481","0","76","149","212","194","268","0","32","69","96","76","145","0","44","80","116","118","123"
"20202","11560560","당산2동","11843","7942","3901","22","1854","2662","2874","2614","1817","10","948","1663","2004","1919","1398","12","906","999","870","695","419"
"20202","11590630","사당2동","1976","1093","883","1","315","579","535","370","176","0","152","354","318","171","98","1","163","225","217","199","78"
"20202","11560670","신길5동","793","383","410","0","76","170","259","196","92","0","35","79","93","99","77","0","41","91","166","97","15"
"20202","11560680","신길6동","1813","1134","679","0","195","434","475","398","311","0","97","268","285","249","235","0","98","166","190","149","76"
"20202","11590670","신대방1동","3893","2467","1426","7","746","1246","906","622","366","6","380","803","626","407","245","1","366","443","280","215","121"
"20202","11545680","시흥2동","748","443","305","0","75","149","189","224","111","0","44","85","107","131","76","0","31","64","82","93","35"
"20202","11590530","상도1동","3561","2063","1498","0","550","881","868","790","472","0","235","492","524","490","322","0","315","389","344","300","150"
"20202","11650540","잠원동","13663","7914","5749","47","2846","4027","3372","2101","1270","25","1123","2355","2234","1316","861","22","1723","1672","1138","785","409"
"20202","11620545","청림동","444","253","191","0","67","148","146","65","18","0","29","82","88","42","12","0","38","66","58","23","6"
"20202","11650560","반포1동","6436","3951","2485","3","1174","2135","1609","985","530","0","554","1394","1069","547","387","3","620","741","540","438","143"
"20202","11650570","반포2동","1948","1160","788","4","326","604","506","327","181","2","143","365","326","197","127","2","183","239","180","130","54"
"20202","11710642","문정2동","30105","18925","11180","56","4311","9160","9228","5331","2019","25","2064","5171","6327","4081","1257","31","2247","3989","2901","1250","762"
"20243","11350570","월계2동","21","10","11","0","2","5","6","6","2","0","0","2","3","3","2","0","2","3","3","3","0"
"20202","11680565","청담동","54591","31246","23345","143","11348","18058","13560","8194","3288","56","4266","10308","8912","5409","2295","87","7082","7750","4648","2785","993"
"20202","11680600","대치1동","16783","8940","7843","30","3070","5477","4182","2611","1413","11","1153","2718","2365","1670","1023","19","1917","2759","1817","941","390"
"20202","11740685","길동","8576","4357","4219","5","1235","1710","1937","2087","1602","4","484","910","1033","962","964","1","751","800","904","1125","638"
"20202","11710566","오륜동","13441","7789","5652","25","2177","4063","3488","2691","997","8","877","2114","2243","1782","765","17","1300","1949","1245","909","232"
"20202","11110615","종로1?2?3?4가동","116875","64403","52472","1676","23688","35525","32006","18343","5637","717","10323","17834","18759","12922","3848","959","13365","17691","13247","5421","1789"
"20202","11140665","동화동","1183","535","648","0","188","287","312","249","147","0","50","98","151","138","98","0","138","189","161","111","49"
"20202","11140550","명동","123928","71739","52189","151","20262","41748","33631","22016","6120","50","8100","21531","21683","16239","4136","101","12162","20217","11948","5777","1984"
"20202","11110530","사직동","44477","27846","16631","37","5864","12589","13409","8809","3769","8","2453","7735","9175","6159","2316","29","3411","4854","4234","2650","1453"
"20202","11140540","회현동","74892","46291","28601","234","14028","26412","20476","10879","2863","75","6553","15764","13340","8559","2000","159","7475","10648","7136","2320","863"
"20202","11170530","남영동","16176","6814","9362","130","6152","3987","3084","2068","755","9","1154","2142","1834","1110","565","121","4998","1845","1250","958","190"
"20202","11140570","필동","11974","5624","6350","14","1726","3032","3695","2620","887","4","583","1498","1736","1230","573","10","1143","1534","1959","1390","314"
"20202","11200590","금호1가동","1349","500","849","9","158","439","552","151","40","0","49","146","218","59","28","9","109","293","334","92","12"
"20202","11170520","용산2가동","583","422","161","0","35","97","217","207","27","0","13","53","171","165","20","0","22","44","46","42","7"
"20202","11260575","면목3?8동","1713","1076","637","0","158","303","438","479","335","0","50","156","260","348","262","0","108","147","178","131","73"
"20202","11230720","휘경1동","902","535","367","0","100","174","224","234","170","0","37","100","144","160","94","0","63","74","80","74","76"
"20202","11290575","동선동","2112","1056","1056","4","278","440","479","535","376","3","96","192","234","293","238","1","182","248","245","242","138"
"20202","11305615","수유1동","1218","548","670","0","119","216","318","362","203","0","30","86","134","155","143","0","89","130","184","207","60"
"20202","11350695","상계6?7동","3980","1760","2220","4","559","940","1022","1013","442","3","147","355","456","553","246","1","412","585","566","460","196"
"20202","11380552","갈현2동","2994","1539","1455","0","300","594","794","803","503","0","139","332","374","358","336","0","161","262","420","445","167"
"20202","11350611","하계1동","554","351","203","0","64","116","139","160","75","0","31","66","83","113","58","0","33","50","56","47","17"
"20202","11380530","불광2동","2110","1016","1094","0","116","284","342","444","924","0","39","146","137","181","513","0","77","138","205","263","411"
"20202","11380600","응암3동","1607","782","825","0","167","379","454","388","219","0","62","188","211","176","145","0","105","191","243","212","74"
"20202","11380590","응암2동","435","282","153","0","54","59","98","126","98","0","32","32","58","75","85","0","22","27","40","51","13"
"20202","11350580","월계3동","190","95","95","0","21","34","50","55","30","0","8","17","23","29","18","0","13","17","27","26","12"
"20202","11410710","북가좌1동","422","333","89","0","7","20","48","88","259","0","3","8","22","59","241","0","4","12","26","29","18"
"20202","11410585","신촌동","2172","1143","1029","0","335","580","554","467","236","0","126","252","285","306","174","0","209","328","269","161","62"
"20202","11440600","대흥동","3225","1589","1636","16","1291","732","475","448","263","2","502","379","258","270","178","14","789","353","217","178","85"
"20202","11440555","아현동","5728","3145","2583","8","1089","1837","1624","974","196","3","471","1027","911","593","140","5","618","810","713","381","56"
"20202","11470540","목4동","2011","1221","790","0","244","444","580","502","241","0","95","266","345","321","194","0","149","178","235","181","47"
"20202","11500611","발산1동","2302","1331","971","2","156","344","609","738","453","1","70","173","291","428","368","1","86","171","318","310","85"
"20202","11500630","방화1동","4187","3299","888","0","438","892","1027","1199","631","0","319","733","825","997","425","0","119","159","202","202","206"
"20202","11530750","개봉2동","5442","2689","2753","22","956","1321","1293","1292","558","10","544","841","571","432","291","12","412","480","722","860","267"
"20202","11545710","시흥5동","1359","804","555","7","192","316","346","282","216","6","100","210","206","145","137","1","92","106","140","137","79"
"20202","11560550","당산1동","6754","4052","2702","2","1145","1912","1502","1247","946","1","454","1069","941","873","714","1","691","843","561","374","232"
"20202","11560585","도림동","706","455","251","1","57","118","176","186","168","1","24","74","113","119","124","0","33","44","63","67","44"
"20202","11590520","노량진2동","4451","2310","2141","7","705","1303","1081","906","449","1","368","567","500","581","293","6","337","736","581","325","156"
"20202","11590660","대방동","7997","5308","2689","4","1342","2172","1870","1787","822","1","715","1484","1301","1286","521","3","627","688","569","501","301"
"20202","11620565","성현동","1543","587","956","11","218","271","353","467","223","6","100","142","160","127","52","5","118","129","193","340","171"
"20202","11620725","조원동","2959","1843","1116","0","561","720","720","635","323","0","258","469","461","426","229","0","303","251","259","209","94"
"20202","11590651","사당5동","1460","785","675","0","180","358","442","349","131","0","80","167","228","196","114","0","100","191","214","153","17"
"20202","11650530","서초3동","58156","34532","23624","141","9986","17421","14896","10606","5106","63","4230","10148","9527","6917","3647","78","5756","7273","5369","3689","1459"
"20202","11680700","세곡동","471","271","200","0","40","82","96","135","118","0","18","41","55","80","77","0","22","41","41","55","41"
"20202","11710631","가락1동","5894","4120","1774","0","403","1097","1622","1689","1083","0","270","840","1194","1107","709","0","133","257","428","582","374"
"20202","11710570","오금동","22928","16059","6869","17","3029","5459","5793","5528","3102","13","1773","3692","4283","4189","2109","4","1256","1767","1510","1339","993"
"20202","11740580","암사2동","1930","706","1224","1","197","320","454","579","379","1","71","149","183","167","135","0","126","171","271","412","244"
"20202","11740620","천호3동","1366","779","587","0","72","149","229","246","670","0","25","68","114","125","447","0","47","81","115","121","223"
"20202","11740640","성내1동","13172","8952","4220","18","1558","2756","2833","3403","2604","5","903","1718","1857","2460","2009","13","655","1038","976","943","595"
"20202","11110630","종로5?6가동","22052","13772","8280","565","5126","6357","5417","3344","1243","152","2122","4096","3964","2573","865","413","3004","2261","1453","771","378"
"20202","11110700","숭인1동","307","140","167","0","59","67","68","68","45","0","10","28","34","36","32","0","49","39","34","32","13"
"20202","11170590","용문동","2388","1377","1011","1","468","651","656","443","169","1","195","382","387","297","115","0","273","269","269","146","54"
"20202","11170685","한남동","35228","25774","9454","91","5790","10427","9250","8090","1580","63","2747","6946","7505","7247","1266","28","3043","3481","1745","843","314"
"20202","11170640","이촌2동","1547","1055","492","0","219","429","459","337","103","0","100","271","346","262","76","0","119","158","113","75","27"
"20202","11200720","송정동","878","540","338","0","123","207","222","176","150","0","60","129","124","106","121","0","63","78","98","70","29"
"20202","11230536","용신동","19195","9941","9254","10","2310","4277","4753","4730","3115","5","1097","2448","2507","2167","1717","5","1213","1829","2246","2563","1398"
"20202","11215750","중곡2동","2261","1295","966","0","304","455","580","538","384","0","191","264","305","284","251","0","113","191","275","254","133"
"20202","11260620","묵1동","912","430","482","0","93","210","271","220","118","0","33","98","120","99","80","0","60","112","151","121","38"
"20202","11260630","묵2동","1390","950","440","0","199","345","331","381","134","0","114","236","220","281","99","0","85","109","111","100","35"
"20202","11260690","신내2동","464","257","207","0","62","117","114","114","57","0","26","55","59","73","44","0","36","62","55","41","13"
"20202","11260680","신내1동","1973","942","1031","0","348","429","363","524","309","0","92","182","173","258","237","0","256","247","190","266","72"
"20202","11305625","수유2동","1248","662","586","0","41","79","239","380","509","0","6","41","153","260","202","0","35","38","86","120","307"
"20202","11320700","방학2동","810","370","440","0","68","162","199","164","217","0","27","81","91","81","90","0","41","81","108","83","127"
"20202","11350630","상계1동","3699","2347","1352","3","423","765","901","942","665","3","243","520","584","587","410","0","180","245","317","355","255"
"20202","11320513","창3동","624","332","292","0","50","130","205","167","72","0","8","76","121","79","48","0","42","54","84","88","24"
"20202","11350670","상계5동","1190","589","601","0","60","128","202","307","493","0","23","68","87","136","275","0","37","60","115","171","218"
"20202","11380551","갈현1동","2296","1176","1120","2","393","536","541","504","320","2","158","281","272","256","207","0","235","255","269","248","113"
"20202","11380570","대조동","2231","1096","1135","1","270","473","606","513","368","1","99","231","286","228","251","0","171","242","320","285","117"
"20202","11440590","용강동","10604","6283","4321","6","1554","2616","2509","2100","1819","5","750","1545","1656","1219","1108","1","804","1071","853","881","711"
"20202","11440710","연남동","2839","1750","1089","0","450","674","698","606","411","0","200","363","415","418","354","0","250","311","283","188","57"
"20202","11440720","성산1동","4650","3081","1569","5","592","970","1071","906","1106","5","290","602","678","631","875","0","302","368","393","275","231"
"20202","11470600","신월5동","1632","904","728","1","199","406","411","416","199","1","89","203","214","245","152","0","110","203","197","171","47"
"20202","11470530","목3동","1685","928","757","0","216","373","447","406","243","0","108","217","240","207","156","0","108","156","207","199","87"
"20202","11410640","홍제3동","875","434","441","0","78","112","174","229","282","0","25","44","82","119","164","0","53","68","92","110","118"
"20202","11500641","방화3동","2527","1628","899","1","246","538","634","695","413","1","124","284","392","487","340","0","122","254","242","208","73"
"20202","11530550","구로4동","1713","983","730","0","178","336","430","428","341","0","80","186","236","236","245","0","98","150","194","192","96"
"20202","11560610","양평1동","8907","5158","3749","32","1764","2051","1970","1787","1303","14","902","1310","1174","917","841","18","862","741","796","870","462"
"20202","11560515","영등포본동","4029","2291","1738","15","574","993","1033","976","438","6","247","503","593","610","332","9","327","490","440","366","106"
"20202","11590680","신대방2동","12684","8075","4609","27","2313","2647","2375","2964","2358","16","1750","2029","1515","1512","1253","11","563","618","860","1452","1105"
"20202","11620685","신사동","3698","2518","1180","0","591","1068","1075","668","296","0","256","723","839","505","195","0","335","345","236","163","101"
"20202","11620765","미성동","3064","1812","1252","9","292","537","728","805","693","8","185","316","409","416","478","1","107","221","319","389","215"
"20202","11650610","방배2동","12555","6119","6436","18","2116","3209","3443","2419","1350","3","739","1441","1595","1428","913","15","1377","1768","1848","991","437"
"20202","11650620","방배3동","14532","9510","5022","85","2270","4325","3925","2367","1560","26","1153","2713","2823","1629","1166","59","1117","1612","1102","738","394"
"20202","11650590","방배본동","22144","12260","9884","89","4146","5712","5885","3957","2355","62","1410","2986","3427","2569","1806","27","2736","2726","2458","1388","549"
"20202","11590640","사당3동","919","543","376","0","108","205","249","216","141","0","40","112","156","129","106","0","68","93","93","87","35"
"20202","11680630","대치4동","33175","20389","12786","131","5321","9871","9013","5633","3206","12","2289","5975","6167","3950","1996","119","3032","3896","2846","1683","1210"
"20202","11680545","압구정동","40822","22984","17838","223","9084","12764","9380","6106","3265","85","3367","7173","6312","4021","2026","138","5717","5591","3068","2085","1239"
"20202","11680521","논현1동","40704","23806","16898","116","10638","12233","8657","5627","3433","42","4526","7272","5837","3631","2498","74","6112","4961","2820","1996","935"
"20202","11710620","가락본동","25135","15183","9952","57","3410","6042","5753","4911","4962","22","1634","3773","3850","2845","3059","35","1776","2269","1903","2066","1903"
"20202","11680730","일원1동","1708","931","777","0","231","321","388","373","395","0","101","170","201","195","264","0","130","151","187","178","131"
"20202","11740700","둔촌2동","2842","1279","1563","0","540","744","611","589","358","0","155","308","304","281","231","0","385","436","307","308","127"
"20202","11710520","풍납2동","531","261","270","0","116","182","132","80","21","0","32","95","69","49","16","0","84","87","63","31","5"
"20203","11560700","대림1동","1494","570","924","0","489","344","306","249","106","0","99","121","150","126","74","0","390","223","156","123","32"
"20203","11560710","대림2동","3767","1911","1856","9","701","901","838","576","742","2","270","476","362","321","480","7","431","425","476","255","262"
"20203","11560690","신길7동","2410","1649","761","1","282","461","548","691","427","1","176","313","369","442","348","0","106","148","179","249","79"
"20203","11590550","상도3동","887","505","382","0","73","179","236","209","190","0","41","119","140","104","101","0","32","60","96","105","89"
"20203","11620775","난곡동","991","549","442","0","98","204","244","293","152","0","39","106","122","166","116","0","59","98","122","127","36"
"20203","11620735","대학동","939","712","227","0","126","232","275","232","74","0","74","163","220","189","66","0","52","69","55","43","8"
"20203","11620715","난향동","544","264","280","0","64","118","151","118","93","0","17","53","61","60","73","0","47","65","90","58","20"
"20203","11680610","대치2동","85188","47669","37519","484","15475","23451","19634","16079","10065","213","7126","14365","12628","8299","5038","271","8349","9086","7006","7780","5027"
"20203","11680655","도곡1동","31446","22284","9162","69","5375","7320","8764","7956","1962","54","2727","4798","6593","6518","1594","15","2648","2522","2171","1438","368"
"20203","11650581","반포4동","58955","52025","6930","40","5899","12511","15897","21917","2691","17","4473","10414","14108","20829","2184","23","1426","2097","1789","1088","507"
"20203","11650600","방배1동","18441","12190","6251","85","3639","5661","4470","3357","1229","59","1727","3453","3295","2744","912","26","1912","2208","1175","613","317"
"20203","11650580","반포3동","3165","1765","1400","7","501","804","700","633","520","3","212","474","463","367","246","4","289","330","237","266","274"
"20203","11650550","반포본동","11263","6137","5126","17","1863","3718","3220","1927","518","10","682","2030","1805","1206","404","7","1181","1688","1415","721","114"
"20203","11710561","방이1동","8614","6296","2318","17","901","1671","2260","2297","1468","12","428","1062","1685","1844","1265","5","473","609","575","453","203"
"20203","11710610","삼전동","4176","2822","1354","0","495","953","941","838","949","0","284","625","619","514","780","0","211","328","322","324","169"
"20203","11710540","마천1동","622","307","315","0","67","134","182","169","70","0","25","64","88","80","50","0","42","70","94","89","20"
"20203","11740610","천호2동","3320","1717","1603","5","411","704","817","775","608","4","166","331","406","386","424","1","245","373","411","389","184"
"20203","11740570","암사1동","2792","1708","1084","0","358","594","588","565","687","0","173","390","372","383","390","0","185","204","216","182","297"
"20203","11740530","명일1동","3780","2107","1673","0","558","1014","952","685","571","0","260","609","622","350","266","0","298","405","330","335","305"
"20203","11110680","창신2동","243","72","171","0","10","22","67","91","53","0","0","4","21","29","18","0","10","18","46","62","35"
"20203","11110570","무악동","451","124","327","3","127","127","110","58","26","3","27","25","35","19","15","0","100","102","75","39","11"
"20203","11110540","삼청동","3911","3185","726","0","483","1033","1218","924","253","0","309","792","1036","828","220","0","174","241","182","96","33"
"20203","11170660","이태원2동","1112","629","483","0","185","367","287","176","97","0","86","205","156","97","85","0","99","162","131","79","12"
"20203","11200670","성수2가1동","7914","5023","2891","67","1801","2274","1809","1289","674","36","814","1473","1234","913","553","31","987","801","575","376","121"
"20203","11200645","옥수동","1764","681","1083","0","449","525","399","268","123","0","112","194","185","126","64","0","337","331","214","142","59"
"20203","11200520","왕십리2동","1070","635","435","0","151","269","305","230","115","0","75","142","188","143","87","0","76","127","117","87","28"
"20203","11230610","답십리2동","2483","1819","664","10","403","567","574","503","426","10","301","435","418","347","308","0","102","132","156","156","118"
"20203","11230650","장안1동","9958","6284","3674","13","1352","1959","2159","2188","2287","13","813","1259","1348","1322","1529","0","539","700","811","866","758"
"20203","11230660","장안2동","5242","2815","2427","20","1611","1015","1055","978","563","16","838","580","488","476","417","4","773","435","567","502","146"
"20203","11260570","면목7동","946","517","429","0","112","176","232","261","165","0","35","79","121","150","132","0","77","97","111","111","33"
"20203","11320690","방학1동","3094","1795","1299","1","311","681","761","927","413","1","167","396","394","527","310","0","144","285","367","400","103"
"20203","11290660","길음1동","3041","1484","1557","203","1064","745","509","329","191","86","458","391","251","152","146","117","606","354","258","177","45"
"20203","11290610","보문동","3276","2486","790","0","312","971","690","690","613","0","171","778","553","553","431","0","141","193","137","137","182"
"20203","11290715","월곡1동","1385","849","536","0","94","174","284","300","533","0","32","82","150","198","387","0","62","92","134","102","146"
"20203","11290600","안암동","1991","1311","680","0","268","526","564","435","198","0","135","333","367","312","164","0","133","193","197","123","34"
"20203","11320512","창2동","1231","698","533","0","142","279","337","291","182","0","65","166","185","148","134","0","77","113","152","143","48"
"20203","11320511","창1동","837","384","453","0","116","170","221","227","103","0","46","66","100","108","64","0","70","104","121","119","39"
"20203","11350570","월계2동","163","78","85","0","19","35","45","46","18","0","7","13","21","24","13","0","12","22","24","22","5"
"20203","11320522","도봉2동","748","480","268","0","37","92","130","190","299","0","14","46","73","126","221","0","23","46","57","64","78"
"20203","11320710","방학3동","1081","647","434","3","183","246","252","249","148","3","116","140","159","120","109","0","67","106","93","129","39"
"20203","11380580","응암1동","2343","1308","1035","0","243","393","556","546","605","0","111","185","293","279","440","0","132","208","263","267","165"
"20203","11410620","홍제1동","1698","876","822","0","182","254","432","588","242","0","55","117","226","329","149","0","127","137","206","259","93"
"20203","11440690","망원1동","2980","1659","1321","3","818","824","621","438","276","0","474","442","300","264","179","3","344","382","321","174","97"
"20203","11410520","천연동","1096","594","502","0","97","180","283","380","156","0","34","81","159","223","97","0","63","99","124","157","59"
"20203","11380510","녹번동","2744","1454","1290","0","314","646","738","728","318","0","149","313","355","427","210","0","165","333","383","301","108"
"20203","11470580","신월3동","1121","648","473","0","109","205","257","340","210","0","38","85","137","214","174","0","71","120","120","126","36"
"20203","11440730","성산2동","1375","617","758","1","128","255","367","424","200","1","44","126","164","166","116","0","84","129","203","258","84"
"20203","11470520","목2동","2860","1599","1261","0","391","696","763","654","356","0","183","382","424","379","231","0","208","314","339","275","125"
"20203","11470680","신정7동","405","241","164","0","46","98","124","92","45","0","21","55","75","57","33","0","25","43","49","35","12"
"20203","11500540","화곡1동","4483","2513","1970","1","469","916","1118","1252","727","1","217","528","608","708","451","0","252","388","510","544","276"
"20203","11500570","화곡4동","2206","977","1229","0","519","601","447","414","225","0","116","260","217","220","164","0","403","341","230","194","61"
"20203","11500640","방화2동","2319","1512","807","3","241","448","526","608","493","3","133","270","340","390","376","0","108","178","186","218","117"
"20203","11530540","구로3동","51508","33744","17764","190","10703","17329","13040","6414","3832","126","5411","11489","9183","4470","3065","64","5292","5840","3857","1944","767"
"20203","11500590","화곡본동","2282","1292","990","0","246","455","556","547","478","0","89","252","317","287","347","0","157","203","239","260","131"
"20203","11470611","신월7동","2779","1824","955","0","297","458","567","666","791","0","220","351","372","404","477","0","77","107","195","262","314"
"20203","11470630","신정2동","11584","6645","4939","43","2079","3748","3094","2042","578","18","844","2064","1918","1350","451","25","1235","1684","1176","692","127"
"20203","11530530","구로2동","11964","7355","4609","30","1450","2769","2976","2995","1744","15","678","1636","1783","1965","1278","15","772","1133","1193","1030","466"
"20203","11560605","문래동","57767","41893","15874","91","8919","18849","17779","9120","3009","34","4971","14334","14518","6158","1878","57","3948","4515","3261","2962","1131"
"20203","11545630","독산3동","3618","2582","1036","1","301","555","639","698","1424","0","159","329","345","419","1330","1","142","226","294","279","94"
"20203","11560660","신길4동","593","295","298","0","99","141","152","140","61","0","36","64","73","77","45","0","63","77","79","63","16"
"20203","11560535","영등포동","13344","7468","5876","17","2458","3330","3157","2626","1756","3","916","1862","1969","1550","1168","14","1542","1468","1188","1076","588"
"20203","11590560","상도4동","1118","665","453","0","152","252","274","280","160","0","74","148","164","197","82","0","78","104","110","83","78"
"20203","11590510","노량진1동","4261","2390","1871","7","559","1015","1069","1016","595","6","238","581","650","551","364","1","321","434","419","465","231"
"20203","11620745","삼성동","879","491","388","0","93","182","237","235","132","0","40","90","126","128","107","0","53","92","111","107","25"
"20203","11620525","보라매동","1634","839","795","4","217","366","385","406","256","1","90","186","198","192","172","3","127","180","187","214","84"
"20203","11650621","방배4동","15638","9663","5975","28","2699","4318","3888","2993","1712","11","1142","2544","2639","2093","1234","17","1557","1774","1249","900","478"
"20203","11620605","은천동","1054","505","549","1","144","196","219","292","202","0","50","92","113","133","117","1","94","104","106","159","85"
"20203","11650531","서초4동","34217","19563","14654","122","6684","10471","8595","6060","2285","57","2541","5983","5574","3799","1609","65","4143","4488","3021","2261","676"
"20203","11680510","신사동","26882","16013","10869","72","5590","8117","6819","4099","2185","27","2169","4956","4566","2679","1616","45","3421","3161","2253","1420","569"
"20203","11710650","잠실본동","9082","5802","3280","26","1236","1738","2126","2013","1943","0","551","1059","1331","1386","1475","26","685","679","795","627","468"
"20203","11740560","고덕2동","1088","690","398","0","64","144","232","381","267","0","13","64","134","263","216","0","51","80","98","118","51"
"20203","11740520","상일동","1247","629","618","0","177","282","310","332","146","0","59","141","186","151","92","0","118","141","124","181","54"
"20203","11110515","청운효자동","6476","4168","2308","27","1182","1871","1798","1145","453","0","516","1171","1341","827","313","27","666","700","457","318","140"
"20203","11140590","광희동","55742","27778","27964","552","16017","14709","11448","8810","4206","233","7786","8562","6632","2988","1577","319","8231","6147","4816","5822","2629"
"20203","11170700","보광동","565","286","279","0","67","121","148","143","86","0","8","59","77","82","60","0","59","62","71","61","26"
"20203","11140615","신당동","5611","3022","2589","48","1593","1194","1056","1028","692","15","710","623","543","659","472","33","883","571","513","369","220"
"20203","11170570","원효로2동","2765","1990","775","6","435","834","773","441","276","3","249","597","593","329","219","3","186","237","180","112","57"
"20203","11170690","서빙고동","7218","4732","2486","14","1282","2153","2221","1142","406","5","614","1259","1623","912","319","9","668","894","598","230","87"
"20203","11170625","한강로동","42930","21198","21732","139","8770","13384","12241","6306","2090","66","3572","6265","6088","3835","1372","73","5198","7119","6153","2471","718"
"20203","11140635","약수동","10940","4230","6710","28","1760","4090","3031","1500","531","3","535","1440","1005","861","386","25","1225","2650","2026","639","145"
"20203","11140645","청구동","1894","1043","851","0","277","508","445","405","259","0","93","264","285","252","149","0","184","244","160","153","110"
"20203","11200660","성수1가2동","5342","3658","1684","12","855","1093","1126","1156","1100","8","506","725","727","817","875","4","349","368","399","339","225"
"20203","11215847","자양4동","849","554","295","0","58","126","206","223","236","0","25","70","122","143","194","0","33","56","84","80","42"
"20203","11215810","광장동","5066","3074","1992","49","1574","1332","984","777","350","14","754","860","666","522","258","35","820","472","318","255","92"
"20203","11215840","자양3동","2008","1444","564","3","240","518","560","505","182","1","148","365","415","372","143","2","92","153","145","133","39"
"20203","11200620","금호4가동","691","412","279","0","75","158","190","169","99","0","28","81","124","105","74","0","47","77","66","64","25"
"20203","11230545","제기동","4848","2895","1953","0","639","1192","1184","1027","806","0","267","705","753","606","564","0","372","487","431","421","242"
"20203","11230705","청량리동","2822","1510","1312","0","501","812","543","529","437","0","188","466","307","300","249","0","313","346","236","229","188"
"20203","11215760","중곡3동","860","548","312","0","99","210","237","196","118","0","54","150","139","124","81","0","45","60","98","72","37"
"20203","11260565","면목본동","1335","729","606","0","165","306","358","327","179","0","55","154","190","190","140","0","110","152","168","137","39"
"20203","11260600","중화1동","1187","626","561","0","135","257","306","284","205","0","49","104","149","157","167","0","86","153","157","127","38"
"20203","11260610","중화2동","864","500","364","0","95","122","228","197","222","0","47","56","114","114","169","0","48","66","114","83","53"
"20203","11290590","돈암2동","431","262","169","1","66","103","137","78","46","0","31","62","91","57","21","1","35","41","46","21","25"
"20203","11290525","성북동","15551","11848","3703","13","2033","3821","4511","4499","674","2","1126","2665","3578","4006","471","11","907","1156","933","493","203"
"20203","11290725","월곡2동","2501","1589","912","1","398","705","608","443","346","0","199","464","371","266","289","1","199","241","237","177","57"
"20203","11305535","미아동","1214","684","530","0","122","217","350","340","185","0","50","106","193","207","128","0","72","111","157","133","57"
"20203","11305603","번2동","337","160","177","0","43","44","94","106","50","0","18","23","41","50","28","0","25","21","53","56","22"
"20203","11305608","번3동","207","112","95","1","22","35","50","57","42","1","8","16","28","31","28","0","14","19","22","26","14"
"20203","11290780","장위3동","189","115","74","0","29","37","40","48","35","0","10","19","22","30","34","0","19","18","18","18","1"
"20203","11380632","신사2동","1019","718","301","0","113","199","262","256","189","0","89","136","154","171","168","0","24","63","108","85","21"
"20203","11350560","월계1동","1344","738","606","0","215","320","347","266","196","0","101","193","175","138","131","0","114","127","172","128","65"
"20243","11350619","중계본동","642","308","334","0","67","131","162","194","88","0","32","66","69","86","55","0","35","65","93","108","33"
"20203","11350700","상계8동","448","233","215","1","63","131","110","100","43","0","22","82","46","54","29","1","41","49","64","46","14"
"20203","11320521","도봉1동","1718","1138","580","0","63","192","393","617","453","0","7","98","230","445","358","0","56","94","163","172","95"
"20203","11410720","북가좌2동","1307","661","646","0","194","261","292","325","235","0","52","132","161","175","141","0","142","129","131","150","94"
"20203","11410615","연희동","8633","5661","2972","25","1367","2133","1866","2380","862","13","758","1421","1162","1706","601","12","609","712","704","674","261"
"20203","11440585","도화동","12438","7561","4877","18","2285","3031","3127","2774","1203","9","1194","2082","2060","1448","768","9","1091","949","1067","1326","435"
"20203","11350621","중계1동","982","540","442","2","129","215","294","244","98","2","54","117","156","134","77","0","75","98","138","110","21"
"20203","11380560","구산동","1608","857","751","2","195","302","359","506","244","0","73","133","172","315","164","2","122","169","187","191","80"
"20203","11440680","합정동","5349","3000","2349","4","886","1541","1390","985","543","3","350","756","877","638","376","1","536","785","513","347","167"
"20203","11410655","홍제2동","361","183","178","0","52","80","92","79","58","0","17","51","47","39","29","0","35","29","45","40","29"
"20203","11500510","염창동","2992","1389","1603","3","464","880","893","503","249","2","168","385","360","277","197","1","296","495","533","226","52"
"20203","11545640","독산4동","1482","844","638","0","181","250","318","353","380","0","105","150","190","173","226","0","76","100","128","180","154"
"20203","11620630","남현동","3384","2228","1156","0","563","844","918","657","402","0","309","566","644","430","279","0","254","278","274","227","123"
"20203","11620615","중앙동","1225","572","653","0","149","221","283","331","241","0","60","108","133","157","114","0","89","113","150","174","127"
"20203","11650520","서초2동","58613","38928","19685","130","12272","19335","14678","8974","3224","41","6696","13060","10098","6723","2310","89","5576","6275","4580","2251","914"
"20203","11680580","삼성1동","159167","107420","51747","379","32071","47730","42640","28254","8093","187","17237","31553","31455","22149","4839","192","14834","16177","11185","6105","3254"
"20203","11710531","거여1동","2854","2106","748","1","713","794","685","397","264","1","490","628","524","270","193","0","223","166","161","127","71"
"20203","11710562","방이2동","40875","23517","17358","68","6601","10478","9230","8701","5797","56","3711","6819","5659","4073","3199","12","2890","3659","3571","4628","2598"
"20203","11710641","문정1동","31693","24481","7212","1","2878","5915","9134","11966","1799","1","1693","4266","7104","10245","1172","0","1185","1649","2030","1721","627"
"20203","11710580","송파1동","9040","5658","3382","4","1289","2025","2248","1962","1512","1","554","1201","1467","1316","1119","3","735","824","781","646","393"
"20203","11710550","마천2동","1635","1032","603","0","158","383","451","418","225","0","95","239","255","249","194","0","63","144","196","169","31"
"20203","11680660","개포1동","2438","1498","940","10","381","646","635","505","261","4","172","357","438","341","186","6","209","289","197","164","75"
"20203","11740600","천호1동","1929","1116","813","1","183","363","480","454","448","0","73","188","245","267","343","1","110","175","235","187","105"
"20203","11710510","풍납1동","716","404","312","0","91","162","185","189","89","0","49","87","98","100","70","0","42","75","87","89","19"
"20203","11740550","고덕1동","1016","528","488","0","113","224","263","244","172","0","50","125","129","113","111","0","63","99","134","131","61"
"20203","11740650","성내2동","2007","1243","764","0","335","417","450","412","393","0","222","259","262","256","244","0","113","158","188","156","149"
"20203","11740660","성내3동","4156","2495","1661","4","590","933","1042","862","725","4","308","593","628","485","477","0","282","340","414","377","248"
"20203","11710710","잠실6동","51676","27541","24135","104","8225","13713","14738","13173","1723","34","3808","8429","8508","5465","1297","70","4417","5284","6230","7708","426"
"20203","11110650","혜화동","4395","2144","2251","4","722","1187","1064","874","544","4","247","576","564","452","301","0","475","611","500","422","243"
"20203","11140670","황학동","774","519","255","0","117","216","197","152","92","0","73","135","124","106","81","0","44","81","73","46","11"
"20203","11140580","장충동","7351","3888","3463","25","1689","2019","1903","1399","316","6","593","1134","1134","806","215","19","1096","885","769","593","101"
"20203","11215850","구의1동","3413","2039","1374","2","486","855","944","777","349","2","254","496","524","503","260","0","232","359","420","274","89"
"20203","11215860","구의2동","2134","1326","808","22","304","368","538","574","328","8","155","205","351","376","231","14","149","163","187","198","97"
"20203","11215870","구의3동","9125","5563","3562","12","1072","1923","2205","2286","1627","3","615","1341","1499","1177","928","9","457","582","706","1109","699"
"20203","11215740","중곡1동","4120","2003","2117","48","1068","786","826","971","421","15","456","424","410","391","307","33","612","362","416","580","114"
"20203","11230750","이문2동","200","104","96","0","23","44","46","51","36","0","8","20","22","27","27","0","15","24","24","24","9"
"20203","11260550","면목5동","991","683","308","0","93","165","265","251","217","0","64","129","130","164","196","0","29","36","135","87","21"
"20203","11230730","휘경2동","1380","712","668","0","182","304","360","330","204","0","53","144","188","176","151","0","129","160","172","154","53"
"20203","11230710","회기동","179","87","92","0","19","41","46","43","30","0","5","16","22","20","24","0","14","25","24","23","6"
"20203","11260580","상봉1동","1704","1188","516","6","202","299","356","454","387","5","131","185","203","316","348","1","71","114","153","138","39"
"20203","11290810","석관동","2897","1908","989","2","248","439","544","584","1080","1","122","266","311","365","843","1","126","173","233","219","237"
"20203","11305595","번1동","2250","1326","924","0","274","457","451","584","484","0","118","280","273","375","280","0","156","177","178","209","204"
"20203","11290760","장위1동","505","264","241","0","91","105","118","107","84","0","42","59","59","52","52","0","49","46","59","55","32"
"20203","11350595","공릉1동","4836","2615","2221","0","501","746","1059","1343","1187","0","228","410","525","695","757","0","273","336","534","648","430"
"20203","11350600","공릉2동","820","375","445","0","136","206","202","192","84","0","42","93","92","94","54","0","94","113","110","98","30"
"20203","11380690","진관동","767","405","362","0","77","187","208","185","110","0","36","117","117","79","56","0","41","70","91","106","54"
"20203","11410660","홍은1동","2623","518","2105","0","93","191","713","1265","361","0","34","64","131","151","138","0","59","127","582","1114","223"
"20203","11410555","북아현동","1204","879","325","0","120","275","330","341","138","0","49","207","260","264","99","0","71","68","70","77","39"
"20203","11410565","충현동","11021","6826","4195","13","1390","2786","2904","2607","1321","8","654","1688","1842","1706","928","5","736","1098","1062","901","393"
"20203","11440660","서교동","26294","13454","12840","65","5497","7416","6104","4311","2901","51","2248","3708","3366","2280","1801","14","3249","3708","2738","2031","1100"
"20243","11380625","역촌동","2751","1312","1439","0","447","553","732","640","379","0","152","245","348","304","263","0","295","308","384","336","116"
"20203","11470570","신월2동","1814","1052","762","2","150","292","492","496","382","2","85","173","255","264","273","0","65","119","237","232","109"
"20203","11500620","공항동","5401","2825","2576","0","906","1777","1480","1052","186","0","212","739","864","868","142","0","694","1038","616","184","44"
"20203","11530720","고척1동","2691","1903","788","0","239","547","706","821","378","0","126","363","492","616","306","0","113","184","214","205","72"
"20203","11530740","개봉1동","2776","1616","1160","1","245","594","668","732","536","1","127","331","343","416","398","0","118","263","325","316","138"
"20203","11500593","화곡8동","1848","1009","839","1","267","483","518","338","241","1","121","263","259","204","161","0","146","220","259","134","80"
"20203","11530790","수궁동","1792","1217","575","4","184","344","409","505","346","4","113","220","259","345","276","0","71","124","150","160","70"
"20203","11530770","오류1동","3354","2133","1221","2","433","625","820","976","498","1","309","422","496","563","342","1","124","203","324","413","156"
"20203","11545610","독산1동","11846","7593","4253","25","939","1621","1988","2588","4685","24","554","1076","1267","1593","3079","1","385","545","721","995","1606"
"20203","11560630","신길1동","2688","1182","1506","1","478","645","597","531","436","0","148","311","281","223","219","1","330","334","316","308","217"
"20203","11590620","사당1동","3764","1979","1785","0","633","931","1011","691","498","0","204","451","507","414","403","0","429","480","504","277","95"
"20203","11560650","신길3동","622","419","203","0","34","99","147","158","184","0","13","61","95","105","145","0","21","38","52","53","39"
"20203","11560620","양평2동","12582","7198","5384","19","2292","3431","3463","2170","1207","6","1002","2073","1961","1272","884","13","1290","1358","1502","898","323"
"20203","11620585","낙성대동","5211","2886","2325","2","846","1794","1120","796","653","1","382","943","589","465","506","1","464","851","531","331","147"
"20203","11620695","신림동","1706","1028","678","0","137","239","414","393","523","0","47","125","228","228","400","0","90","114","186","165","123"
"20203","11620595","청룡동","3302","1810","1492","0","539","936","792","748","287","0","212","473","440","487","198","0","327","463","352","261","89"
"20203","11620575","행운동","1996","1113","883","0","292","490","476","456","282","0","144","275","254","235","205","0","148","215","222","221","77"
"20203","11620625","인헌동","1416","819","597","0","291","410","357","223","135","0","135","254","211","116","103","0","156","156","146","107","32"
"20203","11590650","사당4동","1255","649","606","1","133","205","276","243","397","1","51","103","123","111","260","0","82","102","153","132","137"
"20203","11680590","삼성2동","58014","33339","24675","123","11688","18819","14737","8204","4443","48","4846","11071","9834","4616","2924","75","6842","7748","4903","3588","1519"
"20203","11650510","서초1동","41803","23403","18400","73","8762","10834","9210","10203","2721","24","3143","5837","5345","7072","1982","49","5619","4997","3865","3131","739"
"20203","11650651","양재1동","25511","16466","9045","336","5958","7047","5779","3804","2587","162","3026","4732","4077","2533","1936","174","2932","2315","1702","1271","651"
"20203","11680670","개포2동","5146","3374","1772","17","901","1463","1230","953","582","6","482","980","850","608","448","11","419","483","380","345","134"
"20203","11710632","가락2동","6848","4622","2226","3","913","1455","1358","1280","1839","3","541","996","900","768","1414","0","372","459","458","512","425"
"20203","11680650","역삼2동","48392","28688","19704","185","11140","13440","11498","8557","3572","73","5370","8610","7651","4473","2511","112","5770","4830","3847","4084","1061"
"20243","11410710","북가좌1동","326","273","53","0","1","9","33","72","211","0","0","3","15","52","203","0","1","6","18","20","8"
"20243","11350625","중계2?3동","1011","562","449","0","136","262","258","258","97","0","81","155","132","134","60","0","55","107","126","124","37"
"20243","11470540","목4동","1884","1172","712","0","211","427","568","481","197","0","81","261","338","309","183","0","130","166","230","172","14"
"20203","11710646","장지동","5460","3730","1730","3","586","872","1293","1443","1263","1","327","584","865","1015","938","2","259","288","428","428","325"
"20203","11740515","강일동","125","81","44","0","20","26","34","30","15","0","10","18","21","19","13","0","10","8","13","11","2"
"20203","11740540","명일2동","2521","1726","795","2","292","719","677","536","295","2","150","508","491","344","231","0","142","211","186","192","64"
"20203","11710690","잠실4동","3061","2460","601","14","407","962","889","650","139","6","293","791","733","531","106","8","114","171","156","119","33"
"20203","11710670","잠실2동","3796","2532","1264","4","728","1103","995","758","208","4","457","774","676","500","121","0","271","329","319","258","87"
"20203","11710680","잠실3동","33924","23006","10918","167","6200","8498","8445","6422","4192","75","3231","5878","6253","4607","2962","92","2969","2620","2192","1815","1230"
"20203","11110670","창신1동","2120","926","1194","0","167","375","649","530","399","0","68","135","217","238","268","0","99","240","432","292","131"
"20203","11140625","다산동","6255","3937","2318","4","1113","1990","1507","1098","543","0","459","1366","1053","672","387","4","654","624","454","426","156"
"20203","11110600","가회동","11063","8229","2834","4","1188","3801","3323","2076","671","4","613","2795","2596","1709","512","0","575","1006","727","367","159"
"20203","11110580","교남동","713","422","291","1","80","184","190","147","111","0","28","93","113","100","88","1","52","91","77","47","23"
"20203","11110710","숭인2동","1662","856","806","2","248","293","392","398","329","1","76","140","219","239","181","1","172","153","173","159","148"
"20203","11110690","창신3동","99","46","53","0","11","27","25","26","10","0","4","11","12","13","6","0","7","16","13","13","4"
"20203","11140605","을지로동","15882","8650","7232","43","3845","3862","3459","2757","1916","4","1006","2126","2249","1917","1348","39","2839","1736","1210","840","568"
"20203","11170580","효창동","1251","709","542","0","167","314","351","278","141","0","80","183","209","140","97","0","87","131","142","138","44"
"20243","11470530","목3동","1514","836","678","0","198","332","405","366","213","0","99","192","221","184","140","0","99","140","184","182","73"
"20243","11470680","신정7동","353","208","145","0","42","84","108","79","40","0","19","47","65","48","29","0","23","37","43","31","11"
"20243","11500590","화곡본동","2162","1261","901","0","192","425","541","545","459","0","57","253","315","289","347","0","135","172","226","256","112"
"20243","11530780","오류2동","714","443","271","0","65","162","186","185","116","0","29","94","108","118","94","0","36","68","78","67","22"
"20243","11530790","수궁동","1304","903","401","0","120","252","306","375","251","0","75","163","196","260","209","0","45","89","110","115","42"
"20243","11560550","당산1동","5713","3446","2267","0","976","1633","1279","1048","777","0","387","911","807","742","599","0","589","722","472","306","178"
"20243","11530510","신도림동","15684","10325","5359","0","2575","4881","3830","2852","1546","0","1067","3324","2768","1981","1185","0","1508","1557","1062","871","361"
"20243","11560630","신길1동","3295","1408","1887","0","572","815","743","647","518","0","149","387","347","264","261","0","423","428","396","383","257"
"20243","11590620","사당1동","2903","1557","1346","0","475","738","797","528","365","0","137","361","402","331","326","0","338","377","395","197","39"
"20203","11200650","성수1가1동","2148","1345","803","0","278","451","477","568","374","0","127","282","306","386","244","0","151","169","171","182","130"
"20203","11200690","성수2가3동","22685","14557","8128","58","3728","5773","5674","4536","2916","50","2071","3861","3815","2739","2021","8","1657","1912","1859","1797","895"
"20203","11200535","왕십리도선동","3787","1736","2051","8","625","732","790","929","703","0","215","405","425","393","298","8","410","327","365","536","405"
"20203","11215830","자양2동","2177","1351","826","0","312","489","566","557","253","0","209","310","337","307","188","0","103","179","229","250","65"
"20203","11200560","행당1동","1608","1090","518","0","200","335","412","460","201","0","100","207","284","349","150","0","100","128","128","111","51"
"20203","11215780","능동","1369","854","515","0","193","320","356","278","222","0","95","190","227","170","172","0","98","130","129","108","50"
"20203","11230740","이문1동","1134","515","619","0","215","295","306","213","105","0","39","114","152","132","78","0","176","181","154","81","27"
"20203","11260655","망우본동","1589","830","759","1","173","293","358","485","279","0","55","110","167","266","232","1","118","183","191","219","47"
"20203","11215770","중곡4동","3137","1539","1598","0","541","763","802","729","302","0","157","352","389","395","246","0","384","411","413","334","56"
"20203","11290555","삼선동","4636","2321","2315","0","495","1113","1401","1158","469","0","170","480","674","727","270","0","325","633","727","431","199"
"20203","11290620","정릉1동","751","411","340","0","91","138","170","197","155","0","23","50","85","122","131","0","68","88","85","75","24"
"20203","11320670","쌍문2동","998","564","434","0","109","171","237","283","198","0","30","78","125","178","153","0","79","93","112","105","45"
"20203","11320680","쌍문3동","1107","517","590","0","239","252","263","263","90","0","55","116","136","147","63","0","184","136","127","116","27"
"20203","11320681","쌍문4동","160","82","78","0","18","37","44","41","20","0","5","17","22","22","16","0","13","20","22","19","4"
"20203","11320514","창4동","1594","1003","591","0","167","306","393","436","292","0","74","163","232","294","240","0","93","143","161","142","52"
"20203","11320515","창5동","5200","3289","1911","0","599","1162","1285","1099","1055","0","310","798","866","602","713","0","289","364","419","497","342"
"20203","11380631","신사1동","1161","624","537","0","119","243","268","289","242","0","48","121","147","137","171","0","71","122","121","152","71"
"20203","11350619","중계본동","921","446","475","2","107","186","230","260","136","2","51","94","99","118","82","0","56","92","131","142","54"
"20203","11350720","상계10동","344","145","199","0","53","73","92","98","28","0","11","31","36","47","20","0","42","42","56","51","8"
"20203","11380625","역촌동","3262","1576","1686","2","544","666","840","737","473","0","197","305","392","358","324","2","347","361","448","379","149"
"20203","11410690","남가좌1동","951","572","379","1","69","120","166","235","360","1","46","81","105","125","214","0","23","39","61","110","146"
"20203","11380650","수색동","242","153","89","0","30","66","59","48","39","0","15","42","36","30","30","0","15","24","23","18","9"
"20203","11440740","상암동","11981","7355","4626","28","2528","4343","3258","1353","471","12","1109","2738","2171","944","381","16","1419","1605","1087","409","90"
"20203","11440610","염리동","1979","1305","674","28","374","446","397","434","300","10","190","300","296","300","209","18","184","146","101","134","91"
"20203","11470590","신월4동","1289","874","415","0","68","160","302","413","346","0","30","86","176","277","305","0","38","74","126","136","41"
"20203","11470550","목5동","15306","9313","5993","56","2485","3954","3710","3201","1900","27","1145","2383","2342","2098","1318","29","1340","1571","1368","1103","582"
"20203","11500603","가양1동","1410","884","526","0","152","292","322","341","303","0","64","180","193","223","224","0","88","112","129","118","79"
"20203","11500530","등촌2동","2566","1515","1051","0","310","505","617","659","475","0","129","275","372","415","324","0","181","230","245","244","151"
"20203","11500535","등촌3동","13486","7148","6338","34","1668","2867","3012","3335","2570","17","730","1569","1768","1621","1443","17","938","1298","1244","1714","1127"
"20203","11530760","개봉3동","1537","922","615","1","206","380","390","331","229","1","101","233","233","184","170","0","105","147","157","147","59"
"20203","11530560","구로5동","12772","8068","4704","30","1789","2989","3320","2837","1807","23","1008","2063","2198","1681","1095","7","781","926","1122","1156","712"
"20203","11470620","신정1동","7889","4612","3277","31","1390","1978","1982","1678","830","31","578","1233","1188","976","606","0","812","745","794","702","224"
"20203","11545670","시흥1동","4261","2277","1984","1","594","1028","1013","1066","559","1","271","511","511","603","380","0","323","517","502","463","179"
"20203","11530510","신도림동","9462","6223","3239","20","1543","2936","2307","1716","940","10","644","2005","1665","1185","714","10","899","931","642","531","226"
"20203","11560720","대림3동","4922","3181","1741","3","511","1028","1264","1176","940","0","262","720","905","740","554","3","249","308","359","436","386"
"20203","11560540","여의동","192384","136520","55864","459","35370","68950","49462","29496","8647","172","19526","49287","38201","23479","5855","287","15844","19663","11261","6017","2792"
"20203","11590540","상도2동","992","509","483","0","119","231","263","240","139","0","51","121","141","120","76","0","68","110","122","120","63"
"20203","11620645","서원동","2333","963","1370","1","453","505","425","519","430","0","115","205","213","188","242","1","338","300","212","331","188"
"20203","11590605","흑석동","217","126","91","0","26","50","60","50","31","0","13","28","35","28","22","0","13","22","25","22","9"
"20203","11650660","내곡동","1650","1080","570","3","237","343","354","353","360","3","168","251","242","205","211","0","69","92","112","148","149"
"20203","11620665","서림동","1454","821","633","0","216","259","365","311","303","0","108","137","195","185","196","0","108","122","170","126","107"
"20203","11620655","신원동","628","362","266","0","62","135","158","155","118","0","33","74","95","92","68","0","29","61","63","63","50"
"20203","11680531","논현2동","51265","32713","18552","101","9820","14835","12344","8315","5850","25","4261","8868","8768","6309","4482","76","5559","5967","3576","2006","1368"
"20203","11680656","도곡2동","88264","60360","27904","422","16866","34690","25354","9139","1793","267","9010","23760","19491","6650","1182","155","7856","10930","5863","2489","611"
"20203","11650652","양재2동","30435","22816","7619","43","4044","7444","8543","8017","2344","25","2446","5476","6559","6537","1773","18","1598","1968","1984","1480","571"
"20203","11680690","개포4동","8263","5944","2319","0","1002","1869","2335","1984","1073","0","496","1250","1765","1545","888","0","506","619","570","439","185"
"20203","11680640","역삼1동","168845","99888","68957","434","34064","51371","43504","29454","10018","160","16299","32057","28395","15953","7024","274","17765","19314","15109","13501","2994"
"20203","11680750","수서동","15479","8167","7312","24","2206","4170","4162","3073","1844","14","988","2240","2183","1632","1110","10","1218","1930","1979","1441","734"
"20203","11710532","거여2동","1310","677","633","3","166","215","323","392","211","1","93","128","164","176","115","2","73","87","159","216","96"
"20203","11110640","이화동","1569","867","702","0","237","398","400","332","202","0","74","183","234","222","154","0","163","215","166","110","48"
"20203","11710590","송파2동","5656","3577","2079","19","893","1401","1483","1351","509","16","433","890","1069","848","321","3","460","511","414","503","188"
"20203","11710600","석촌동","9563","6332","3231","2","1160","2182","2234","1969","2016","2","662","1579","1516","1161","1412","0","498","603","718","808","604"
"20203","11110550","부암동","1514","840","674","1","255","440","405","292","121","0","104","243","233","176","84","1","151","197","172","116","37"
"20203","11170650","이태원1동","22194","9721","12473","15","6513","8556","4317","2120","673","9","1671","3592","2389","1540","520","6","4842","4964","1928","580","153"
"20203","11140650","신당5동","768","406","362","0","81","169","194","177","147","0","35","75","99","94","103","0","46","94","95","83","44"
"20203","11140520","소공동","94203","50043","44160","490","27265","29761","20737","12450","3500","137","8857","14809","14799","9103","2338","353","18408","14952","5938","3347","1162"
"20203","11200615","금호2?3가동","447","239","208","0","44","79","106","106","112","0","6","32","53","62","86","0","38","47","53","44","26"
"20203","11200580","응봉동","583","239","344","1","140","156","129","97","60","0","32","54","59","49","45","1","108","102","70","48","15"
"20203","11230600","답십리1동","2044","978","1066","0","296","420","572","545","211","0","201","282","206","147","142","0","95","138","366","398","69"
"20203","11260540","면목4동","769","580","189","0","43","123","214","289","100","0","19","80","149","244","88","0","24","43","65","45","12"
"20203","11230570","전농2동","1183","619","564","0","133","250","315","317","168","0","54","117","169","165","114","0","79","133","146","152","54"
"20203","11290685","길음2동","453","189","264","1","46","89","122","128","67","1","19","35","57","45","32","0","27","54","65","83","35"
"20203","11290580","돈암1동","103","48","55","0","29","32","22","14","6","0","7","16","12","8","5","0","22","16","10","6","1"
"20203","11290705","종암동","15832","8326","7506","29","1338","4000","5589","4522","354","1","573","1466","2553","3520","213","28","765","2534","3036","1002","141"
"20203","11305555","송천동","926","463","463","0","57","147","197","245","280","0","14","66","89","140","154","0","43","81","108","105","126"
"20203","11290770","장위2동","770","466","304","0","59","130","186","188","207","0","17","64","106","117","162","0","42","66","80","71","45"
"20203","11290640","정릉3동","427","302","125","0","65","133","105","72","52","0","37","96","77","55","37","0","28","37","28","17","15"
"20203","11320660","쌍문1동","812","383","429","0","94","129","224","226","139","0","20","44","85","117","117","0","74","85","139","109","22"
"20203","11350640","상계2동","2183","1063","1120","0","289","371","551","564","408","0","101","207","261","270","224","0","188","164","290","294","184"
"20203","11350665","상계3?4동","652","468","184","0","30","52","164","248","158","0","10","26","106","190","136","0","20","26","58","58","22"
"20203","11350710","상계9동","1010","640","370","1","131","253","251","285","89","1","71","161","148","190","69","0","60","92","103","95","20"
"20203","11440565","공덕동","9194","5298","3896","38","2044","2501","2467","1614","530","12","815","1325","1571","1195","380","26","1229","1176","896","419","150"
"20203","11350624","중계4동","1169","639","530","4","112","238","276","310","229","3","41","114","145","162","174","1","71","124","131","148","55"
"20203","11470560","신월1동","2132","1379","753","0","199","347","491","700","395","0","106","214","299","466","294","0","93","133","192","234","101"
"20203","11470610","신월6동","811","475","336","0","86","151","184","222","168","0","34","77","101","125","138","0","52","74","83","97","30"
"20203","11500605","가양3동","245","157","88","0","42","54","68","51","30","0","27","36","44","30","20","0","15","18","24","21","10"
"20203","11500520","등촌1동","5201","3120","2081","6","1046","1343","1150","936","720","4","386","847","793","610","480","2","660","496","357","326","240"
"20203","11500550","화곡2동","1437","869","568","0","174","396","375","349","143","0","102","260","228","183","96","0","72","136","147","166","47"
"20203","11500560","화곡3동","3751","2313","1438","3","511","909","962","866","500","2","275","606","582","487","361","1","236","303","380","379","139"
"20203","11500591","화곡6동","7410","4703","2707","12","1049","1974","1894","1680","801","1","520","1256","1209","1112","605","11","529","718","685","568","196"
"20203","11530780","오류2동","695","426","269","0","71","157","180","178","109","0","30","88","107","114","87","0","41","69","73","64","22"
"20203","11545700","시흥4동","1232","741","491","5","194","254","353","301","125","5","118","176","212","139","91","0","76","78","141","162","34"
"20203","11545620","독산2동","1367","766","601","0","176","281","317","390","203","0","94","132","158","227","155","0","82","149","159","163","48"
"20203","11530595","가리봉동","899","418","481","0","76","149","212","194","268","0","32","69","96","76","145","0","44","80","116","118","123"
"20203","11560560","당산2동","11843","7942","3901","22","1854","2662","2874","2614","1817","10","948","1663","2004","1919","1398","12","906","999","870","695","419"
"20203","11590630","사당2동","1976","1093","883","1","315","579","535","370","176","0","152","354","318","171","98","1","163","225","217","199","78"
"20203","11560670","신길5동","793","383","410","0","76","170","259","196","92","0","35","79","93","99","77","0","41","91","166","97","15"
"20203","11560680","신길6동","1813","1134","679","0","195","434","475","398","311","0","97","268","285","249","235","0","98","166","190","149","76"
"20203","11590670","신대방1동","3893","2467","1426","7","746","1246","906","622","366","6","380","803","626","407","245","1","366","443","280","215","121"
"20203","11545680","시흥2동","748","443","305","0","75","149","189","224","111","0","44","85","107","131","76","0","31","64","82","93","35"
"20203","11590530","상도1동","3561","2063","1498","0","550","881","868","790","472","0","235","492","524","490","322","0","315","389","344","300","150"
"20203","11650540","잠원동","13663","7914","5749","47","2846","4027","3372","2101","1270","25","1123","2355","2234","1316","861","22","1723","1672","1138","785","409"
"20203","11620545","청림동","444","253","191","0","67","148","146","65","18","0","29","82","88","42","12","0","38","66","58","23","6"
"20203","11650560","반포1동","6436","3951","2485","3","1174","2135","1609","985","530","0","554","1394","1069","547","387","3","620","741","540","438","143"
"20203","11650570","반포2동","1948","1160","788","4","326","604","506","327","181","2","143","365","326","197","127","2","183","239","180","130","54"
"20203","11710642","문정2동","30105","18925","11180","56","4311","9160","9228","5331","2019","25","2064","5171","6327","4081","1257","31","2247","3989","2901","1250","762"
"20203","11680565","청담동","54591","31246","23345","143","11348","18058","13560","8194","3288","56","4266","10308","8912","5409","2295","87","7082","7750","4648","2785","993"
"20203","11680600","대치1동","16783","8940","7843","30","3070","5477","4182","2611","1413","11","1153","2718","2365","1670","1023","19","1917","2759","1817","941","390"
"20203","11740685","길동","8576","4357","4219","5","1235","1710","1937","2087","1602","4","484","910","1033","962","964","1","751","800","904","1125","638"
"20203","11710566","오륜동","13441","7789","5652","25","2177","4063","3488","2691","997","8","877","2114","2243","1782","765","17","1300","1949","1245","909","232"
"20203","11110615","종로1?2?3?4가동","116875","64403","52472","1676","23688","35525","32006","18343","5637","717","10323","17834","18759","12922","3848","959","13365","17691","13247","5421","1789"
"20203","11140665","동화동","1183","535","648","0","188","287","312","249","147","0","50","98","151","138","98","0","138","189","161","111","49"
"20203","11140550","명동","123928","71739","52189","151","20262","41748","33631","22016","6120","50","8100","21531","21683","16239","4136","101","12162","20217","11948","5777","1984"
"20203","11110530","사직동","44477","27846","16631","37","5864","12589","13409","8809","3769","8","2453","7735","9175","6159","2316","29","3411","4854","4234","2650","1453"
"20203","11140540","회현동","74892","46291","28601","234","14028","26412","20476","10879","2863","75","6553","15764","13340","8559","2000","159","7475","10648","7136","2320","863"
"20203","11170530","남영동","16176","6814","9362","130","6152","3987","3084","2068","755","9","1154","2142","1834","1110","565","121","4998","1845","1250","958","190"
"20203","11140570","필동","11974","5624","6350","14","1726","3032","3695","2620","887","4","583","1498","1736","1230","573","10","1143","1534","1959","1390","314"
"20203","11200590","금호1가동","1349","500","849","9","158","439","552","151","40","0","49","146","218","59","28","9","109","293","334","92","12"
"20203","11170520","용산2가동","583","422","161","0","35","97","217","207","27","0","13","53","171","165","20","0","22","44","46","42","7"
"20203","11260575","면목3?8동","1713","1076","637","0","158","303","438","479","335","0","50","156","260","348","262","0","108","147","178","131","73"
"20203","11230720","휘경1동","902","535","367","0","100","174","224","234","170","0","37","100","144","160","94","0","63","74","80","74","76"
"20203","11290575","동선동","2112","1056","1056","4","278","440","479","535","376","3","96","192","234","293","238","1","182","248","245","242","138"
"20203","11305615","수유1동","1218","548","670","0","119","216","318","362","203","0","30","86","134","155","143","0","89","130","184","207","60"
"20203","11350695","상계6?7동","3980","1760","2220","4","559","940","1022","1013","442","3","147","355","456","553","246","1","412","585","566","460","196"
"20203","11380552","갈현2동","2994","1539","1455","0","300","594","794","803","503","0","139","332","374","358","336","0","161","262","420","445","167"
"20203","11350611","하계1동","554","351","203","0","64","116","139","160","75","0","31","66","83","113","58","0","33","50","56","47","17"
"20203","11380530","불광2동","2110","1016","1094","0","116","284","342","444","924","0","39","146","137","181","513","0","77","138","205","263","411"
"20203","11380600","응암3동","1607","782","825","0","167","379","454","388","219","0","62","188","211","176","145","0","105","191","243","212","74"
"20203","11380590","응암2동","435","282","153","0","54","59","98","126","98","0","32","32","58","75","85","0","22","27","40","51","13"
"20203","11350580","월계3동","190","95","95","0","21","34","50","55","30","0","8","17","23","29","18","0","13","17","27","26","12"
"20203","11410710","북가좌1동","422","333","89","0","7","20","48","88","259","0","3","8","22","59","241","0","4","12","26","29","18"
"20203","11410585","신촌동","2172","1143","1029","0","335","580","554","467","236","0","126","252","285","306","174","0","209","328","269","161","62"
"20203","11440600","대흥동","3225","1589","1636","16","1291","732","475","448","263","2","502","379","258","270","178","14","789","353","217","178","85"
"20203","11440555","아현동","5728","3145","2583","8","1089","1837","1624","974","196","3","471","1027","911","593","140","5","618","810","713","381","56"
"20203","11470540","목4동","2011","1221","790","0","244","444","580","502","241","0","95","266","345","321","194","0","149","178","235","181","47"
"20203","11500611","발산1동","2302","1331","971","2","156","344","609","738","453","1","70","173","291","428","368","1","86","171","318","310","85"
"20203","11500630","방화1동","4187","3299","888","0","438","892","1027","1199","631","0","319","733","825","997","425","0","119","159","202","202","206"
"20203","11530750","개봉2동","5442","2689","2753","22","956","1321","1293","1292","558","10","544","841","571","432","291","12","412","480","722","860","267"
"20203","11545710","시흥5동","1359","804","555","7","192","316","346","282","216","6","100","210","206","145","137","1","92","106","140","137","79"
"20203","11560550","당산1동","6754","4052","2702","2","1145","1912","1502","1247","946","1","454","1069","941","873","714","1","691","843","561","374","232"
"20203","11560585","도림동","706","455","251","1","57","118","176","186","168","1","24","74","113","119","124","0","33","44","63","67","44"
"20203","11590520","노량진2동","4451","2310","2141","7","705","1303","1081","906","449","1","368","567","500","581","293","6","337","736","581","325","156"
"20203","11590660","대방동","7997","5308","2689","4","1342","2172","1870","1787","822","1","715","1484","1301","1286","521","3","627","688","569","501","301"
"20203","11620565","성현동","1543","587","956","11","218","271","353","467","223","6","100","142","160","127","52","5","118","129","193","340","171"
"20203","11620725","조원동","2959","1843","1116","0","561","720","720","635","323","0","258","469","461","426","229","0","303","251","259","209","94"
"20203","11590651","사당5동","1460","785","675","0","180","358","442","349","131","0","80","167","228","196","114","0","100","191","214","153","17"
"20203","11650530","서초3동","58156","34532","23624","141","9986","17421","14896","10606","5106","63","4230","10148","9527","6917","3647","78","5756","7273","5369","3689","1459"
"20203","11680700","세곡동","471","271","200","0","40","82","96","135","118","0","18","41","55","80","77","0","22","41","41","55","41"
"20203","11710631","가락1동","5894","4120","1774","0","403","1097","1622","1689","1083","0","270","840","1194","1107","709","0","133","257","428","582","374"
"20203","11710570","오금동","22928","16059","6869","17","3029","5459","5793","5528","3102","13","1773","3692","4283","4189","2109","4","1256","1767","1510","1339","993"
"20203","11740580","암사2동","1930","706","1224","1","197","320","454","579","379","1","71","149","183","167","135","0","126","171","271","412","244"
"20203","11740620","천호3동","1366","779","587","0","72","149","229","246","670","0","25","68","114","125","447","0","47","81","115","121","223"
"20203","11740640","성내1동","13172","8952","4220","18","1558","2756","2833","3403","2604","5","903","1718","1857","2460","2009","13","655","1038","976","943","595"
"20203","11110630","종로5?6가동","22052","13772","8280","565","5126","6357","5417","3344","1243","152","2122","4096","3964","2573","865","413","3004","2261","1453","771","378"
"20203","11110700","숭인1동","307","140","167","0","59","67","68","68","45","0","10","28","34","36","32","0","49","39","34","32","13"
"20203","11170590","용문동","2388","1377","1011","1","468","651","656","443","169","1","195","382","387","297","115","0","273","269","269","146","54"
"20203","11170685","한남동","35228","25774","9454","91","5790","10427","9250","8090","1580","63","2747","6946","7505","7247","1266","28","3043","3481","1745","843","314"
"20203","11170640","이촌2동","1547","1055","492","0","219","429","459","337","103","0","100","271","346","262","76","0","119","158","113","75","27"
"20203","11200720","송정동","878","540","338","0","123","207","222","176","150","0","60","129","124","106","121","0","63","78","98","70","29"
"20203","11230536","용신동","19195","9941","9254","10","2310","4277","4753","4730","3115","5","1097","2448","2507","2167","1717","5","1213","1829","2246","2563","1398"
"20203","11215750","중곡2동","2261","1295","966","0","304","455","580","538","384","0","191","264","305","284","251","0","113","191","275","254","133"
"20203","11260620","묵1동","912","430","482","0","93","210","271","220","118","0","33","98","120","99","80","0","60","112","151","121","38"
"20203","11260630","묵2동","1390","950","440","0","199","345","331","381","134","0","114","236","220","281","99","0","85","109","111","100","35"
"20203","11260690","신내2동","464","257","207","0","62","117","114","114","57","0","26","55","59","73","44","0","36","62","55","41","13"
"20203","11260680","신내1동","1973","942","1031","0","348","429","363","524","309","0","92","182","173","258","237","0","256","247","190","266","72"
"20203","11305625","수유2동","1248","662","586","0","41","79","239","380","509","0","6","41","153","260","202","0","35","38","86","120","307"
"20203","11320700","방학2동","810","370","440","0","68","162","199","164","217","0","27","81","91","81","90","0","41","81","108","83","127"
"20203","11350630","상계1동","3699","2347","1352","3","423","765","901","942","665","3","243","520","584","587","410","0","180","245","317","355","255"
"20203","11320513","창3동","624","332","292","0","50","130","205","167","72","0","8","76","121","79","48","0","42","54","84","88","24"
"20203","11350670","상계5동","1190","589","601","0","60","128","202","307","493","0","23","68","87","136","275","0","37","60","115","171","218"
"20203","11380551","갈현1동","2296","1176","1120","2","393","536","541","504","320","2","158","281","272","256","207","0","235","255","269","248","113"
"20203","11380570","대조동","2231","1096","1135","1","270","473","606","513","368","1","99","231","286","228","251","0","171","242","320","285","117"
"20203","11440590","용강동","10604","6283","4321","6","1554","2616","2509","2100","1819","5","750","1545","1656","1219","1108","1","804","1071","853","881","711"
"20203","11440710","연남동","2839","1750","1089","0","450","674","698","606","411","0","200","363","415","418","354","0","250","311","283","188","57"
"20203","11440720","성산1동","4650","3081","1569","5","592","970","1071","906","1106","5","290","602","678","631","875","0","302","368","393","275","231"
"20203","11470600","신월5동","1632","904","728","1","199","406","411","416","199","1","89","203","214","245","152","0","110","203","197","171","47"
"20203","11470530","목3동","1685","928","757","0","216","373","447","406","243","0","108","217","240","207","156","0","108","156","207","199","87"
"20203","11410640","홍제3동","875","434","441","0","78","112","174","229","282","0","25","44","82","119","164","0","53","68","92","110","118"
"20203","11500641","방화3동","2527","1628","899","1","246","538","634","695","413","1","124","284","392","487","340","0","122","254","242","208","73"
"20203","11530550","구로4동","1713","983","730","0","178","336","430","428","341","0","80","186","236","236","245","0","98","150","194","192","96"
"20203","11560610","양평1동","8907","5158","3749","32","1764","2051","1970","1787","1303","14","902","1310","1174","917","841","18","862","741","796","870","462"
"20203","11560515","영등포본동","4029","2291","1738","15","574","993","1033","976","438","6","247","503","593","610","332","9","327","490","440","366","106"
"20203","11590680","신대방2동","12684","8075","4609","27","2313","2647","2375","2964","2358","16","1750","2029","1515","1512","1253","11","563","618","860","1452","1105"
"20203","11620685","신사동","3698","2518","1180","0","591","1068","1075","668","296","0","256","723","839","505","195","0","335","345","236","163","101"
"20203","11620765","미성동","3064","1812","1252","9","292","537","728","805","693","8","185","316","409","416","478","1","107","221","319","389","215"
"20203","11650610","방배2동","12555","6119","6436","18","2116","3209","3443","2419","1350","3","739","1441","1595","1428","913","15","1377","1768","1848","991","437"
"20203","11650620","방배3동","14532","9510","5022","85","2270","4325","3925","2367","1560","26","1153","2713","2823","1629","1166","59","1117","1612","1102","738","394"
"20203","11650590","방배본동","22144","12260","9884","89","4146","5712","5885","3957","2355","62","1410","2986","3427","2569","1806","27","2736","2726","2458","1388","549"
"20203","11590640","사당3동","919","543","376","0","108","205","249","216","141","0","40","112","156","129","106","0","68","93","93","87","35"
"20203","11680630","대치4동","33175","20389","12786","131","5321","9871","9013","5633","3206","12","2289","5975","6167","3950","1996","119","3032","3896","2846","1683","1210"
"20203","11680545","압구정동","40822","22984","17838","223","9084","12764","9380","6106","3265","85","3367","7173","6312","4021","2026","138","5717","5591","3068","2085","1239"
"20203","11680521","논현1동","40704","23806","16898","116","10638","12233","8657","5627","3433","42","4526","7272","5837","3631","2498","74","6112","4961","2820","1996","935"
"20203","11710620","가락본동","25135","15183","9952","57","3410","6042","5753","4911","4962","22","1634","3773","3850","2845","3059","35","1776","2269","1903","2066","1903"
"20203","11680730","일원1동","1708","931","777","0","231","321","388","373","395","0","101","170","201","195","264","0","130","151","187","178","131"
"20203","11740700","둔촌2동","2842","1279","1563","0","540","744","611","589","358","0","155","308","304","281","231","0","385","436","307","308","127"
"20203","11710520","풍납2동","531","261","270","0","116","182","132","80","21","0","32","95","69","49","16","0","84","87","63","31","5"
"20211","11110580","교남동","725","431","294","0","79","192","194","147","113","0","26","97","116","101","91","0","53","95","78","46","22"
"20211","11110670","창신1동","1940","842","1098","0","135","340","605","498","362","0","51","114","200","226","251","0","84","226","405","272","111"
"20211","11110680","창신2동","183","50","133","0","4","12","54","74","39","0","0","0","17","21","12","0","4","12","37","53","27"
"20211","11140625","다산동","6479","4097","2382","0","1145","2078","1566","1137","553","0","469","1429","1102","698","399","0","676","649","464","439","154"
"20211","11110530","사직동","45807","28676","17131","30","6047","12958","13809","9084","3879","5","2531","7964","9447","6344","2385","25","3516","4994","4362","2740","1494"
"20211","11200590","금호1가동","1533","569","964","9","180","502","628","174","40","0","56","167","248","69","29","9","124","335","380","105","11"
"20211","11170570","원효로2동","2867","2073","794","5","451","869","800","465","277","2","260","622","617","348","224","3","191","247","183","117","53"
"20211","11170625","한강로동","43804","21631","22173","121","8957","13665","12500","6436","2125","57","3649","6398","6216","3914","1397","64","5308","7267","6284","2522","728"
"20211","11200670","성수2가1동","7627","4847","2780","51","1751","2203","1750","1243","629","27","788","1425","1199","883","525","24","963","778","551","360","104"
"20211","11200560","행당1동","1566","1063","503","0","194","327","404","448","193","0","97","202","279","341","144","0","97","125","125","107","49"
"20211","11215860","구의2동","2121","1328","793","8","302","367","540","578","326","0","154","205","357","380","232","8","148","162","183","198","94"
"20211","11215710","화양동","1232","803","429","0","155","188","307","376","206","0","56","103","206","264","174","0","99","85","101","112","32"
"20211","11230650","장안1동","9768","6164","3604","3","1327","1922","2116","2160","2240","3","798","1238","1320","1302","1503","0","529","684","796","858","737"
"20211","11260540","면목4동","801","613","188","0","38","127","223","313","100","0","14","84","158","266","91","0","24","43","65","47","9"
"20211","11260655","망우본동","1494","785","709","0","153","273","340","464","264","0","42","102","159","257","225","0","111","171","181","207","39"
"20211","11260660","망우3동","371","196","175","0","20","49","98","120","84","0","6","16","44","65","65","0","14","33","54","55","19"
"20211","11290555","삼선동","4713","2362","2351","0","494","1135","1429","1179","476","0","169","487","689","740","277","0","325","648","740","439","199"
"20211","11305603","번2동","289","134","155","0","33","37","84","94","41","0","13","19","35","45","22","0","20","18","49","49","19"
"20211","11290630","정릉2동","1094","471","623","0","175","269","298","241","111","0","37","113","116","116","89","0","138","156","182","125","22"
"20211","11290640","정릉3동","378","268","110","0","59","114","92","66","47","0","35","80","68","51","34","0","24","34","24","15","13"
"20211","11350630","상계1동","3668","2327","1341","0","420","759","889","937","663","0","244","514","578","586","405","0","176","245","311","351","258"
"20211","11350570","월계2동","54","25","29","0","6","13","15","15","5","0","2","4","6","9","4","0","4","9","9","6","1"
"20211","11350611","하계1동","557","353","204","0","62","117","142","160","76","0","27","69","84","112","61","0","35","48","58","48","15"
"20211","11320710","방학3동","1081","649","432","0","186","246","254","251","144","0","118","142","160","121","108","0","68","104","94","130","36"
"20211","11380625","역촌동","3216","1548","1668","0","525","659","840","737","455","0","183","299","391","358","317","0","342","360","449","379","138"
"20211","11380640","증산동","2370","1551","819","0","304","631","655","536","244","0","144","423","435","357","192","0","160","208","220","179","52"
"20211","11380590","응암2동","404","262","142","0","47","50","95","120","92","0","27","27","55","73","80","0","20","23","40","47","12"
"20211","11410700","남가좌2동","838","435","403","0","79","173","243","250","93","0","21","82","114","143","75","0","58","91","129","107","18"
"20211","11410615","연희동","7677","5061","2616","4","1217","1908","1657","2130","761","3","675","1274","1040","1531","538","1","542","634","617","599","223"
"20211","11380650","수색동","216","138","78","0","26","60","53","42","35","0","13","38","33","27","27","0","13","22","20","15","8"
"20211","11440710","연남동","2885","1790","1095","0","457","690","714","617","407","0","204","370","424","430","362","0","253","320","290","187","45"
"20211","11500620","공항동","5655","2963","2692","0","946","1870","1557","1098","184","0","219","783","906","913","142","0","727","1087","651","185","42"
"20211","11470540","목4동","1836","1125","711","0","212","409","541","462","212","0","82","249","322","298","174","0","130","160","219","164","38"
"20211","11500530","등촌2동","2931","1738","1193","0","349","578","706","755","543","0","146","314","426","479","373","0","203","264","280","276","170"
"20211","11500611","발산1동","2494","1447","1047","0","155","369","663","816","491","0","65","186","317","477","402","0","90","183","346","339","89"
"20211","11530740","개봉1동","2726","1592","1134","0","231","585","656","726","528","0","119","325","334","416","398","0","112","260","322","310","130"
"20211","11500593","화곡8동","1592","869","723","0","232","419","448","286","207","0","107","226","224","173","139","0","125","193","224","113","68"
"20211","11545670","시흥1동","4369","2336","2033","0","611","1057","1044","1096","561","0","280","526","526","618","386","0","331","531","518","478","175"
"20211","11545510","가산동","92112","60594","31518","307","18157","28626","22788","13495","8739","197","9635","19227","16442","8968","6125","110","8522","9399","6346","4527","2614"
"20211","11560650","신길3동","463","326","137","0","14","69","110","125","145","0","2","44","74","86","120","0","12","25","36","39","25"
"20211","11590560","상도4동","1114","668","446","0","147","261","282","273","151","0","72","153","170","197","76","0","75","108","112","76","75"
"20211","11560515","영등포본동","4165","2383","1782","8","583","1038","1074","1016","446","3","248","526","619","642","345","5","335","512","455","374","101"
"20211","11620645","서원동","2073","856","1217","0","398","444","382","463","386","0","98","179","193","169","217","0","300","265","189","294","169"
"20211","11620585","낙성대동","5501","3039","2462","0","886","1900","1183","839","693","0","400","999","618","486","536","0","486","901","565","353","157"
"20211","11620765","미성동","2518","1504","1014","0","230","433","608","674","573","0","150","258","343","351","402","0","80","175","265","323","171"
"20211","11650660","내곡동","1029","666","363","0","148","215","217","222","227","0","104","155","146","129","132","0","44","60","71","93","95"
"20211","11620575","행운동","2006","1135","871","0","293","500","480","454","279","0","145","288","259","236","207","0","148","212","221","218","72"
"20211","11650610","방배2동","14220","6920","7300","7","2398","3655","3923","2729","1508","0","832","1639","1810","1616","1023","7","1566","2016","2113","1113","485"
"20211","11650621","방배4동","15577","9631","5946","12","2697","4301","3876","2985","1706","4","1141","2535","2631","2090","1230","8","1556","1766","1245","895","476"
"20211","11620625","인헌동","1574","911","663","0","324","461","406","243","140","0","148","285","241","126","111","0","176","176","165","117","29"
"20211","11590650","사당4동","1203","622","581","0","124","188","269","232","390","0","47","96","115","107","257","0","77","92","154","125","133"
"20211","11680630","대치4동","33644","20688","12956","114","5394","10031","9152","5714","3239","5","2313","6075","6268","4009","2018","109","3081","3956","2884","1705","1221"
"20211","11650652","양재2동","32728","24569","8159","24","4345","8021","9203","8638","2497","15","2632","5905","7071","7046","1900","9","1713","2116","2132","1592","597"
"20211","11680510","신사동","26498","15795","10703","38","5521","8012","6737","4036","2154","11","2145","4894","4512","2640","1593","27","3376","3118","2225","1396","561"
"20211","11650570","반포2동","2283","1360","923","4","383","708","593","383","212","2","168","428","382","231","149","2","215","280","211","152","63"
"20211","11710570","오금동","21745","15192","6553","3","2885","5169","5495","5245","2948","3","1684","3492","4052","3967","1994","0","1201","1677","1443","1278","954"
"20211","11710550","마천2동","1374","876","498","0","121","327","385","359","182","0","73","204","220","215","164","0","48","123","165","144","18"
"20211","11740620","천호3동","1293","737","556","0","61","139","216","232","645","0","20","63","107","118","429","0","41","76","109","114","216"
"20211","11710520","풍납2동","473","233","240","0","102","162","118","72","19","0","28","84","62","44","15","0","74","78","56","28","4"
"20211","11740640","성내1동","13587","9226","4361","6","1613","2842","2920","3515","2691","1","934","1771","1913","2538","2069","5","679","1071","1007","977","622"
"20211","11740650","성내2동","2250","1430","820","0","372","471","506","461","440","0","253","301","302","295","279","0","119","170","204","166","161"
"20211","11110615","종로1?2?3?4가동","115053","63404","51649","1591","23320","35023","31524","18059","5536","680","10167","17578","18479","12728","3772","911","13153","17445","13045","5331","1764"
"20211","11110560","평창동","11836","6635","5201","5","1468","3178","3881","2569","735","2","701","1626","2292","1542","472","3","767","1552","1589","1027","263"
"20211","11110570","무악동","431","116","315","1","120","123","109","54","24","1","26","25","35","16","13","0","94","98","74","38","11"
"20211","11110710","숭인2동","1620","831","789","0","240","286","386","387","321","0","72","136","217","232","174","0","168","150","169","155","147"
"20211","11170590","용문동","2558","1478","1080","0","506","696","704","477","175","0","211","408","416","321","122","0","295","288","288","156","53"
"20211","11170510","후암동","1731","1026","705","0","259","386","483","398","205","0","94","230","318","235","149","0","165","156","165","163","56"
"20211","11200550","사근동","399","289","110","0","14","68","133","129","55","0","4","42","93","102","48","0","10","26","40","27","7"
"20211","11200580","응봉동","368","152","216","1","87","98","80","65","37","0","20","34","38","33","27","1","67","64","42","32","10"
"20211","11230610","답십리2동","2849","2099","750","4","461","650","669","580","485","4","347","503","491","402","352","0","114","147","178","178","133"
"20211","11260590","상봉2동","4569","3186","1383","0","541","1193","1521","1043","271","0","316","841","1026","764","239","0","225","352","495","279","32"
"20211","11215840","자양3동","1991","1440","551","1","236","515","558","506","175","0","145","365","414","374","142","1","91","150","144","132","33"
"20211","11230660","장안2동","5233","2814","2419","3","1624","1019","1056","982","549","3","842","587","490","478","414","0","782","432","566","504","135"
"20211","11230730","휘경2동","1022","526","496","0","133","224","271","247","147","0","37","105","142","131","111","0","96","119","129","116","36"
"20211","11260570","면목7동","786","432","354","0","91","149","194","221","131","0","23","68","102","129","110","0","68","81","92","92","21"
"20211","11305595","번1동","2157","1289","868","0","251","441","432","564","469","0","107","275","265","367","275","0","144","166","167","197","194"
"20211","11290650","정릉4동","863","533","330","0","65","128","215","279","176","0","17","64","138","190","124","0","48","64","77","89","52"
"20211","11320512","창2동","1112","636","476","0","137","251","305","258","161","0","63","151","169","130","123","0","74","100","136","128","38"
"20211","11350595","공릉1동","4652","2516","2136","0","481","713","1022","1295","1141","0","217","392","508","673","726","0","264","321","514","622","415"
"20211","11350600","공릉2동","1001","458","543","0","166","250","245","236","104","0","49","114","114","115","66","0","117","136","131","121","38"
"20211","11350670","상계5동","1096","545","551","0","36","104","188","288","480","0","11","59","79","130","266","0","25","45","109","158","214"
"20211","11380632","신사2동","1084","774","310","0","116","212","283","271","202","0","93","149","163","185","184","0","23","63","120","86","18"
"20211","11410710","북가좌1동","351","282","69","0","5","14","40","75","217","0","1","6","18","51","206","0","4","8","22","24","11"
"20211","11440565","공덕동","9224","5324","3900","23","2058","2517","2492","1621","513","7","819","1333","1586","1205","374","16","1239","1184","906","416","139"
"20211","11440600","대흥동","3932","1935","1997","10","1614","903","564","532","309","0","630","466","307","321","211","10","984","437","257","211","98"
"20211","11440585","도화동","12792","7780","5012","8","2355","3120","3221","2854","1234","4","1229","2147","2121","1490","789","4","1126","973","1100","1364","445"
"20211","11440720","성산1동","4809","3207","1602","1","608","996","1105","936","1163","1","299","620","706","655","926","0","309","376","399","281","237"
"20211","11470580","신월3동","1019","594","425","0","93","185","237","312","192","0","31","75","127","198","163","0","62","110","110","114","29"
"20211","11470590","신월4동","1334","912","422","0","60","160","312","438","364","0","24","87","181","298","322","0","36","73","131","140","42"
"20211","11440730","성산2동","2037","908","1129","1","188","384","539","630","295","1","62","189","242","245","169","0","126","195","297","385","126"
"20211","11500520","등촌1동","5411","3250","2161","2","1083","1405","1201","970","750","2","401","886","827","634","500","0","682","519","374","336","250"
"20211","11500630","방화1동","4389","3485","904","0","448","937","1081","1271","652","0","329","776","874","1064","442","0","119","161","207","207","210"
"20211","11500640","방화2동","2100","1387","713","2","209","404","481","561","443","2","120","245","313","360","347","0","89","159","168","201","96"
"20211","11545710","시흥5동","1300","772","528","1","176","300","337","279","207","1","92","201","199","142","137","0","84","99","138","137","70"
"20211","11560585","도림동","652","430","222","0","41","106","168","178","159","0","16","67","111","116","120","0","25","39","57","62","39"
"20211","11560690","신길7동","2428","1671","757","0","281","464","550","702","431","0","176","318","373","451","353","0","105","146","177","251","78"
"20211","11560680","신길6동","1857","1166","691","0","197","449","490","403","318","0","98","276","296","253","243","0","99","173","194","150","75"
"20211","11560535","영등포동","13330","7459","5871","4","2447","3331","3157","2637","1754","0","906","1860","1969","1553","1171","4","1541","1471","1188","1084","583"
"20211","11620775","난곡동","883","494","389","0","84","183","217","268","131","0","31","95","108","156","104","0","53","88","109","112","27"
"20211","11620715","난향동","430","212","218","0","46","96","121","93","74","0","10","43","51","47","61","0","36","53","70","46","13"
"20211","11620630","남현동","3374","2233","1141","0","560","847","916","657","394","0","308","572","645","430","278","0","252","275","271","227","116"
"20211","11620745","삼성동","780","438","342","0","82","154","215","212","117","0","37","77","112","115","97","0","45","77","103","97","20"
"20211","11620665","서림동","1534","872","662","0","220","272","389","335","318","0","110","146","207","201","208","0","110","126","182","134","110"
"20211","11620615","중앙동","1264","589","675","0","143","223","298","350","250","0","57","107","141","166","118","0","86","116","157","184","132"
"20211","11650540","잠원동","11785","6832","4953","24","2456","3479","2910","1817","1099","13","968","2038","1930","1138","745","11","1488","1441","980","679","354"
"20211","11680545","압구정동","40086","22569","17517","203","8921","12539","9208","6004","3211","74","3305","7047","6202","3951","1990","129","5616","5492","3006","2053","1221"
"20211","11680640","역삼1동","169130","100073","69057","377","34141","51463","43587","29520","10042","126","16339","32110","28459","15992","7047","251","17802","19353","15128","13528","2995"
"20211","11650560","반포1동","7464","4590","2874","0","1364","2483","1874","1142","601","0","644","1620","1246","633","447","0","720","863","628","509","154"
"20211","11680600","대치1동","16887","8995","7892","27","3092","5510","4204","2629","1425","9","1162","2734","2377","1681","1032","18","1930","2776","1827","948","393"
"20211","11740515","강일동","204","134","70","0","28","44","58","49","25","0","14","30","36","32","22","0","14","14","22","17","3"
"20211","11740550","고덕1동","802","418","384","0","89","175","207","192","139","0","38","100","102","89","89","0","51","75","105","103","50"
"20211","11740530","명일1동","3976","2223","1753","0","588","1069","1004","718","597","0","272","648","657","368","278","0","316","421","347","350","319"
"20211","11140615","신당동","5257","2839","2418","27","1523","1116","989","959","643","6","678","586","508","622","439","21","845","530","481","337","204"
"20211","11140520","소공동","93047","49413","43634","486","26928","29388","20476","12302","3467","133","8748","14620","14610","8986","2316","353","18180","14768","5866","3316","1151"
"20211","11200520","왕십리2동","1035","623","412","0","134","266","303","227","105","0","67","143","186","143","84","0","67","123","117","84","21"
"20211","11215870","구의3동","8848","5395","3453","6","1037","1867","2139","2221","1578","1","596","1305","1452","1141","900","5","441","562","687","1080","678"
"20211","11215730","군자동","1480","808","672","0","176","315","336","341","312","0","69","165","192","180","202","0","107","150","144","161","110"
"20211","11215780","능동","1455","905","550","0","208","338","380","296","233","0","103","200","242","179","181","0","105","138","138","117","52"
"20211","11230560","전농1동","873","583","290","0","84","138","249","260","142","0","56","92","178","175","82","0","28","46","71","85","60"
"20211","11215770","중곡4동","3121","1530","1591","0","541","761","805","728","286","0","148","352","394","395","241","0","393","409","411","333","45"
"20211","11290610","보문동","3466","2627","839","0","332","1021","731","729","653","0","181","818","586","586","456","0","151","203","145","143","197"
"20211","11290600","안암동","2246","1489","757","0","291","592","645","496","222","0","147","374","423","358","187","0","144","218","222","138","35"
"20211","11320681","쌍문4동","250","130","120","0","24","60","71","66","29","0","7","28","36","35","24","0","17","32","35","31","5"
"20211","11350695","상계6?7동","3737","1651","2086","0","525","885","963","951","413","0","138","335","431","517","230","0","387","550","532","434","183"
"20211","11350710","상계9동","1126","712","414","0","144","282","282","319","99","0","79","179","165","212","77","0","65","103","117","107","22"
"20211","11380520","불광1동","1884","816","1068","0","266","448","504","437","229","0","94","193","223","188","118","0","172","255","281","249","111"
"20211","11380690","진관동","539","283","256","0","52","133","146","132","76","0","24","83","83","55","38","0","28","50","63","77","38"
"20211","11410720","북가좌2동","1495","765","730","0","219","294","336","381","265","0","58","150","188","208","161","0","161","144","148","173","104"
"20211","11350625","중계2?3동","1294","725","569","1","168","338","333","332","122","1","100","201","171","175","77","0","68","137","162","157","45"
"20211","11380570","대조동","2240","1106","1134","0","263","481","609","524","363","0","93","235","290","234","254","0","170","246","319","290","109"
"20211","11440655","서강동","3181","2002","1179","0","545","774","769","628","465","0","269","458","509","416","350","0","276","316","260","212","115"
"20211","11440740","상암동","11462","7045","4417","24","2422","4160","3118","1296","442","11","1068","2623","2073","906","364","13","1354","1537","1045","390","78"
"20211","11470520","목2동","3017","1690","1327","0","417","735","805","690","370","0","197","402","447","400","244","0","220","333","358","290","126"
"20211","11500641","방화3동","2437","1576","861","0","234","522","613","673","395","0","118","275","379","475","329","0","116","247","234","198","66"
"20211","11470640","신정3동","2050","1470","580","0","161","393","512","441","543","0","75","242","349","311","493","0","86","151","163","130","50"
"20211","11530780","오류2동","736","448","288","0","69","168","192","190","117","0","31","92","114","120","91","0","38","76","78","70","26"
"20211","11530790","수궁동","1741","1182","559","1","171","335","405","495","334","1","106","214","254","337","270","0","65","121","151","158","64"
"20211","11545620","독산2동","1495","849","646","0","176","310","350","441","218","0","97","144","175","263","170","0","79","166","175","178","48"
"20211","11590620","사당1동","3709","1959","1750","0","615","922","1002","681","489","0","188","450","503","413","405","0","427","472","499","268","84"
"20211","11560610","양평1동","8762","5073","3689","21","1740","2016","1940","1763","1282","8","888","1287","1154","906","830","13","852","729","786","857","452"
"20211","11560540","여의동","192171","136360","55811","455","35329","68874","49407","29468","8638","168","19501","49228","38160","23454","5849","287","15828","19646","11247","6014","2789"
"20211","11620685","신사동","3751","2588","1163","0","593","1093","1107","679","279","0","256","746","878","518","190","0","337","347","229","161","89"
"20211","11620595","청룡동","3071","1689","1382","0","498","875","740","701","257","0","194","445","413","457","180","0","304","430","327","244","77"
"20211","11650531","서초4동","33312","19044","14268","119","6509","10194","8365","5899","2226","54","2475","5823","5425","3699","1568","65","4034","4371","2940","2200","658"
"20211","11680521","논현1동","40917","23930","16987","76","10700","12307","8712","5671","3451","24","4554","7313","5871","3659","2509","52","6146","4994","2841","2012","942"
"20211","11680690","개포4동","6683","4818","1865","0","804","1518","1887","1597","877","0","399","1017","1431","1246","725","0","405","501","456","351","152"
"20211","11680670","개포2동","8495","5569","2926","17","1488","2420","2034","1576","960","5","794","1619","1403","1007","741","12","694","801","631","569","219"
"20211","11650580","반포3동","2674","1492","1182","4","424","680","592","536","438","1","180","401","392","311","207","3","244","279","200","225","231"
"20211","11650550","반포본동","11178","6092","5086","18","1848","3691","3196","1911","514","11","676","2016","1793","1196","400","7","1172","1675","1403","715","114"
"20211","11710620","가락본동","26146","15814","10332","33","3542","6297","5995","5117","5162","12","1697","3934","4017","2970","3184","21","1845","2363","1978","2147","1978"
"20211","11680590","삼성2동","57038","32784","24254","105","11498","18498","14487","8073","4377","39","4771","10882","9669","4542","2881","66","6727","7616","4818","3531","1496"
"20211","11680565","청담동","54369","31131","23238","105","11319","17995","13506","8167","3277","38","4256","10274","8879","5397","2287","67","7063","7721","4627","2770","990"
"20211","11710641","문정1동","31815","24589","7226","0","2889","5941","9173","12013","1799","0","1701","4283","7140","10293","1172","0","1188","1658","2033","1720","627"
"20211","11680660","개포1동","549","337","212","3","86","145","142","114","59","1","39","80","98","77","42","2","47","65","44","37","17"
"20211","11740610","천호2동","2915","1505","1410","1","345","625","725","689","530","1","135","292","359","343","375","0","210","333","366","346","155"
"20211","11710600","석촌동","8142","5381","2761","0","992","1852","1900","1676","1722","0","566","1336","1289","985","1205","0","426","516","611","691","517"
"20211","11110630","종로5?6가동","22084","13809","8275","548","5147","6386","5431","3337","1235","134","2131","4119","3983","2579","863","414","3016","2267","1448","758","372"
"20211","11110650","혜화동","5345","2612","2733","1","874","1459","1302","1062","647","1","299","711","694","547","360","0","575","748","608","515","287"
"20211","11170685","한남동","37600","27541","10059","69","6179","11152","9891","8642","1667","50","2921","7430","8032","7758","1350","19","3258","3722","1859","884","317"
"20211","11170580","효창동","1167","661","506","0","157","295","323","257","135","0","76","170","192","129","94","0","81","125","131","128","41"
"20211","11170630","이촌1동","5250","3358","1892","24","853","1412","1470","1069","422","16","422","869","1036","721","294","8","431","543","434","348","128"
"20211","11200720","송정동","862","530","332","0","121","204","219","175","143","0","59","126","123","103","119","0","62","78","96","72","24"
"20211","11200615","금호2?3가동","394","207","187","0","34","70","96","97","97","0","0","27","48","55","77","0","34","43","48","42","20"
"20211","11200790","용답동","3201","1953","1248","14","806","898","658","506","319","0","348","584","439","325","257","14","458","314","219","181","62"
"20211","11230740","이문1동","915","411","504","0","171","240","250","177","77","0","30","92","125","108","56","0","141","148","125","69","21"
"20211","11230545","제기동","4704","2813","1891","0","603","1171","1152","999","779","0","242","692","736","593","550","0","361","479","416","406","229"
"20211","11260550","면목5동","954","674","280","0","85","152","258","248","211","0","63","123","125","166","197","0","22","29","133","82","14"
"20211","11230710","회기동","131","57","74","0","8","29","36","34","24","0","0","8","15","13","21","0","8","21","21","21","3"
"20211","11260620","묵1동","967","463","504","0","99","229","279","232","128","0","36","109","121","109","88","0","63","120","158","123","40"
"20211","11260690","신내2동","686","382","304","0","91","172","168","171","84","0","38","81","87","111","65","0","53","91","81","60","19"
"20211","11260600","중화1동","1158","615","543","0","126","253","300","280","199","0","44","106","145","155","165","0","82","147","155","125","34"
"20211","11290525","성북동","19885","15180","4705","4","2590","4899","5780","5763","849","0","1432","3425","4588","5136","599","4","1158","1474","1192","627","250"
"20211","11305575","삼각산동","296","163","133","0","53","77","95","46","25","0","22","43","53","23","22","0","31","34","42","23","3"
"20211","11290770","장위2동","686","426","260","0","36","124","175","170","181","0","7","62","99","108","150","0","29","62","76","62","31"
"20211","11290760","장위1동","547","286","261","0","102","118","130","112","85","0","48","65","65","54","54","0","54","53","65","58","31"
"20211","11380551","갈현1동","2245","1152","1093","0","382","526","532","498","307","0","150","275","269","253","205","0","232","251","263","245","102"
"20211","11320522","도봉2동","815","521","294","0","34","96","143","210","332","0","12","48","80","136","245","0","22","48","63","74","87"
"20211","11380580","응암1동","2292","1278","1014","0","228","382","549","534","599","0","102","180","289","272","435","0","126","202","260","262","164"
"20211","11440690","망원1동","3131","1752","1379","0","867","878","659","455","272","0","501","468","320","279","184","0","366","410","339","176","88"
"20211","11350624","중계4동","1121","613","508","1","112","232","262","293","221","1","40","111","136","156","169","0","72","121","126","137","52"
"20211","11350621","중계1동","950","521","429","0","125","209","284","237","95","0","53","114","151","129","74","0","72","95","133","108","21"
"20211","11440700","망원2동","4504","2697","1807","0","565","839","973","1374","753","0","314","623","681","640","439","0","251","216","292","734","314"
"20211","11440610","염리동","2042","1350","692","22","386","459","411","452","312","8","195","312","308","312","215","14","191","147","103","140","97"
"20211","11500605","가양3동","260","166","94","0","43","58","73","54","32","0","28","39","46","32","21","0","15","19","27","22","11"
"20211","11500535","등촌3동","13188","6984","6204","24","1641","2801","2948","3264","2510","12","720","1531","1730","1584","1407","12","921","1270","1218","1680","1103"
"20211","11530760","개봉3동","1461","888","573","0","194","361","376","313","217","0","96","225","225","177","165","0","98","136","151","136","52"
"20211","11500615","우장산동","3267","1797","1470","0","712","738","694","686","437","0","269","425","409","409","285","0","443","313","285","277","152"
"20211","11530530","구로2동","11348","7003","4345","18","1370","2639","2830","2852","1639","9","639","1561","1702","1876","1216","9","731","1078","1128","976","423"
"20211","11560550","당산1동","7122","4290","2832","0","1213","2021","1584","1314","990","0","485","1133","998","919","755","0","728","888","586","395","235"
"20211","11530510","신도림동","9259","6084","3175","12","1514","2873","2258","1680","922","6","631","1959","1628","1162","698","6","883","914","630","518","224"
"20211","11560605","문래동","56797","41251","15546","64","8764","18570","17500","8950","2949","21","4894","14129","14300","6057","1850","43","3870","4441","3200","2893","1099"
"20211","11530595","가리봉동","778","359","419","0","55","127","184","169","243","0","19","59","82","66","133","0","36","68","102","103","110"
"20211","11560720","대림3동","5000","3242","1758","0","507","1051","1287","1203","952","0","261","737","923","757","564","0","246","314","364","446","388"
"20211","11590660","대방동","8214","5461","2753","0","1374","2232","1922","1838","848","0","732","1527","1339","1324","539","0","642","705","583","514","309"
"20211","11560620","양평2동","12555","7184","5371","8","2293","3427","3455","2169","1203","1","1004","2064","1957","1272","886","7","1289","1363","1498","897","317"
"20211","11590540","상도2동","1019","523","496","0","116","243","271","252","137","0","50","127","143","126","77","0","66","116","128","126","60"
"20211","11620565","성현동","1713","647","1066","7","242","301","395","519","249","5","109","158","178","140","57","2","133","143","217","379","192"
"20211","11650530","서초3동","61450","36511","24939","117","10551","18437","15758","11205","5382","49","4460","10744","10085","7316","3857","68","6091","7693","5673","3889","1525"
"20211","11710561","방이1동","8038","5867","2171","5","843","1575","2104","2140","1371","5","402","1001","1568","1714","1177","0","441","574","536","426","194"
"20211","11740660","성내3동","4018","2421","1597","0","564","905","1015","838","696","0","296","576","615","473","461","0","268","329","400","365","235"
"20211","11110550","부암동","1712","956","756","0","289","496","462","329","136","0","115","276","268","201","96","0","174","220","194","128","40"
"20211","11110540","삼청동","3007","2455","552","0","367","797","940","714","189","0","235","615","801","638","166","0","132","182","139","76","23"
"20211","11110700","숭인1동","225","101","124","0","43","50","48","51","33","0","5","21","24","27","24","0","38","29","24","24","9"
"20211","11110640","이화동","1800","993","807","0","273","452","465","378","232","0","84","207","272","253","177","0","189","245","193","125","55"
"20211","11140540","회현동","78140","48297","29843","219","14647","27576","21371","11359","2968","69","6834","16456","13923","8940","2075","150","7813","11120","7448","2419","893"
"20211","11170660","이태원2동","1046","593","453","0","168","359","279","160","80","0","77","198","151","90","77","0","91","161","128","70","3"
"20211","11170640","이촌2동","2644","1800","844","0","378","726","783","579","178","0","172","460","589","448","131","0","206","266","194","131","47"
"20211","11200650","성수1가1동","2307","1446","861","0","289","489","517","616","396","0","132","304","332","420","258","0","157","185","185","196","138"
"20211","11140680","중림동","3238","1805","1433","0","683","1041","847","446","221","0","310","564","470","296","165","0","373","477","377","150","56"
"20211","11290660","길음1동","4044","1976","2068","268","1417","994","674","437","254","112","613","522","332","202","195","156","804","472","342","235","59"
"20211","11215847","자양4동","759","528","231","0","33","103","191","205","227","0","12","59","120","141","196","0","21","44","71","64","31"
"20211","11215820","자양1동","10193","8052","2141","0","692","1435","2765","4164","1137","0","306","924","2221","3622","979","0","386","511","544","542","158"
"20211","11230536","용신동","19499","10093","9406","0","2358","4343","4823","4814","3161","0","1114","2488","2547","2202","1742","0","1244","1855","2276","2612","1419"
"20211","11305608","번3동","226","123","103","0","22","37","56","66","45","0","8","17","31","36","31","0","14","20","25","30","14"
"20211","11305555","송천동","821","424","397","0","34","120","167","230","270","0","5","52","74","140","153","0","29","68","93","90","117"
"20211","11320700","방학2동","793","359","434","0","53","160","203","163","214","0","17","80","91","80","91","0","36","80","112","83","123"
"20211","11320660","쌍문1동","802","381","421","0","87","130","222","228","135","0","14","46","85","118","118","0","73","84","137","110","17"
"20211","11320514","창4동","1631","1028","603","0","169","312","402","449","299","0","73","166","238","303","248","0","96","146","164","146","51"
"20211","11320515","창5동","5138","3248","1890","0","585","1149","1266","1093","1045","0","303","789","852","600","704","0","282","360","414","493","341"
"20211","11410565","충현동","12196","7576","4620","8","1528","3096","3223","2894","1447","6","722","1880","2047","1898","1023","2","806","1216","1176","996","424"
"20211","11440680","합정동","5238","2930","2308","0","869","1515","1367","957","530","0","337","744","859","623","367","0","532","771","508","334","163"
"20211","11470610","신월6동","691","408","283","0","69","128","159","191","144","0","26","66","88","108","120","0","43","62","71","83","24"
"20211","11470530","목3동","1768","973","795","0","230","389","469","428","252","0","115","226","252","217","163","0","115","163","217","211","89"
"20211","11470680","신정7동","298","176","122","0","34","73","91","68","32","0","16","41","55","41","23","0","18","32","36","27","9"
"20211","11410655","홍제2동","347","176","171","0","51","75","88","77","56","0","17","49","44","38","28","0","34","26","44","39","28"
"20211","11530730","고척2동","1674","1062","612","0","174","379","435","458","228","0","115","244","258","265","180","0","59","135","177","193","48"
"20211","11500510","염창동","2900","1345","1555","2","450","854","863","489","242","1","162","373","347","270","192","1","288","481","516","219","50"
"20211","11530750","개봉2동","7179","3553","3626","15","1273","1745","1707","1709","730","6","724","1113","755","573","382","9","549","632","952","1136","348"
"20211","11530550","구로4동","1589","897","692","0","163","319","398","394","315","0","70","177","214","214","222","0","93","142","184","180","93"
"20211","11470611","신월7동","2522","1651","871","0","270","422","511","602","717","0","199","319","337","366","430","0","71","103","174","236","287"
"20211","11470620","신정1동","7480","4368","3112","32","1323","1871","1872","1592","790","32","552","1164","1122","925","573","0","771","707","750","667","217"
"20211","11590680","신대방2동","13567","8641","4926","24","2478","2822","2543","3180","2520","13","1876","2165","1625","1621","1341","11","602","657","918","1559","1179"
"20211","11620735","대학동","659","518","141","0","84","165","192","168","50","0","53","119","160","142","44","0","31","46","32","26","6"
"20211","11620725","조원동","2942","1842","1100","0","560","719","717","631","315","0","258","470","459","426","229","0","302","249","258","205","86"
"20211","11680531","논현2동","51348","32774","18574","60","9843","14883","12372","8342","5848","3","4274","8896","8787","6325","4489","57","5569","5987","3585","2017","1359"
"20211","11680610","대치2동","93548","52340","41208","514","16992","25762","21574","17657","11049","222","7821","15778","13873","9115","5531","292","9171","9984","7701","8542","5518"
"20211","11650651","양재1동","26213","16948","9265","322","6137","7263","5939","3909","2643","156","3113","4882","4196","2609","1992","166","3024","2381","1743","1300","651"
"20211","11650600","방배1동","15710","10377","5333","74","3102","4815","3808","2859","1052","52","1473","2934","2802","2333","783","22","1629","1881","1006","526","269"
"20211","11710531","거여1동","3043","2264","779","0","761","860","738","412","272","0","530","682","568","283","201","0","231","178","170","129","71"
"20211","11710642","문정2동","37095","23318","13777","64","5313","11289","11371","6572","2486","27","2545","6372","7795","5032","1547","37","2768","4917","3576","1540","939"
"20211","11710562","방이2동","40198","23135","17063","45","6486","10320","9079","8569","5699","45","3641","6720","5574","4012","3143","0","2845","3600","3505","4557","2556"
"20211","11680730","일원1동","1836","1006","830","0","239","349","419","401","428","0","101","188","217","211","289","0","138","161","202","190","139"
"20211","11710650","잠실본동","10021","6427","3594","15","1354","1917","2347","2226","2162","0","604","1170","1472","1538","1643","15","750","747","875","688","519"
"20211","11740560","고덕2동","1104","701","403","0","63","141","239","389","272","0","12","63","137","269","220","0","51","78","102","120","52"
"20211","11740540","명일2동","2635","1818","817","0","307","753","709","561","305","0","158","537","519","363","241","0","149","216","190","198","64"
"20211","11110515","청운효자동","6252","4040","2212","17","1143","1818","1742","1109","423","0","498","1139","1300","806","297","17","645","679","442","303","126"
"20211","11140590","광희동","59306","29559","29747","548","17066","15669","12200","9369","4454","231","8297","9126","7066","3169","1670","317","8769","6543","5134","6200","2784"
"20211","11140665","동화동","1168","525","643","0","190","277","307","249","145","0","52","93","149","138","93","0","138","184","158","111","52"
"20211","11140605","을지로동","15804","8615","7189","22","3821","3841","3454","2751","1915","0","995","2116","2245","1912","1347","22","2826","1725","1209","839","568"
"20211","11170555","청파동","3013","1618","1395","0","457","767","727","646","416","0","156","354","384","399","325","0","301","413","343","247","91"
"20211","11140635","약수동","9774","3777","5997","22","1573","3655","2709","1337","478","0","481","1286","900","765","345","22","1092","2369","1809","572","133"
"20211","11140650","신당5동","742","400","342","0","67","170","193","174","138","0","30","75","98","95","102","0","37","95","95","79","36"
"20211","11140580","장충동","5479","2891","2588","17","1259","1501","1415","1047","240","3","444","840","840","603","161","14","815","661","575","444","79"
"20211","11200690","성수2가3동","22671","14529","8142","46","3734","5766","5667","4544","2914","45","2071","3854","3807","2739","2013","1","1663","1912","1860","1805","901"
"20211","11230600","답십리1동","2039","976","1063","0","299","418","569","544","209","0","204","280","206","145","141","0","95","138","363","399","68"
"20211","11230570","전농2동","1015","532","483","0","114","215","272","272","142","0","47","102","146","140","97","0","67","113","126","132","45"
"20211","11215750","중곡2동","2348","1355","993","0","314","477","603","559","395","0","201","276","319","295","264","0","113","201","284","264","131"
"20211","11260680","신내1동","2084","999","1085","0","367","453","383","553","328","0","97","191","183","273","255","0","270","262","200","280","73"
"20211","11290575","동선동","2026","1011","1015","0","266","419","463","519","359","0","90","180","227","286","228","0","176","239","236","233","131"
"20211","11290685","길음2동","438","181","257","0","39","86","123","126","64","0","17","33","57","43","31","0","22","53","66","83","33"
"20211","11290580","돈암1동","126","58","68","0","36","38","26","18","8","0","8","19","14","10","7","0","28","19","12","8","1"
"20211","11290715","월곡1동","1425","881","544","0","85","172","297","306","565","0","26","82","159","205","409","0","59","90","138","101","156"
"20211","11305534","삼양동","345","208","137","0","40","64","87","86","68","0","14","29","45","57","63","0","26","35","42","29","5"
"20211","11305660","인수동","2941","1736","1205","0","261","585","771","868","456","0","88","316","472","515","345","0","173","269","299","353","111"
"20211","11305635","수유3동","3062","1566","1496","0","294","751","811","823","383","0","106","318","378","509","255","0","188","433","433","314","128"
"20211","11305625","수유2동","1284","684","600","0","29","73","250","397","535","0","1","40","158","273","212","0","28","33","92","124","323"
"20211","11320690","방학1동","2999","1737","1262","0","302","662","744","899","392","0","163","386","385","509","294","0","139","276","359","390","98"
"20211","11320513","창3동","589","319","270","0","32","126","210","169","52","0","0","75","125","79","40","0","32","51","85","90","12"
"20211","11320511","창1동","900","411","489","0","125","182","241","247","105","0","47","72","109","116","67","0","78","110","132","131","38"
"20243","11590520","노량진2동","3154","1642","1512","0","505","931","765","647","306","0","264","409","350","415","204","0","241","522","415","232","102"
"20211","11350665","상계3?4동","617","437","180","0","26","44","160","244","143","0","7","22","100","184","124","0","19","22","60","60","19"
"20211","11350619","중계본동","904","436","468","0","103","183","226","263","129","0","49","93","98","118","78","0","54","90","128","145","51"
"20211","11380530","불광2동","1998","956","1042","0","92","265","327","430","884","0","27","137","128","173","491","0","65","128","199","257","393"
"20211","11350720","상계10동","401","169","232","0","61","86","107","115","32","0","12","36","42","55","24","0","49","50","65","60","8"
"20211","11410685","홍은2동","1579","1025","554","1","252","431","385","343","167","1","142","284","250","226","122","0","110","147","135","117","45"
"20211","11410555","북아현동","1257","939","318","0","117","290","349","362","139","0","47","224","279","282","107","0","70","66","70","80","32"
"20211","11350580","월계3동","339","168","171","0","39","59","89","97","55","0","15","30","41","50","32","0","24","29","48","47","23"
"20211","11380510","녹번동","2625","1399","1226","0","291","615","717","707","295","0","140","298","345","419","197","0","151","317","372","288","98"
"20211","11470570","신월2동","1607","929","678","0","130","260","438","443","336","0","73","155","226","233","242","0","57","105","212","210","94"
"20211","11470550","목5동","15086","9185","5901","51","2445","3902","3657","3159","1872","24","1127","2354","2311","2070","1299","27","1318","1548","1346","1089","573"
"20211","11530560","구로5동","12514","7903","4611","22","1759","2932","3252","2781","1768","18","990","2023","2152","1645","1075","4","769","909","1100","1136","693"
"20211","11500550","화곡2동","1371","840","531","0","163","386","361","332","129","0","100","255","221","175","89","0","63","131","140","157","40"
"20211","11500570","화곡4동","2169","963","1206","0","515","595","445","406","208","0","113","257","216","218","159","0","402","338","229","188","49"
"20211","11500591","화곡6동","7642","4870","2772","2","1078","2041","1963","1737","821","0","535","1304","1255","1151","625","2","543","737","708","586","196"
"20211","11545700","시흥4동","1242","743","499","0","199","261","356","305","121","0","120","181","211","141","90","0","79","80","145","164","31"
"20211","11545610","독산1동","11527","7394","4133","15","891","1565","1934","2532","4590","15","524","1045","1234","1557","3019","0","367","520","700","975","1571"
"20211","11545640","독산4동","1481","847","634","0","178","251","316","351","385","0","106","150","192","170","229","0","72","101","124","181","156"
"20211","11560710","대림2동","3511","1789","1722","3","653","831","781","546","697","0","257","442","339","306","445","3","396","389","442","240","252"
"20211","11560560","당산2동","11854","7951","3903","11","1855","2667","2877","2619","1825","5","949","1663","2009","1922","1403","6","906","1004","868","697","422"
"20211","11590550","상도3동","966","557","409","0","70","195","258","234","209","0","40","135","154","117","111","0","30","60","104","117","98"
"20211","11590670","신대방1동","3834","2434","1400","2","733","1234","897","610","358","2","373","795","622","399","243","0","360","439","275","211","115"
"20211","11620695","신림동","1677","1025","652","0","125","226","410","392","524","0","41","122","229","229","404","0","84","104","181","163","120"
"20211","11620655","신원동","569","341","228","0","48","123","150","146","102","0","29","69","93","89","61","0","19","54","57","57","41"
"20211","11590605","흑석동","126","77","49","0","13","28","40","28","17","0","7","16","25","16","13","0","6","12","15","12","4"
"20211","11620605","은천동","1140","539","601","0","154","215","238","314","219","0","49","101","122","141","126","0","105","114","116","173","93"
"20211","11650510","서초1동","42533","23804","18729","48","8918","11028","9382","10387","2770","14","3197","5939","5441","7200","2013","34","5721","5089","3941","3187","757"
"20211","11680655","도곡1동","29536","20932","8604","56","5045","6881","8239","7475","1840","46","2560","4509","6197","6125","1495","10","2485","2372","2042","1350","345"
"20211","11710632","가락2동","6689","4497","2192","0","892","1424","1323","1254","1796","0","527","970","876","747","1377","0","365","454","447","507","419"
"20211","11680650","역삼2동","48471","28737","19734","168","11158","13471","11522","8579","3573","62","5379","8630","7665","4486","2515","106","5779","4841","3857","4093","1058"
"20211","11710532","거여2동","1463","756","707","1","187","242","358","438","237","0","104","143","182","197","130","1","83","99","176","241","107"
"20211","11740580","암사2동","2162","789","1373","0","212","361","511","649","429","0","73","170","205","187","154","0","139","191","306","462","275"
"20211","11710510","풍납1동","1007","576","431","0","120","228","269","271","119","0","64","124","146","146","96","0","56","104","123","125","23"
"20211","11740520","상일동","1070","542","528","0","159","240","263","281","127","0","56","120","156","130","80","0","103","120","107","151","47"
"20211","11710680","잠실3동","30372","20597","9775","147","5553","7610","7557","5753","3752","66","2894","5263","5596","4126","2652","81","2659","2347","1961","1627","1100"
"20211","11110690","창신3동","111","53","58","0","12","31","29","31","8","0","5","13","13","16","6","0","7","18","16","15","2"
"20211","11140670","황학동","806","554","252","0","120","232","210","156","88","0","78","147","132","114","83","0","42","85","78","42","5"
"20211","11170530","남영동","16510","6950","9560","135","6276","4071","3150","2110","768","9","1177","2187","1871","1130","576","126","5099","1884","1279","980","192"
"20211","11170520","용산2가동","721","527","194","0","46","114","270","259","32","0","12","63","216","209","27","0","34","51","54","50","5"
"20211","11170560","원효로1동","2817","1929","888","0","436","773","735","520","353","0","258","556","512","356","247","0","178","217","223","164","106"
"20211","11170650","이태원1동","18613","8162","10451","0","5458","7157","3630","1800","568","0","1409","2999","2012","1297","445","0","4049","4158","1618","503","123"
"20211","11200660","성수1가2동","5397","3719","1678","4","865","1105","1139","1173","1111","4","515","738","739","834","889","0","350","367","400","339","222"
"20211","11215830","자양2동","2299","1440","859","0","321","520","605","593","260","0","220","334","359","328","199","0","101","186","246","265","61"
"20211","11215850","구의1동","3417","2048","1369","0","481","863","948","786","339","0","253","502","525","509","259","0","228","361","423","277","80"
"20211","11215810","광장동","6986","4240","2746","65","2163","1835","1356","1078","489","20","1037","1186","916","720","361","45","1126","649","440","358","128"
"20211","11200540","마장동","6815","4853","1962","2","554","1202","1574","2257","1226","2","333","825","1153","1619","921","0","221","377","421","638","305"
"20211","11200620","금호4가동","709","425","284","0","77","163","200","173","96","0","28","84","131","108","74","0","49","79","69","65","22"
"20211","11230705","청량리동","2798","1498","1300","0","493","821","538","521","425","0","180","471","302","298","247","0","313","350","236","223","178"
"20211","11215760","중곡3동","919","600","319","0","93","224","265","215","122","0","52","165","157","140","86","0","41","59","108","75","36"
"20211","11260580","상봉1동","1862","1312","550","3","216","322","386","503","432","3","142","201","221","353","392","0","74","121","165","150","40"
"20211","11290590","돈암2동","433","261","172","1","67","104","138","77","46","0","31","61","92","57","20","1","36","43","46","20","26"
"20211","11290810","석관동","2596","1752","844","0","200","379","484","535","998","0","98","238","281","343","792","0","102","141","203","192","206"
"20211","11290725","월곡2동","2935","1865","1070","0","476","831","710","517","401","0","238","549","434","307","337","0","238","282","276","210","64"
"20211","11290705","종암동","16164","8517","7647","11","1354","4097","5735","4627","340","0","580","1499","2618","3616","204","11","774","2598","3117","1011","136"
"20211","11305535","미아동","984","559","425","0","93","179","283","282","147","0","35","88","160","171","105","0","58","91","123","111","42"
"20211","11290620","정릉1동","526","290","236","0","67","94","114","141","110","0","17","36","57","88","92","0","50","58","57","53","18"
"20211","11350560","월계1동","1349","740","609","0","213","328","351","263","194","0","97","202","176","135","130","0","116","126","175","128","64"
"20211","11350700","상계8동","576","301","275","0","81","168","142","129","56","0","28","106","59","70","38","0","53","62","83","59","18"
"20211","11350640","상계2동","2063","999","1064","0","260","348","530","539","386","0","84","198","249","255","213","0","176","150","281","284","173"
"20211","11380552","갈현2동","2987","1537","1450","0","287","595","800","805","500","0","132","332","378","357","338","0","155","263","422","448","162"
"20211","11320521","도봉1동","1620","1097","523","0","39","169","380","601","431","0","0","88","226","436","347","0","39","81","154","165","84"
"20211","11380600","응암3동","1475","716","759","0","144","348","429","356","198","0","50","173","197","159","137","0","94","175","232","197","61"
"20211","11410690","남가좌1동","1636","987","649","3","118","209","284","407","615","3","80","141","180","216","367","0","38","68","104","191","248"
"20211","11410520","천연동","1117","605","512","0","94","184","291","390","158","0","30","84","163","229","99","0","64","100","128","161","59"
"20211","11380560","구산동","1383","739","644","0","168","261","306","440","208","0","62","115","147","273","142","0","106","146","159","167","66"
"20211","11440660","서교동","26231","13407","12824","16","5497","7422","6106","4305","2885","15","2248","3711","3358","2277","1798","1","3249","3711","2748","2028","1087"
"20211","11440630","신수동","2357","1339","1018","0","288","654","658","574","183","0","109","305","376","404","145","0","179","349","282","170","38"
"20211","11440555","아현동","5681","3122","2559","6","1082","1825","1609","965","194","2","473","1019","903","585","140","4","609","806","706","380","54"
"20211","11470600","신월5동","1521","848","673","0","180","386","391","386","178","0","83","193","202","228","142","0","97","193","189","158","36"
"20211","11470650","신정4동","5168","2846","2322","0","870","924","993","1087","1294","0","259","450","504","588","1045","0","611","474","489","499","249"
"20211","11500603","가양1동","1652","1035","617","0","178","346","377","399","352","0","76","213","226","260","260","0","102","133","151","139","92"
"20211","11470630","신정2동","12667","7273","5394","29","2282","4114","3393","2231","618","11","926","2262","2102","1482","490","18","1356","1852","1291","749","128"
"20211","11545690","시흥3동","1826","1086","740","0","134","268","424","476","524","0","71","175","246","260","334","0","63","93","178","216","190"
"20211","11560630","신길1동","2505","1098","1407","0","445","603","559","495","403","0","134","290","264","207","203","0","311","313","295","288","200"
"20211","11545630","독산3동","3541","2549","992","0","280","541","629","692","1399","0","150","328","338","415","1318","0","130","213","291","277","81"
"20211","11590630","사당2동","2002","1114","888","0","309","604","551","372","166","0","149","373","330","170","92","0","160","231","221","202","74"
"20211","11590520","노량진2동","3919","2042","1877","4","620","1149","954","801","391","0","324","504","439","515","260","4","296","645","515","286","131"
"20211","11590510","노량진1동","4359","2443","1916","1","560","1044","1103","1043","608","1","234","597","670","563","378","0","326","447","433","480","230"
"20211","11590651","사당5동","1463","796","667","0","181","361","440","352","129","0","81","168","228","202","117","0","100","193","212","150","12"
"20211","11650520","서초2동","60995","40519","20476","124","12784","20130","15269","9342","3346","35","6980","13597","10504","7005","2398","89","5804","6533","4765","2337","948"
"20211","11620545","청림동","308","175","133","0","47","104","101","44","12","0","21","59","60","27","8","0","26","45","41","17","4"
"20211","11710646","장지동","5323","3640","1683","0","569","846","1266","1408","1234","0","318","565","849","991","917","0","251","281","417","417","317"
"20211","11650581","반포4동","57270","50540","6730","32","5734","12159","15443","21287","2615","13","4349","10118","13706","20231","2123","19","1385","2041","1737","1056","492"
"20211","11710580","송파1동","9835","6186","3649","0","1385","2214","2458","2144","1634","0","595","1316","1609","1447","1219","0","790","898","849","697","415"
"20211","11710540","마천1동","671","327","344","0","60","145","208","192","66","0","17","67","98","94","51","0","43","78","110","98","15"
"20211","11740570","암사1동","2488","1512","976","0","326","533","522","500","607","0","157","348","327","334","346","0","169","185","195","166","261"
"20211","11740685","길동","8361","4240","4121","0","1200","1672","1888","2040","1561","0","468","887","1007","939","939","0","732","785","881","1101","622"
"20211","11740700","둔촌2동","2952","1329","1623","0","560","770","642","614","366","0","157","322","320","292","238","0","403","448","322","322","128"
"20211","11710670","잠실2동","3800","2534","1266","4","729","1104","996","759","208","4","458","775","676","500","121","0","271","329","320","259","87"
"20211","11710566","오륜동","16273","9429","6844","26","2637","4923","4225","3255","1207","8","1062","2562","2716","2156","925","18","1575","2361","1509","1099","282"
"20211","11140550","명동","122900","71136","51764","121","20111","41380","33341","21854","6093","35","8045","21338","21485","16107","4126","86","12066","20042","11856","5747","1967"
"20211","11170700","보광동","547","273","274","0","59","119","149","140","80","0","3","56","77","80","57","0","56","63","72","60","23"
"20211","11110600","가회동","12809","9539","3270","3","1371","4415","3851","2406","763","3","706","3247","3012","1982","589","0","665","1168","839","424","174"
"20211","11140570","필동","13408","6310","7098","5","1937","3400","4133","2936","997","1","657","1684","1944","1377","647","4","1280","1716","2189","1559","350"
"20211","11170690","서빙고동","6671","4372","2299","7","1188","1993","2059","1053","371","2","569","1167","1502","841","291","5","619","826","557","212","80"
"20211","11140645","청구동","2028","1109","919","0","296","541","476","436","279","0","98","279","300","269","163","0","198","262","176","167","116"
"20211","11200645","옥수동","2061","796","1265","0","528","615","467","310","141","0","132","228","218","145","73","0","396","387","249","165","68"
"20211","11200535","왕십리도선동","3164","1451","1713","2","520","613","659","782","588","0","178","339","356","329","249","2","342","274","303","453","339"
"20211","11200570","행당2동","17","4","13","0","0","3","7","5","2","0","0","1","1","0","2","0","0","2","6","5","0"
"20211","11215740","중곡1동","4132","2007","2125","35","1080","794","831","974","418","9","459","428","411","392","308","26","621","366","420","582","110"
"20211","11230750","이문2동","247","133","114","0","27","55","56","63","46","0","9","27","27","35","35","0","18","28","29","28","11"
"20211","11260575","면목3?8동","1963","1255","708","0","172","348","513","544","386","0","53","181","307","405","309","0","119","167","206","139","77"
"20211","11260520","면목2동","1106","619","487","0","80","181","250","348","247","0","13","80","131","201","194","0","67","101","119","147","53"
"20211","11230720","휘경1동","809","483","326","0","86","155","206","209","153","0","29","91","133","145","85","0","57","64","73","64","68"
"20211","11260565","면목본동","1210","660","550","0","138","291","328","298","155","0","40","148","171","171","130","0","98","143","157","127","25"
"20211","11260630","묵2동","1404","969","435","0","197","349","337","391","130","0","116","240","223","289","101","0","81","109","114","102","29"
"20211","11260610","중화2동","794","469","325","0","73","108","220","182","211","0","36","49","110","110","164","0","37","59","110","72","47"
"20211","11305645","우이동","1439","900","539","0","59","111","194","355","720","0","8","53","109","251","479","0","51","58","85","104","241"
"20211","11305545","송중동","1341","658","683","0","120","219","400","354","248","0","40","91","172","173","182","0","80","128","228","181","66"
"20211","11305615","수유1동","1155","523","632","0","105","203","304","351","192","0","20","81","126","153","143","0","85","122","178","198","49"
"20211","11290780","장위3동","221","134","87","0","30","44","50","56","41","0","7","24","28","34","41","0","23","20","22","22","0"
"20211","11320670","쌍문2동","1004","574","430","0","106","169","238","294","197","0","28","78","125","186","157","0","78","91","113","108","40"
"20211","11320680","쌍문3동","1035","482","553","0","227","235","252","245","76","0","49","106","130","141","56","0","178","129","122","104","20"
"20211","11380631","신사1동","1272","678","594","0","128","269","291","316","268","0","49","132","158","153","186","0","79","137","133","163","82"
"20211","11410620","홍제1동","1864","959","905","0","199","279","480","646","260","0","57","126","251","361","164","0","142","153","229","285","96"
"20211","11410660","홍은1동","2582","517","2065","0","87","189","704","1239","363","0","32","64","132","151","138","0","55","125","572","1088","225"
"20211","11410585","신촌동","1969","1037","932","0","304","536","504","424","201","0","112","232","257","282","154","0","192","304","247","142","47"
"20211","11440590","용강동","11032","6546","4486","1","1617","2719","2618","2183","1894","1","783","1610","1731","1267","1154","0","834","1109","887","916","740"
"20211","11470560","신월1동","2094","1369","725","0","182","343","489","699","381","0","99","211","298","470","291","0","83","132","191","229","90"
"20211","11470510","목1동","14424","9367","5057","24","2496","3931","3603","2944","1426","16","1165","2584","2558","2115","929","8","1331","1347","1045","829","497"
"20211","11410640","홍제3동","857","427","430","0","69","102","174","227","285","0","21","38","81","119","168","0","48","64","93","108","117"
"20211","11500540","화곡1동","4355","2437","1918","0","428","899","1088","1225","715","0","191","521","589","687","449","0","237","378","499","538","266"
"20211","11500560","화곡3동","3555","2192","1363","0","488","859","914","820","474","0","262","571","554","461","344","0","226","288","360","359","130"
"20211","11530720","고척1동","2425","1726","699","0","211","493","638","744","339","0","111","330","446","561","278","0","100","163","192","183","61"
"20211","11530540","구로3동","61322","40198","21124","220","12747","20658","15533","7627","4537","147","6443","13703","10945","5323","3637","73","6304","6955","4588","2304","900"
"20211","11500590","화곡본동","2358","1341","1017","0","245","468","577","573","495","0","86","263","330","300","362","0","159","205","247","273","133"
"20211","11530770","오류1동","3085","1967","1118","0","398","575","759","899","454","0","286","387","460","520","314","0","112","188","299","379","140"
"20211","11560700","대림1동","1614","607","1007","0","533","373","333","265","110","0","103","127","164","134","79","0","430","246","169","131","31"
"20211","11560660","신길4동","777","386","391","0","129","187","199","184","78","0","44","88","96","99","59","0","85","99","103","85","19"
"20211","11560670","신길5동","804","384","420","0","71","174","271","199","89","0","33","80","96","100","75","0","38","94","175","99","14"
"20211","11545680","시흥2동","978","576","402","0","97","196","247","293","145","0","56","112","140","170","98","0","41","84","107","123","47"
"20211","11620525","보라매동","2155","1113","1042","2","276","494","514","540","329","0","112","252","262","258","229","2","164","242","252","282","100"
"20211","11650620","방배3동","15432","10109","5323","79","2414","4594","4177","2513","1655","24","1227","2884","3005","1730","1239","55","1187","1710","1172","783","416"
"20211","11650590","방배본동","23491","13006","10485","77","4409","6060","6251","4201","2493","59","1500","3165","3638","2730","1914","18","2909","2895","2613","1471","579"
"20211","11590640","사당3동","893","520","373","0","102","201","245","213","132","0","39","106","150","123","102","0","63","95","95","90","30"
"20211","11590530","상도1동","3353","1948","1405","0","515","832","821","750","435","0","220","470","493","464","301","0","295","362","328","286","134"
"20211","11680656","도곡2동","87366","59746","27620","420","16691","34331","25099","9046","1779","266","8919","23515","19293","6582","1171","154","7772","10816","5806","2464","608"
"20211","11680580","삼성1동","169811","114606","55205","390","34212","50928","45504","30148","8629","191","18388","33671","33563","23632","5161","199","15824","17257","11941","6516","3468"
"20211","11680700","세곡동","407","238","169","0","27","71","83","121","105","0","11","36","49","71","71","0","16","35","34","50","34"
"20211","11680750","수서동","18199","9605","8594","23","2590","4906","4897","3614","2169","15","1161","2636","2568","1920","1305","8","1429","2270","2329","1694","864"
"20211","11710610","삼전동","3629","2450","1179","0","429","829","822","733","816","0","246","543","539","449","673","0","183","286","283","284","143"
"20211","11710631","가락1동","5873","4107","1766","0","401","1093","1616","1683","1080","0","269","837","1190","1104","707","0","132","256","426","579","373"
"20211","11710590","송파2동","5342","3378","1964","18","842","1324","1402","1274","482","16","408","841","1010","799","304","2","434","483","392","475","178"
"20211","11740600","천호1동","1785","1034","751","0","164","335","445","426","415","0","61","174","225","253","321","0","103","161","220","173","94"
"20211","11710690","잠실4동","2075","1666","409","10","277","651","602","441","94","4","199","535","496","360","72","6","78","116","106","81","22"
"20211","11710710","잠실6동","53520","28519","25001","106","8515","14206","15267","13646","1780","35","3941","8730","8812","5660","1341","71","4574","5476","6455","7986","439"
"20212","11110580","교남동","725","431","294","0","79","192","194","147","113","0","26","97","116","101","91","0","53","95","78","46","22"
"20212","11110670","창신1동","1940","842","1098","0","135","340","605","498","362","0","51","114","200","226","251","0","84","226","405","272","111"
"20212","11110680","창신2동","183","50","133","0","4","12","54","74","39","0","0","0","17","21","12","0","4","12","37","53","27"
"20212","11140625","다산동","6479","4097","2382","0","1145","2078","1566","1137","553","0","469","1429","1102","698","399","0","676","649","464","439","154"
"20212","11110530","사직동","45807","28676","17131","30","6047","12958","13809","9084","3879","5","2531","7964","9447","6344","2385","25","3516","4994","4362","2740","1494"
"20212","11200590","금호1가동","1533","569","964","9","180","502","628","174","40","0","56","167","248","69","29","9","124","335","380","105","11"
"20212","11170570","원효로2동","2867","2073","794","5","451","869","800","465","277","2","260","622","617","348","224","3","191","247","183","117","53"
"20212","11170625","한강로동","43804","21631","22173","121","8957","13665","12500","6436","2125","57","3649","6398","6216","3914","1397","64","5308","7267","6284","2522","728"
"20212","11200670","성수2가1동","7627","4847","2780","51","1751","2203","1750","1243","629","27","788","1425","1199","883","525","24","963","778","551","360","104"
"20212","11200560","행당1동","1566","1063","503","0","194","327","404","448","193","0","97","202","279","341","144","0","97","125","125","107","49"
"20212","11215860","구의2동","2121","1328","793","8","302","367","540","578","326","0","154","205","357","380","232","8","148","162","183","198","94"
"20212","11215710","화양동","1232","803","429","0","155","188","307","376","206","0","56","103","206","264","174","0","99","85","101","112","32"
"20212","11230650","장안1동","9768","6164","3604","3","1327","1922","2116","2160","2240","3","798","1238","1320","1302","1503","0","529","684","796","858","737"
"20212","11260540","면목4동","801","613","188","0","38","127","223","313","100","0","14","84","158","266","91","0","24","43","65","47","9"
"20212","11260655","망우본동","1494","785","709","0","153","273","340","464","264","0","42","102","159","257","225","0","111","171","181","207","39"
"20212","11260660","망우3동","371","196","175","0","20","49","98","120","84","0","6","16","44","65","65","0","14","33","54","55","19"
"20212","11290555","삼선동","4713","2362","2351","0","494","1135","1429","1179","476","0","169","487","689","740","277","0","325","648","740","439","199"
"20212","11305603","번2동","289","134","155","0","33","37","84","94","41","0","13","19","35","45","22","0","20","18","49","49","19"
"20212","11290630","정릉2동","1094","471","623","0","175","269","298","241","111","0","37","113","116","116","89","0","138","156","182","125","22"
"20212","11290640","정릉3동","378","268","110","0","59","114","92","66","47","0","35","80","68","51","34","0","24","34","24","15","13"
"20212","11350630","상계1동","3668","2327","1341","0","420","759","889","937","663","0","244","514","578","586","405","0","176","245","311","351","258"
"20212","11350570","월계2동","54","25","29","0","6","13","15","15","5","0","2","4","6","9","4","0","4","9","9","6","1"
"20212","11350611","하계1동","557","353","204","0","62","117","142","160","76","0","27","69","84","112","61","0","35","48","58","48","15"
"20212","11320710","방학3동","1081","649","432","0","186","246","254","251","144","0","118","142","160","121","108","0","68","104","94","130","36"
"20212","11380625","역촌동","3216","1548","1668","0","525","659","840","737","455","0","183","299","391","358","317","0","342","360","449","379","138"
"20212","11380640","증산동","2370","1551","819","0","304","631","655","536","244","0","144","423","435","357","192","0","160","208","220","179","52"
"20212","11380590","응암2동","404","262","142","0","47","50","95","120","92","0","27","27","55","73","80","0","20","23","40","47","12"
"20212","11410700","남가좌2동","838","435","403","0","79","173","243","250","93","0","21","82","114","143","75","0","58","91","129","107","18"
"20212","11410615","연희동","7677","5061","2616","4","1217","1908","1657","2130","761","3","675","1274","1040","1531","538","1","542","634","617","599","223"
"20212","11380650","수색동","216","138","78","0","26","60","53","42","35","0","13","38","33","27","27","0","13","22","20","15","8"
"20212","11440710","연남동","2885","1790","1095","0","457","690","714","617","407","0","204","370","424","430","362","0","253","320","290","187","45"
"20212","11500620","공항동","5655","2963","2692","0","946","1870","1557","1098","184","0","219","783","906","913","142","0","727","1087","651","185","42"
"20212","11470540","목4동","1836","1125","711","0","212","409","541","462","212","0","82","249","322","298","174","0","130","160","219","164","38"
"20212","11500530","등촌2동","2931","1738","1193","0","349","578","706","755","543","0","146","314","426","479","373","0","203","264","280","276","170"
"20212","11500611","발산1동","2494","1447","1047","0","155","369","663","816","491","0","65","186","317","477","402","0","90","183","346","339","89"
"20212","11530740","개봉1동","2726","1592","1134","0","231","585","656","726","528","0","119","325","334","416","398","0","112","260","322","310","130"
"20212","11500593","화곡8동","1592","869","723","0","232","419","448","286","207","0","107","226","224","173","139","0","125","193","224","113","68"
"20212","11545670","시흥1동","4369","2336","2033","0","611","1057","1044","1096","561","0","280","526","526","618","386","0","331","531","518","478","175"
"20212","11545510","가산동","92112","60594","31518","307","18157","28626","22788","13495","8739","197","9635","19227","16442","8968","6125","110","8522","9399","6346","4527","2614"
"20212","11560650","신길3동","463","326","137","0","14","69","110","125","145","0","2","44","74","86","120","0","12","25","36","39","25"
"20212","11590560","상도4동","1114","668","446","0","147","261","282","273","151","0","72","153","170","197","76","0","75","108","112","76","75"
"20212","11560515","영등포본동","4165","2383","1782","8","583","1038","1074","1016","446","3","248","526","619","642","345","5","335","512","455","374","101"
"20212","11620645","서원동","2073","856","1217","0","398","444","382","463","386","0","98","179","193","169","217","0","300","265","189","294","169"
"20212","11620585","낙성대동","5501","3039","2462","0","886","1900","1183","839","693","0","400","999","618","486","536","0","486","901","565","353","157"
"20212","11620765","미성동","2518","1504","1014","0","230","433","608","674","573","0","150","258","343","351","402","0","80","175","265","323","171"
"20212","11650660","내곡동","1029","666","363","0","148","215","217","222","227","0","104","155","146","129","132","0","44","60","71","93","95"
"20212","11620575","행운동","2006","1135","871","0","293","500","480","454","279","0","145","288","259","236","207","0","148","212","221","218","72"
"20212","11650610","방배2동","14220","6920","7300","7","2398","3655","3923","2729","1508","0","832","1639","1810","1616","1023","7","1566","2016","2113","1113","485"
"20212","11650621","방배4동","15577","9631","5946","12","2697","4301","3876","2985","1706","4","1141","2535","2631","2090","1230","8","1556","1766","1245","895","476"
"20212","11620625","인헌동","1574","911","663","0","324","461","406","243","140","0","148","285","241","126","111","0","176","176","165","117","29"
"20212","11590650","사당4동","1203","622","581","0","124","188","269","232","390","0","47","96","115","107","257","0","77","92","154","125","133"
"20212","11680630","대치4동","33644","20688","12956","114","5394","10031","9152","5714","3239","5","2313","6075","6268","4009","2018","109","3081","3956","2884","1705","1221"
"20212","11650652","양재2동","32728","24569","8159","24","4345","8021","9203","8638","2497","15","2632","5905","7071","7046","1900","9","1713","2116","2132","1592","597"
"20212","11680510","신사동","26498","15795","10703","38","5521","8012","6737","4036","2154","11","2145","4894","4512","2640","1593","27","3376","3118","2225","1396","561"
"20212","11650570","반포2동","2283","1360","923","4","383","708","593","383","212","2","168","428","382","231","149","2","215","280","211","152","63"
"20212","11710570","오금동","21745","15192","6553","3","2885","5169","5495","5245","2948","3","1684","3492","4052","3967","1994","0","1201","1677","1443","1278","954"
"20212","11710550","마천2동","1374","876","498","0","121","327","385","359","182","0","73","204","220","215","164","0","48","123","165","144","18"
"20212","11740620","천호3동","1293","737","556","0","61","139","216","232","645","0","20","63","107","118","429","0","41","76","109","114","216"
"20212","11710520","풍납2동","473","233","240","0","102","162","118","72","19","0","28","84","62","44","15","0","74","78","56","28","4"
"20212","11740640","성내1동","13587","9226","4361","6","1613","2842","2920","3515","2691","1","934","1771","1913","2538","2069","5","679","1071","1007","977","622"
"20212","11740650","성내2동","2250","1430","820","0","372","471","506","461","440","0","253","301","302","295","279","0","119","170","204","166","161"
"20212","11110615","종로1?2?3?4가동","115053","63404","51649","1591","23320","35023","31524","18059","5536","680","10167","17578","18479","12728","3772","911","13153","17445","13045","5331","1764"
"20212","11110560","평창동","11836","6635","5201","5","1468","3178","3881","2569","735","2","701","1626","2292","1542","472","3","767","1552","1589","1027","263"
"20212","11110570","무악동","431","116","315","1","120","123","109","54","24","1","26","25","35","16","13","0","94","98","74","38","11"
"20212","11110710","숭인2동","1620","831","789","0","240","286","386","387","321","0","72","136","217","232","174","0","168","150","169","155","147"
"20212","11170590","용문동","2558","1478","1080","0","506","696","704","477","175","0","211","408","416","321","122","0","295","288","288","156","53"
"20212","11170510","후암동","1731","1026","705","0","259","386","483","398","205","0","94","230","318","235","149","0","165","156","165","163","56"
"20212","11200550","사근동","399","289","110","0","14","68","133","129","55","0","4","42","93","102","48","0","10","26","40","27","7"
"20212","11200580","응봉동","368","152","216","1","87","98","80","65","37","0","20","34","38","33","27","1","67","64","42","32","10"
"20212","11230610","답십리2동","2849","2099","750","4","461","650","669","580","485","4","347","503","491","402","352","0","114","147","178","178","133"
"20212","11260590","상봉2동","4569","3186","1383","0","541","1193","1521","1043","271","0","316","841","1026","764","239","0","225","352","495","279","32"
"20212","11215840","자양3동","1991","1440","551","1","236","515","558","506","175","0","145","365","414","374","142","1","91","150","144","132","33"
"20212","11230660","장안2동","5233","2814","2419","3","1624","1019","1056","982","549","3","842","587","490","478","414","0","782","432","566","504","135"
"20212","11230730","휘경2동","1022","526","496","0","133","224","271","247","147","0","37","105","142","131","111","0","96","119","129","116","36"
"20212","11260570","면목7동","786","432","354","0","91","149","194","221","131","0","23","68","102","129","110","0","68","81","92","92","21"
"20212","11305595","번1동","2157","1289","868","0","251","441","432","564","469","0","107","275","265","367","275","0","144","166","167","197","194"
"20212","11290650","정릉4동","863","533","330","0","65","128","215","279","176","0","17","64","138","190","124","0","48","64","77","89","52"
"20212","11320512","창2동","1112","636","476","0","137","251","305","258","161","0","63","151","169","130","123","0","74","100","136","128","38"
"20212","11350595","공릉1동","4652","2516","2136","0","481","713","1022","1295","1141","0","217","392","508","673","726","0","264","321","514","622","415"
"20212","11350600","공릉2동","1001","458","543","0","166","250","245","236","104","0","49","114","114","115","66","0","117","136","131","121","38"
"20212","11350670","상계5동","1096","545","551","0","36","104","188","288","480","0","11","59","79","130","266","0","25","45","109","158","214"
"20212","11380632","신사2동","1084","774","310","0","116","212","283","271","202","0","93","149","163","185","184","0","23","63","120","86","18"
"20212","11410710","북가좌1동","351","282","69","0","5","14","40","75","217","0","1","6","18","51","206","0","4","8","22","24","11"
"20212","11440565","공덕동","9224","5324","3900","23","2058","2517","2492","1621","513","7","819","1333","1586","1205","374","16","1239","1184","906","416","139"
"20212","11440600","대흥동","3932","1935","1997","10","1614","903","564","532","309","0","630","466","307","321","211","10","984","437","257","211","98"
"20212","11440585","도화동","12792","7780","5012","8","2355","3120","3221","2854","1234","4","1229","2147","2121","1490","789","4","1126","973","1100","1364","445"
"20212","11440720","성산1동","4809","3207","1602","1","608","996","1105","936","1163","1","299","620","706","655","926","0","309","376","399","281","237"
"20212","11470580","신월3동","1019","594","425","0","93","185","237","312","192","0","31","75","127","198","163","0","62","110","110","114","29"
"20212","11470590","신월4동","1334","912","422","0","60","160","312","438","364","0","24","87","181","298","322","0","36","73","131","140","42"
"20212","11440730","성산2동","2037","908","1129","1","188","384","539","630","295","1","62","189","242","245","169","0","126","195","297","385","126"
"20212","11500520","등촌1동","5411","3250","2161","2","1083","1405","1201","970","750","2","401","886","827","634","500","0","682","519","374","336","250"
"20212","11500630","방화1동","4389","3485","904","0","448","937","1081","1271","652","0","329","776","874","1064","442","0","119","161","207","207","210"
"20212","11500640","방화2동","2100","1387","713","2","209","404","481","561","443","2","120","245","313","360","347","0","89","159","168","201","96"
"20212","11545710","시흥5동","1300","772","528","1","176","300","337","279","207","1","92","201","199","142","137","0","84","99","138","137","70"
"20212","11560585","도림동","652","430","222","0","41","106","168","178","159","0","16","67","111","116","120","0","25","39","57","62","39"
"20212","11560690","신길7동","2428","1671","757","0","281","464","550","702","431","0","176","318","373","451","353","0","105","146","177","251","78"
"20212","11560680","신길6동","1857","1166","691","0","197","449","490","403","318","0","98","276","296","253","243","0","99","173","194","150","75"
"20212","11560535","영등포동","13330","7459","5871","4","2447","3331","3157","2637","1754","0","906","1860","1969","1553","1171","4","1541","1471","1188","1084","583"
"20212","11620775","난곡동","883","494","389","0","84","183","217","268","131","0","31","95","108","156","104","0","53","88","109","112","27"
"20212","11620715","난향동","430","212","218","0","46","96","121","93","74","0","10","43","51","47","61","0","36","53","70","46","13"
"20212","11620630","남현동","3374","2233","1141","0","560","847","916","657","394","0","308","572","645","430","278","0","252","275","271","227","116"
"20212","11620745","삼성동","780","438","342","0","82","154","215","212","117","0","37","77","112","115","97","0","45","77","103","97","20"
"20212","11620665","서림동","1534","872","662","0","220","272","389","335","318","0","110","146","207","201","208","0","110","126","182","134","110"
"20212","11620615","중앙동","1264","589","675","0","143","223","298","350","250","0","57","107","141","166","118","0","86","116","157","184","132"
"20212","11650540","잠원동","11785","6832","4953","24","2456","3479","2910","1817","1099","13","968","2038","1930","1138","745","11","1488","1441","980","679","354"
"20212","11680545","압구정동","40086","22569","17517","203","8921","12539","9208","6004","3211","74","3305","7047","6202","3951","1990","129","5616","5492","3006","2053","1221"
"20212","11680640","역삼1동","169130","100073","69057","377","34141","51463","43587","29520","10042","126","16339","32110","28459","15992","7047","251","17802","19353","15128","13528","2995"
"20212","11650560","반포1동","7464","4590","2874","0","1364","2483","1874","1142","601","0","644","1620","1246","633","447","0","720","863","628","509","154"
"20212","11680600","대치1동","16887","8995","7892","27","3092","5510","4204","2629","1425","9","1162","2734","2377","1681","1032","18","1930","2776","1827","948","393"
"20212","11740515","강일동","204","134","70","0","28","44","58","49","25","0","14","30","36","32","22","0","14","14","22","17","3"
"20212","11740550","고덕1동","802","418","384","0","89","175","207","192","139","0","38","100","102","89","89","0","51","75","105","103","50"
"20212","11740530","명일1동","3976","2223","1753","0","588","1069","1004","718","597","0","272","648","657","368","278","0","316","421","347","350","319"
"20212","11140615","신당동","5257","2839","2418","27","1523","1116","989","959","643","6","678","586","508","622","439","21","845","530","481","337","204"
"20212","11140520","소공동","93047","49413","43634","486","26928","29388","20476","12302","3467","133","8748","14620","14610","8986","2316","353","18180","14768","5866","3316","1151"
"20212","11200520","왕십리2동","1035","623","412","0","134","266","303","227","105","0","67","143","186","143","84","0","67","123","117","84","21"
"20212","11215870","구의3동","8848","5395","3453","6","1037","1867","2139","2221","1578","1","596","1305","1452","1141","900","5","441","562","687","1080","678"
"20212","11215730","군자동","1480","808","672","0","176","315","336","341","312","0","69","165","192","180","202","0","107","150","144","161","110"
"20212","11215780","능동","1455","905","550","0","208","338","380","296","233","0","103","200","242","179","181","0","105","138","138","117","52"
"20212","11230560","전농1동","873","583","290","0","84","138","249","260","142","0","56","92","178","175","82","0","28","46","71","85","60"
"20212","11215770","중곡4동","3121","1530","1591","0","541","761","805","728","286","0","148","352","394","395","241","0","393","409","411","333","45"
"20212","11290610","보문동","3466","2627","839","0","332","1021","731","729","653","0","181","818","586","586","456","0","151","203","145","143","197"
"20212","11290600","안암동","2246","1489","757","0","291","592","645","496","222","0","147","374","423","358","187","0","144","218","222","138","35"
"20212","11320681","쌍문4동","250","130","120","0","24","60","71","66","29","0","7","28","36","35","24","0","17","32","35","31","5"
"20212","11350695","상계6?7동","3737","1651","2086","0","525","885","963","951","413","0","138","335","431","517","230","0","387","550","532","434","183"
"20212","11350710","상계9동","1126","712","414","0","144","282","282","319","99","0","79","179","165","212","77","0","65","103","117","107","22"
"20212","11380520","불광1동","1884","816","1068","0","266","448","504","437","229","0","94","193","223","188","118","0","172","255","281","249","111"
"20212","11380690","진관동","539","283","256","0","52","133","146","132","76","0","24","83","83","55","38","0","28","50","63","77","38"
"20212","11410720","북가좌2동","1495","765","730","0","219","294","336","381","265","0","58","150","188","208","161","0","161","144","148","173","104"
"20212","11350625","중계2?3동","1294","725","569","1","168","338","333","332","122","1","100","201","171","175","77","0","68","137","162","157","45"
"20212","11380570","대조동","2240","1106","1134","0","263","481","609","524","363","0","93","235","290","234","254","0","170","246","319","290","109"
"20212","11440655","서강동","3181","2002","1179","0","545","774","769","628","465","0","269","458","509","416","350","0","276","316","260","212","115"
"20212","11440740","상암동","11462","7045","4417","24","2422","4160","3118","1296","442","11","1068","2623","2073","906","364","13","1354","1537","1045","390","78"
"20212","11470520","목2동","3017","1690","1327","0","417","735","805","690","370","0","197","402","447","400","244","0","220","333","358","290","126"
"20212","11500641","방화3동","2437","1576","861","0","234","522","613","673","395","0","118","275","379","475","329","0","116","247","234","198","66"
"20212","11470640","신정3동","2050","1470","580","0","161","393","512","441","543","0","75","242","349","311","493","0","86","151","163","130","50"
"20212","11530780","오류2동","736","448","288","0","69","168","192","190","117","0","31","92","114","120","91","0","38","76","78","70","26"
"20212","11530790","수궁동","1741","1182","559","1","171","335","405","495","334","1","106","214","254","337","270","0","65","121","151","158","64"
"20212","11545620","독산2동","1495","849","646","0","176","310","350","441","218","0","97","144","175","263","170","0","79","166","175","178","48"
"20212","11590620","사당1동","3709","1959","1750","0","615","922","1002","681","489","0","188","450","503","413","405","0","427","472","499","268","84"
"20212","11560610","양평1동","8762","5073","3689","21","1740","2016","1940","1763","1282","8","888","1287","1154","906","830","13","852","729","786","857","452"
"20212","11560540","여의동","192171","136360","55811","455","35329","68874","49407","29468","8638","168","19501","49228","38160","23454","5849","287","15828","19646","11247","6014","2789"
"20212","11620685","신사동","3751","2588","1163","0","593","1093","1107","679","279","0","256","746","878","518","190","0","337","347","229","161","89"
"20212","11620595","청룡동","3071","1689","1382","0","498","875","740","701","257","0","194","445","413","457","180","0","304","430","327","244","77"
"20212","11650531","서초4동","33312","19044","14268","119","6509","10194","8365","5899","2226","54","2475","5823","5425","3699","1568","65","4034","4371","2940","2200","658"
"20212","11680521","논현1동","40917","23930","16987","76","10700","12307","8712","5671","3451","24","4554","7313","5871","3659","2509","52","6146","4994","2841","2012","942"
"20212","11680690","개포4동","6683","4818","1865","0","804","1518","1887","1597","877","0","399","1017","1431","1246","725","0","405","501","456","351","152"
"20212","11680670","개포2동","8495","5569","2926","17","1488","2420","2034","1576","960","5","794","1619","1403","1007","741","12","694","801","631","569","219"
"20212","11650580","반포3동","2674","1492","1182","4","424","680","592","536","438","1","180","401","392","311","207","3","244","279","200","225","231"
"20212","11650550","반포본동","11178","6092","5086","18","1848","3691","3196","1911","514","11","676","2016","1793","1196","400","7","1172","1675","1403","715","114"
"20212","11710620","가락본동","26146","15814","10332","33","3542","6297","5995","5117","5162","12","1697","3934","4017","2970","3184","21","1845","2363","1978","2147","1978"
"20212","11680590","삼성2동","57038","32784","24254","105","11498","18498","14487","8073","4377","39","4771","10882","9669","4542","2881","66","6727","7616","4818","3531","1496"
"20212","11680565","청담동","54369","31131","23238","105","11319","17995","13506","8167","3277","38","4256","10274","8879","5397","2287","67","7063","7721","4627","2770","990"
"20212","11710641","문정1동","31815","24589","7226","0","2889","5941","9173","12013","1799","0","1701","4283","7140","10293","1172","0","1188","1658","2033","1720","627"
"20212","11680660","개포1동","549","337","212","3","86","145","142","114","59","1","39","80","98","77","42","2","47","65","44","37","17"
"20212","11740610","천호2동","2915","1505","1410","1","345","625","725","689","530","1","135","292","359","343","375","0","210","333","366","346","155"
"20212","11710600","석촌동","8142","5381","2761","0","992","1852","1900","1676","1722","0","566","1336","1289","985","1205","0","426","516","611","691","517"
"20212","11110630","종로5?6가동","22084","13809","8275","548","5147","6386","5431","3337","1235","134","2131","4119","3983","2579","863","414","3016","2267","1448","758","372"
"20212","11110650","혜화동","5345","2612","2733","1","874","1459","1302","1062","647","1","299","711","694","547","360","0","575","748","608","515","287"
"20212","11170685","한남동","37600","27541","10059","69","6179","11152","9891","8642","1667","50","2921","7430","8032","7758","1350","19","3258","3722","1859","884","317"
"20212","11170580","효창동","1167","661","506","0","157","295","323","257","135","0","76","170","192","129","94","0","81","125","131","128","41"
"20212","11170630","이촌1동","5250","3358","1892","24","853","1412","1470","1069","422","16","422","869","1036","721","294","8","431","543","434","348","128"
"20212","11200720","송정동","862","530","332","0","121","204","219","175","143","0","59","126","123","103","119","0","62","78","96","72","24"
"20212","11200615","금호2?3가동","394","207","187","0","34","70","96","97","97","0","0","27","48","55","77","0","34","43","48","42","20"
"20212","11200790","용답동","3201","1953","1248","14","806","898","658","506","319","0","348","584","439","325","257","14","458","314","219","181","62"
"20212","11230740","이문1동","915","411","504","0","171","240","250","177","77","0","30","92","125","108","56","0","141","148","125","69","21"
"20212","11230545","제기동","4704","2813","1891","0","603","1171","1152","999","779","0","242","692","736","593","550","0","361","479","416","406","229"
"20212","11260550","면목5동","954","674","280","0","85","152","258","248","211","0","63","123","125","166","197","0","22","29","133","82","14"
"20212","11230710","회기동","131","57","74","0","8","29","36","34","24","0","0","8","15","13","21","0","8","21","21","21","3"
"20212","11260620","묵1동","967","463","504","0","99","229","279","232","128","0","36","109","121","109","88","0","63","120","158","123","40"
"20212","11260690","신내2동","686","382","304","0","91","172","168","171","84","0","38","81","87","111","65","0","53","91","81","60","19"
"20212","11260600","중화1동","1158","615","543","0","126","253","300","280","199","0","44","106","145","155","165","0","82","147","155","125","34"
"20212","11290525","성북동","19885","15180","4705","4","2590","4899","5780","5763","849","0","1432","3425","4588","5136","599","4","1158","1474","1192","627","250"
"20212","11305575","삼각산동","296","163","133","0","53","77","95","46","25","0","22","43","53","23","22","0","31","34","42","23","3"
"20212","11290770","장위2동","686","426","260","0","36","124","175","170","181","0","7","62","99","108","150","0","29","62","76","62","31"
"20212","11290760","장위1동","547","286","261","0","102","118","130","112","85","0","48","65","65","54","54","0","54","53","65","58","31"
"20212","11380551","갈현1동","2245","1152","1093","0","382","526","532","498","307","0","150","275","269","253","205","0","232","251","263","245","102"
"20212","11320522","도봉2동","815","521","294","0","34","96","143","210","332","0","12","48","80","136","245","0","22","48","63","74","87"
"20212","11380580","응암1동","2292","1278","1014","0","228","382","549","534","599","0","102","180","289","272","435","0","126","202","260","262","164"
"20212","11440690","망원1동","3131","1752","1379","0","867","878","659","455","272","0","501","468","320","279","184","0","366","410","339","176","88"
"20212","11350624","중계4동","1121","613","508","1","112","232","262","293","221","1","40","111","136","156","169","0","72","121","126","137","52"
"20212","11350621","중계1동","950","521","429","0","125","209","284","237","95","0","53","114","151","129","74","0","72","95","133","108","21"
"20212","11440700","망원2동","4504","2697","1807","0","565","839","973","1374","753","0","314","623","681","640","439","0","251","216","292","734","314"
"20212","11440610","염리동","2042","1350","692","22","386","459","411","452","312","8","195","312","308","312","215","14","191","147","103","140","97"
"20212","11500605","가양3동","260","166","94","0","43","58","73","54","32","0","28","39","46","32","21","0","15","19","27","22","11"
"20212","11500535","등촌3동","13188","6984","6204","24","1641","2801","2948","3264","2510","12","720","1531","1730","1584","1407","12","921","1270","1218","1680","1103"
"20212","11530760","개봉3동","1461","888","573","0","194","361","376","313","217","0","96","225","225","177","165","0","98","136","151","136","52"
"20212","11500615","우장산동","3267","1797","1470","0","712","738","694","686","437","0","269","425","409","409","285","0","443","313","285","277","152"
"20212","11530530","구로2동","11348","7003","4345","18","1370","2639","2830","2852","1639","9","639","1561","1702","1876","1216","9","731","1078","1128","976","423"
"20212","11560550","당산1동","7122","4290","2832","0","1213","2021","1584","1314","990","0","485","1133","998","919","755","0","728","888","586","395","235"
"20212","11530510","신도림동","9259","6084","3175","12","1514","2873","2258","1680","922","6","631","1959","1628","1162","698","6","883","914","630","518","224"
"20212","11560605","문래동","56797","41251","15546","64","8764","18570","17500","8950","2949","21","4894","14129","14300","6057","1850","43","3870","4441","3200","2893","1099"
"20212","11530595","가리봉동","778","359","419","0","55","127","184","169","243","0","19","59","82","66","133","0","36","68","102","103","110"
"20212","11560720","대림3동","5000","3242","1758","0","507","1051","1287","1203","952","0","261","737","923","757","564","0","246","314","364","446","388"
"20212","11590660","대방동","8214","5461","2753","0","1374","2232","1922","1838","848","0","732","1527","1339","1324","539","0","642","705","583","514","309"
"20212","11560620","양평2동","12555","7184","5371","8","2293","3427","3455","2169","1203","1","1004","2064","1957","1272","886","7","1289","1363","1498","897","317"
"20212","11590540","상도2동","1019","523","496","0","116","243","271","252","137","0","50","127","143","126","77","0","66","116","128","126","60"
"20212","11620565","성현동","1713","647","1066","7","242","301","395","519","249","5","109","158","178","140","57","2","133","143","217","379","192"
"20212","11650530","서초3동","61450","36511","24939","117","10551","18437","15758","11205","5382","49","4460","10744","10085","7316","3857","68","6091","7693","5673","3889","1525"
"20212","11710561","방이1동","8038","5867","2171","5","843","1575","2104","2140","1371","5","402","1001","1568","1714","1177","0","441","574","536","426","194"
"20212","11740660","성내3동","4018","2421","1597","0","564","905","1015","838","696","0","296","576","615","473","461","0","268","329","400","365","235"
"20212","11110550","부암동","1712","956","756","0","289","496","462","329","136","0","115","276","268","201","96","0","174","220","194","128","40"
"20212","11110540","삼청동","3007","2455","552","0","367","797","940","714","189","0","235","615","801","638","166","0","132","182","139","76","23"
"20212","11110700","숭인1동","225","101","124","0","43","50","48","51","33","0","5","21","24","27","24","0","38","29","24","24","9"
"20212","11110640","이화동","1800","993","807","0","273","452","465","378","232","0","84","207","272","253","177","0","189","245","193","125","55"
"20212","11140540","회현동","78140","48297","29843","219","14647","27576","21371","11359","2968","69","6834","16456","13923","8940","2075","150","7813","11120","7448","2419","893"
"20212","11170660","이태원2동","1046","593","453","0","168","359","279","160","80","0","77","198","151","90","77","0","91","161","128","70","3"
"20212","11170640","이촌2동","2644","1800","844","0","378","726","783","579","178","0","172","460","589","448","131","0","206","266","194","131","47"
"20212","11200650","성수1가1동","2307","1446","861","0","289","489","517","616","396","0","132","304","332","420","258","0","157","185","185","196","138"
"20212","11140680","중림동","3238","1805","1433","0","683","1041","847","446","221","0","310","564","470","296","165","0","373","477","377","150","56"
"20212","11290660","길음1동","4044","1976","2068","268","1417","994","674","437","254","112","613","522","332","202","195","156","804","472","342","235","59"
"20212","11215847","자양4동","759","528","231","0","33","103","191","205","227","0","12","59","120","141","196","0","21","44","71","64","31"
"20212","11215820","자양1동","10193","8052","2141","0","692","1435","2765","4164","1137","0","306","924","2221","3622","979","0","386","511","544","542","158"
"20212","11230536","용신동","19499","10093","9406","0","2358","4343","4823","4814","3161","0","1114","2488","2547","2202","1742","0","1244","1855","2276","2612","1419"
"20212","11305608","번3동","226","123","103","0","22","37","56","66","45","0","8","17","31","36","31","0","14","20","25","30","14"
"20212","11305555","송천동","821","424","397","0","34","120","167","230","270","0","5","52","74","140","153","0","29","68","93","90","117"
"20212","11320700","방학2동","793","359","434","0","53","160","203","163","214","0","17","80","91","80","91","0","36","80","112","83","123"
"20212","11320660","쌍문1동","802","381","421","0","87","130","222","228","135","0","14","46","85","118","118","0","73","84","137","110","17"
"20212","11320514","창4동","1631","1028","603","0","169","312","402","449","299","0","73","166","238","303","248","0","96","146","164","146","51"
"20212","11320515","창5동","5138","3248","1890","0","585","1149","1266","1093","1045","0","303","789","852","600","704","0","282","360","414","493","341"
"20212","11410565","충현동","12196","7576","4620","8","1528","3096","3223","2894","1447","6","722","1880","2047","1898","1023","2","806","1216","1176","996","424"
"20212","11440680","합정동","5238","2930","2308","0","869","1515","1367","957","530","0","337","744","859","623","367","0","532","771","508","334","163"
"20212","11470610","신월6동","691","408","283","0","69","128","159","191","144","0","26","66","88","108","120","0","43","62","71","83","24"
"20212","11470530","목3동","1768","973","795","0","230","389","469","428","252","0","115","226","252","217","163","0","115","163","217","211","89"
"20212","11470680","신정7동","298","176","122","0","34","73","91","68","32","0","16","41","55","41","23","0","18","32","36","27","9"
"20212","11410655","홍제2동","347","176","171","0","51","75","88","77","56","0","17","49","44","38","28","0","34","26","44","39","28"
"20212","11530730","고척2동","1674","1062","612","0","174","379","435","458","228","0","115","244","258","265","180","0","59","135","177","193","48"
"20212","11500510","염창동","2900","1345","1555","2","450","854","863","489","242","1","162","373","347","270","192","1","288","481","516","219","50"
"20212","11530750","개봉2동","7179","3553","3626","15","1273","1745","1707","1709","730","6","724","1113","755","573","382","9","549","632","952","1136","348"
"20212","11530550","구로4동","1589","897","692","0","163","319","398","394","315","0","70","177","214","214","222","0","93","142","184","180","93"
"20212","11470611","신월7동","2522","1651","871","0","270","422","511","602","717","0","199","319","337","366","430","0","71","103","174","236","287"
"20212","11470620","신정1동","7480","4368","3112","32","1323","1871","1872","1592","790","32","552","1164","1122","925","573","0","771","707","750","667","217"
"20212","11590680","신대방2동","13567","8641","4926","24","2478","2822","2543","3180","2520","13","1876","2165","1625","1621","1341","11","602","657","918","1559","1179"
"20212","11620735","대학동","659","518","141","0","84","165","192","168","50","0","53","119","160","142","44","0","31","46","32","26","6"
"20212","11620725","조원동","2942","1842","1100","0","560","719","717","631","315","0","258","470","459","426","229","0","302","249","258","205","86"
"20212","11680531","논현2동","51348","32774","18574","60","9843","14883","12372","8342","5848","3","4274","8896","8787","6325","4489","57","5569","5987","3585","2017","1359"
"20212","11680610","대치2동","93548","52340","41208","514","16992","25762","21574","17657","11049","222","7821","15778","13873","9115","5531","292","9171","9984","7701","8542","5518"
"20212","11650651","양재1동","26213","16948","9265","322","6137","7263","5939","3909","2643","156","3113","4882","4196","2609","1992","166","3024","2381","1743","1300","651"
"20212","11650600","방배1동","15710","10377","5333","74","3102","4815","3808","2859","1052","52","1473","2934","2802","2333","783","22","1629","1881","1006","526","269"
"20212","11710531","거여1동","3043","2264","779","0","761","860","738","412","272","0","530","682","568","283","201","0","231","178","170","129","71"
"20212","11710642","문정2동","37095","23318","13777","64","5313","11289","11371","6572","2486","27","2545","6372","7795","5032","1547","37","2768","4917","3576","1540","939"
"20212","11710562","방이2동","40198","23135","17063","45","6486","10320","9079","8569","5699","45","3641","6720","5574","4012","3143","0","2845","3600","3505","4557","2556"
"20212","11680730","일원1동","1836","1006","830","0","239","349","419","401","428","0","101","188","217","211","289","0","138","161","202","190","139"
"20212","11710650","잠실본동","10021","6427","3594","15","1354","1917","2347","2226","2162","0","604","1170","1472","1538","1643","15","750","747","875","688","519"
"20212","11740560","고덕2동","1104","701","403","0","63","141","239","389","272","0","12","63","137","269","220","0","51","78","102","120","52"
"20212","11740540","명일2동","2635","1818","817","0","307","753","709","561","305","0","158","537","519","363","241","0","149","216","190","198","64"
"20212","11110515","청운효자동","6252","4040","2212","17","1143","1818","1742","1109","423","0","498","1139","1300","806","297","17","645","679","442","303","126"
"20212","11140590","광희동","59306","29559","29747","548","17066","15669","12200","9369","4454","231","8297","9126","7066","3169","1670","317","8769","6543","5134","6200","2784"
"20212","11140665","동화동","1168","525","643","0","190","277","307","249","145","0","52","93","149","138","93","0","138","184","158","111","52"
"20212","11140605","을지로동","15804","8615","7189","22","3821","3841","3454","2751","1915","0","995","2116","2245","1912","1347","22","2826","1725","1209","839","568"
"20212","11170555","청파동","3013","1618","1395","0","457","767","727","646","416","0","156","354","384","399","325","0","301","413","343","247","91"
"20212","11140635","약수동","9774","3777","5997","22","1573","3655","2709","1337","478","0","481","1286","900","765","345","22","1092","2369","1809","572","133"
"20212","11140650","신당5동","742","400","342","0","67","170","193","174","138","0","30","75","98","95","102","0","37","95","95","79","36"
"20212","11140580","장충동","5479","2891","2588","17","1259","1501","1415","1047","240","3","444","840","840","603","161","14","815","661","575","444","79"
"20212","11200690","성수2가3동","22671","14529","8142","46","3734","5766","5667","4544","2914","45","2071","3854","3807","2739","2013","1","1663","1912","1860","1805","901"
"20212","11230600","답십리1동","2039","976","1063","0","299","418","569","544","209","0","204","280","206","145","141","0","95","138","363","399","68"
"20212","11230570","전농2동","1015","532","483","0","114","215","272","272","142","0","47","102","146","140","97","0","67","113","126","132","45"
"20212","11215750","중곡2동","2348","1355","993","0","314","477","603","559","395","0","201","276","319","295","264","0","113","201","284","264","131"
"20212","11260680","신내1동","2084","999","1085","0","367","453","383","553","328","0","97","191","183","273","255","0","270","262","200","280","73"
"20212","11290575","동선동","2026","1011","1015","0","266","419","463","519","359","0","90","180","227","286","228","0","176","239","236","233","131"
"20212","11290685","길음2동","438","181","257","0","39","86","123","126","64","0","17","33","57","43","31","0","22","53","66","83","33"
"20212","11290580","돈암1동","126","58","68","0","36","38","26","18","8","0","8","19","14","10","7","0","28","19","12","8","1"
"20212","11290715","월곡1동","1425","881","544","0","85","172","297","306","565","0","26","82","159","205","409","0","59","90","138","101","156"
"20212","11305534","삼양동","345","208","137","0","40","64","87","86","68","0","14","29","45","57","63","0","26","35","42","29","5"
"20212","11305660","인수동","2941","1736","1205","0","261","585","771","868","456","0","88","316","472","515","345","0","173","269","299","353","111"
"20212","11305635","수유3동","3062","1566","1496","0","294","751","811","823","383","0","106","318","378","509","255","0","188","433","433","314","128"
"20212","11305625","수유2동","1284","684","600","0","29","73","250","397","535","0","1","40","158","273","212","0","28","33","92","124","323"
"20212","11320690","방학1동","2999","1737","1262","0","302","662","744","899","392","0","163","386","385","509","294","0","139","276","359","390","98"
"20212","11320513","창3동","589","319","270","0","32","126","210","169","52","0","0","75","125","79","40","0","32","51","85","90","12"
"20212","11320511","창1동","900","411","489","0","125","182","241","247","105","0","47","72","109","116","67","0","78","110","132","131","38"
"20212","11350665","상계3?4동","617","437","180","0","26","44","160","244","143","0","7","22","100","184","124","0","19","22","60","60","19"
"20212","11350619","중계본동","904","436","468","0","103","183","226","263","129","0","49","93","98","118","78","0","54","90","128","145","51"
"20212","11380530","불광2동","1998","956","1042","0","92","265","327","430","884","0","27","137","128","173","491","0","65","128","199","257","393"
"20212","11350720","상계10동","401","169","232","0","61","86","107","115","32","0","12","36","42","55","24","0","49","50","65","60","8"
"20212","11410685","홍은2동","1579","1025","554","1","252","431","385","343","167","1","142","284","250","226","122","0","110","147","135","117","45"
"20212","11410555","북아현동","1257","939","318","0","117","290","349","362","139","0","47","224","279","282","107","0","70","66","70","80","32"
"20212","11350580","월계3동","339","168","171","0","39","59","89","97","55","0","15","30","41","50","32","0","24","29","48","47","23"
"20212","11380510","녹번동","2625","1399","1226","0","291","615","717","707","295","0","140","298","345","419","197","0","151","317","372","288","98"
"20212","11470570","신월2동","1607","929","678","0","130","260","438","443","336","0","73","155","226","233","242","0","57","105","212","210","94"
"20212","11470550","목5동","15086","9185","5901","51","2445","3902","3657","3159","1872","24","1127","2354","2311","2070","1299","27","1318","1548","1346","1089","573"
"20212","11530560","구로5동","12514","7903","4611","22","1759","2932","3252","2781","1768","18","990","2023","2152","1645","1075","4","769","909","1100","1136","693"
"20212","11500550","화곡2동","1371","840","531","0","163","386","361","332","129","0","100","255","221","175","89","0","63","131","140","157","40"
"20212","11500570","화곡4동","2169","963","1206","0","515","595","445","406","208","0","113","257","216","218","159","0","402","338","229","188","49"
"20212","11500591","화곡6동","7642","4870","2772","2","1078","2041","1963","1737","821","0","535","1304","1255","1151","625","2","543","737","708","586","196"
"20212","11545700","시흥4동","1242","743","499","0","199","261","356","305","121","0","120","181","211","141","90","0","79","80","145","164","31"
"20212","11545610","독산1동","11527","7394","4133","15","891","1565","1934","2532","4590","15","524","1045","1234","1557","3019","0","367","520","700","975","1571"
"20212","11545640","독산4동","1481","847","634","0","178","251","316","351","385","0","106","150","192","170","229","0","72","101","124","181","156"
"20212","11560710","대림2동","3511","1789","1722","3","653","831","781","546","697","0","257","442","339","306","445","3","396","389","442","240","252"
"20212","11560560","당산2동","11854","7951","3903","11","1855","2667","2877","2619","1825","5","949","1663","2009","1922","1403","6","906","1004","868","697","422"
"20212","11590550","상도3동","966","557","409","0","70","195","258","234","209","0","40","135","154","117","111","0","30","60","104","117","98"
"20212","11590670","신대방1동","3834","2434","1400","2","733","1234","897","610","358","2","373","795","622","399","243","0","360","439","275","211","115"
"20212","11620695","신림동","1677","1025","652","0","125","226","410","392","524","0","41","122","229","229","404","0","84","104","181","163","120"
"20212","11620655","신원동","569","341","228","0","48","123","150","146","102","0","29","69","93","89","61","0","19","54","57","57","41"
"20212","11590605","흑석동","126","77","49","0","13","28","40","28","17","0","7","16","25","16","13","0","6","12","15","12","4"
"20212","11620605","은천동","1140","539","601","0","154","215","238","314","219","0","49","101","122","141","126","0","105","114","116","173","93"
"20212","11650510","서초1동","42533","23804","18729","48","8918","11028","9382","10387","2770","14","3197","5939","5441","7200","2013","34","5721","5089","3941","3187","757"
"20212","11680655","도곡1동","29536","20932","8604","56","5045","6881","8239","7475","1840","46","2560","4509","6197","6125","1495","10","2485","2372","2042","1350","345"
"20212","11710632","가락2동","6689","4497","2192","0","892","1424","1323","1254","1796","0","527","970","876","747","1377","0","365","454","447","507","419"
"20212","11680650","역삼2동","48471","28737","19734","168","11158","13471","11522","8579","3573","62","5379","8630","7665","4486","2515","106","5779","4841","3857","4093","1058"
"20212","11710532","거여2동","1463","756","707","1","187","242","358","438","237","0","104","143","182","197","130","1","83","99","176","241","107"
"20212","11740580","암사2동","2162","789","1373","0","212","361","511","649","429","0","73","170","205","187","154","0","139","191","306","462","275"
"20212","11710510","풍납1동","1007","576","431","0","120","228","269","271","119","0","64","124","146","146","96","0","56","104","123","125","23"
"20212","11740520","상일동","1070","542","528","0","159","240","263","281","127","0","56","120","156","130","80","0","103","120","107","151","47"
"20212","11710680","잠실3동","30372","20597","9775","147","5553","7610","7557","5753","3752","66","2894","5263","5596","4126","2652","81","2659","2347","1961","1627","1100"
"20212","11110690","창신3동","111","53","58","0","12","31","29","31","8","0","5","13","13","16","6","0","7","18","16","15","2"
"20212","11140670","황학동","806","554","252","0","120","232","210","156","88","0","78","147","132","114","83","0","42","85","78","42","5"
"20212","11170530","남영동","16510","6950","9560","135","6276","4071","3150","2110","768","9","1177","2187","1871","1130","576","126","5099","1884","1279","980","192"
"20212","11170520","용산2가동","721","527","194","0","46","114","270","259","32","0","12","63","216","209","27","0","34","51","54","50","5"
"20212","11170560","원효로1동","2817","1929","888","0","436","773","735","520","353","0","258","556","512","356","247","0","178","217","223","164","106"
"20212","11170650","이태원1동","18613","8162","10451","0","5458","7157","3630","1800","568","0","1409","2999","2012","1297","445","0","4049","4158","1618","503","123"
"20212","11200660","성수1가2동","5397","3719","1678","4","865","1105","1139","1173","1111","4","515","738","739","834","889","0","350","367","400","339","222"
"20212","11215830","자양2동","2299","1440","859","0","321","520","605","593","260","0","220","334","359","328","199","0","101","186","246","265","61"
"20212","11215850","구의1동","3417","2048","1369","0","481","863","948","786","339","0","253","502","525","509","259","0","228","361","423","277","80"
"20212","11215810","광장동","6986","4240","2746","65","2163","1835","1356","1078","489","20","1037","1186","916","720","361","45","1126","649","440","358","128"
"20212","11200540","마장동","6815","4853","1962","2","554","1202","1574","2257","1226","2","333","825","1153","1619","921","0","221","377","421","638","305"
"20212","11200620","금호4가동","709","425","284","0","77","163","200","173","96","0","28","84","131","108","74","0","49","79","69","65","22"
"20212","11230705","청량리동","2798","1498","1300","0","493","821","538","521","425","0","180","471","302","298","247","0","313","350","236","223","178"
"20212","11215760","중곡3동","919","600","319","0","93","224","265","215","122","0","52","165","157","140","86","0","41","59","108","75","36"
"20212","11260580","상봉1동","1862","1312","550","3","216","322","386","503","432","3","142","201","221","353","392","0","74","121","165","150","40"
"20212","11290590","돈암2동","433","261","172","1","67","104","138","77","46","0","31","61","92","57","20","1","36","43","46","20","26"
"20212","11290810","석관동","2596","1752","844","0","200","379","484","535","998","0","98","238","281","343","792","0","102","141","203","192","206"
"20212","11290725","월곡2동","2935","1865","1070","0","476","831","710","517","401","0","238","549","434","307","337","0","238","282","276","210","64"
"20212","11290705","종암동","16164","8517","7647","11","1354","4097","5735","4627","340","0","580","1499","2618","3616","204","11","774","2598","3117","1011","136"
"20212","11305535","미아동","984","559","425","0","93","179","283","282","147","0","35","88","160","171","105","0","58","91","123","111","42"
"20212","11290620","정릉1동","526","290","236","0","67","94","114","141","110","0","17","36","57","88","92","0","50","58","57","53","18"
"20212","11350560","월계1동","1349","740","609","0","213","328","351","263","194","0","97","202","176","135","130","0","116","126","175","128","64"
"20212","11350700","상계8동","576","301","275","0","81","168","142","129","56","0","28","106","59","70","38","0","53","62","83","59","18"
"20212","11350640","상계2동","2063","999","1064","0","260","348","530","539","386","0","84","198","249","255","213","0","176","150","281","284","173"
"20212","11380552","갈현2동","2987","1537","1450","0","287","595","800","805","500","0","132","332","378","357","338","0","155","263","422","448","162"
"20212","11320521","도봉1동","1620","1097","523","0","39","169","380","601","431","0","0","88","226","436","347","0","39","81","154","165","84"
"20212","11380600","응암3동","1475","716","759","0","144","348","429","356","198","0","50","173","197","159","137","0","94","175","232","197","61"
"20212","11410690","남가좌1동","1636","987","649","3","118","209","284","407","615","3","80","141","180","216","367","0","38","68","104","191","248"
"20212","11410520","천연동","1117","605","512","0","94","184","291","390","158","0","30","84","163","229","99","0","64","100","128","161","59"
"20212","11380560","구산동","1383","739","644","0","168","261","306","440","208","0","62","115","147","273","142","0","106","146","159","167","66"
"20212","11440660","서교동","26231","13407","12824","16","5497","7422","6106","4305","2885","15","2248","3711","3358","2277","1798","1","3249","3711","2748","2028","1087"
"20212","11440630","신수동","2357","1339","1018","0","288","654","658","574","183","0","109","305","376","404","145","0","179","349","282","170","38"
"20212","11440555","아현동","5681","3122","2559","6","1082","1825","1609","965","194","2","473","1019","903","585","140","4","609","806","706","380","54"
"20212","11470600","신월5동","1521","848","673","0","180","386","391","386","178","0","83","193","202","228","142","0","97","193","189","158","36"
"20212","11470650","신정4동","5168","2846","2322","0","870","924","993","1087","1294","0","259","450","504","588","1045","0","611","474","489","499","249"
"20212","11500603","가양1동","1652","1035","617","0","178","346","377","399","352","0","76","213","226","260","260","0","102","133","151","139","92"
"20212","11470630","신정2동","12667","7273","5394","29","2282","4114","3393","2231","618","11","926","2262","2102","1482","490","18","1356","1852","1291","749","128"
"20212","11545690","시흥3동","1826","1086","740","0","134","268","424","476","524","0","71","175","246","260","334","0","63","93","178","216","190"
"20212","11560630","신길1동","2505","1098","1407","0","445","603","559","495","403","0","134","290","264","207","203","0","311","313","295","288","200"
"20212","11545630","독산3동","3541","2549","992","0","280","541","629","692","1399","0","150","328","338","415","1318","0","130","213","291","277","81"
"20212","11590630","사당2동","2002","1114","888","0","309","604","551","372","166","0","149","373","330","170","92","0","160","231","221","202","74"
"20212","11590520","노량진2동","3919","2042","1877","4","620","1149","954","801","391","0","324","504","439","515","260","4","296","645","515","286","131"
"20212","11590510","노량진1동","4359","2443","1916","1","560","1044","1103","1043","608","1","234","597","670","563","378","0","326","447","433","480","230"
"20212","11590651","사당5동","1463","796","667","0","181","361","440","352","129","0","81","168","228","202","117","0","100","193","212","150","12"
"20212","11650520","서초2동","60995","40519","20476","124","12784","20130","15269","9342","3346","35","6980","13597","10504","7005","2398","89","5804","6533","4765","2337","948"
"20212","11620545","청림동","308","175","133","0","47","104","101","44","12","0","21","59","60","27","8","0","26","45","41","17","4"
"20212","11710646","장지동","5323","3640","1683","0","569","846","1266","1408","1234","0","318","565","849","991","917","0","251","281","417","417","317"
"20212","11650581","반포4동","57270","50540","6730","32","5734","12159","15443","21287","2615","13","4349","10118","13706","20231","2123","19","1385","2041","1737","1056","492"
"20212","11710580","송파1동","9835","6186","3649","0","1385","2214","2458","2144","1634","0","595","1316","1609","1447","1219","0","790","898","849","697","415"
"20212","11710540","마천1동","671","327","344","0","60","145","208","192","66","0","17","67","98","94","51","0","43","78","110","98","15"
"20212","11740570","암사1동","2488","1512","976","0","326","533","522","500","607","0","157","348","327","334","346","0","169","185","195","166","261"
"20212","11740685","길동","8361","4240","4121","0","1200","1672","1888","2040","1561","0","468","887","1007","939","939","0","732","785","881","1101","622"
"20212","11740700","둔촌2동","2952","1329","1623","0","560","770","642","614","366","0","157","322","320","292","238","0","403","448","322","322","128"
"20212","11710670","잠실2동","3800","2534","1266","4","729","1104","996","759","208","4","458","775","676","500","121","0","271","329","320","259","87"
"20212","11710566","오륜동","16273","9429","6844","26","2637","4923","4225","3255","1207","8","1062","2562","2716","2156","925","18","1575","2361","1509","1099","282"
"20212","11140550","명동","122900","71136","51764","121","20111","41380","33341","21854","6093","35","8045","21338","21485","16107","4126","86","12066","20042","11856","5747","1967"
"20212","11170700","보광동","547","273","274","0","59","119","149","140","80","0","3","56","77","80","57","0","56","63","72","60","23"
"20212","11110600","가회동","12809","9539","3270","3","1371","4415","3851","2406","763","3","706","3247","3012","1982","589","0","665","1168","839","424","174"
"20212","11140570","필동","13408","6310","7098","5","1937","3400","4133","2936","997","1","657","1684","1944","1377","647","4","1280","1716","2189","1559","350"
"20212","11170690","서빙고동","6671","4372","2299","7","1188","1993","2059","1053","371","2","569","1167","1502","841","291","5","619","826","557","212","80"
"20212","11140645","청구동","2028","1109","919","0","296","541","476","436","279","0","98","279","300","269","163","0","198","262","176","167","116"
"20212","11200645","옥수동","2061","796","1265","0","528","615","467","310","141","0","132","228","218","145","73","0","396","387","249","165","68"
"20212","11200535","왕십리도선동","3164","1451","1713","2","520","613","659","782","588","0","178","339","356","329","249","2","342","274","303","453","339"
"20212","11200570","행당2동","17","4","13","0","0","3","7","5","2","0","0","1","1","0","2","0","0","2","6","5","0"
"20212","11215740","중곡1동","4132","2007","2125","35","1080","794","831","974","418","9","459","428","411","392","308","26","621","366","420","582","110"
"20212","11230750","이문2동","247","133","114","0","27","55","56","63","46","0","9","27","27","35","35","0","18","28","29","28","11"
"20212","11260575","면목3?8동","1963","1255","708","0","172","348","513","544","386","0","53","181","307","405","309","0","119","167","206","139","77"
"20212","11260520","면목2동","1106","619","487","0","80","181","250","348","247","0","13","80","131","201","194","0","67","101","119","147","53"
"20212","11230720","휘경1동","809","483","326","0","86","155","206","209","153","0","29","91","133","145","85","0","57","64","73","64","68"
"20212","11260565","면목본동","1210","660","550","0","138","291","328","298","155","0","40","148","171","171","130","0","98","143","157","127","25"
"20212","11260630","묵2동","1404","969","435","0","197","349","337","391","130","0","116","240","223","289","101","0","81","109","114","102","29"
"20212","11260610","중화2동","794","469","325","0","73","108","220","182","211","0","36","49","110","110","164","0","37","59","110","72","47"
"20212","11305645","우이동","1439","900","539","0","59","111","194","355","720","0","8","53","109","251","479","0","51","58","85","104","241"
"20212","11305545","송중동","1341","658","683","0","120","219","400","354","248","0","40","91","172","173","182","0","80","128","228","181","66"
"20212","11305615","수유1동","1155","523","632","0","105","203","304","351","192","0","20","81","126","153","143","0","85","122","178","198","49"
"20212","11290780","장위3동","221","134","87","0","30","44","50","56","41","0","7","24","28","34","41","0","23","20","22","22","0"
"20212","11320670","쌍문2동","1004","574","430","0","106","169","238","294","197","0","28","78","125","186","157","0","78","91","113","108","40"
"20212","11320680","쌍문3동","1035","482","553","0","227","235","252","245","76","0","49","106","130","141","56","0","178","129","122","104","20"
"20212","11380631","신사1동","1272","678","594","0","128","269","291","316","268","0","49","132","158","153","186","0","79","137","133","163","82"
"20212","11410620","홍제1동","1864","959","905","0","199","279","480","646","260","0","57","126","251","361","164","0","142","153","229","285","96"
"20212","11410660","홍은1동","2582","517","2065","0","87","189","704","1239","363","0","32","64","132","151","138","0","55","125","572","1088","225"
"20212","11410585","신촌동","1969","1037","932","0","304","536","504","424","201","0","112","232","257","282","154","0","192","304","247","142","47"
"20212","11440590","용강동","11032","6546","4486","1","1617","2719","2618","2183","1894","1","783","1610","1731","1267","1154","0","834","1109","887","916","740"
"20212","11470560","신월1동","2094","1369","725","0","182","343","489","699","381","0","99","211","298","470","291","0","83","132","191","229","90"
"20212","11470510","목1동","14424","9367","5057","24","2496","3931","3603","2944","1426","16","1165","2584","2558","2115","929","8","1331","1347","1045","829","497"
"20212","11410640","홍제3동","857","427","430","0","69","102","174","227","285","0","21","38","81","119","168","0","48","64","93","108","117"
"20212","11500540","화곡1동","4355","2437","1918","0","428","899","1088","1225","715","0","191","521","589","687","449","0","237","378","499","538","266"
"20212","11500560","화곡3동","3555","2192","1363","0","488","859","914","820","474","0","262","571","554","461","344","0","226","288","360","359","130"
"20212","11530720","고척1동","2425","1726","699","0","211","493","638","744","339","0","111","330","446","561","278","0","100","163","192","183","61"
"20212","11530540","구로3동","61322","40198","21124","220","12747","20658","15533","7627","4537","147","6443","13703","10945","5323","3637","73","6304","6955","4588","2304","900"
"20212","11500590","화곡본동","2358","1341","1017","0","245","468","577","573","495","0","86","263","330","300","362","0","159","205","247","273","133"
"20212","11530770","오류1동","3085","1967","1118","0","398","575","759","899","454","0","286","387","460","520","314","0","112","188","299","379","140"
"20212","11560700","대림1동","1614","607","1007","0","533","373","333","265","110","0","103","127","164","134","79","0","430","246","169","131","31"
"20212","11560660","신길4동","777","386","391","0","129","187","199","184","78","0","44","88","96","99","59","0","85","99","103","85","19"
"20212","11560670","신길5동","804","384","420","0","71","174","271","199","89","0","33","80","96","100","75","0","38","94","175","99","14"
"20212","11545680","시흥2동","978","576","402","0","97","196","247","293","145","0","56","112","140","170","98","0","41","84","107","123","47"
"20212","11620525","보라매동","2155","1113","1042","2","276","494","514","540","329","0","112","252","262","258","229","2","164","242","252","282","100"
"20212","11650620","방배3동","15432","10109","5323","79","2414","4594","4177","2513","1655","24","1227","2884","3005","1730","1239","55","1187","1710","1172","783","416"
"20212","11650590","방배본동","23491","13006","10485","77","4409","6060","6251","4201","2493","59","1500","3165","3638","2730","1914","18","2909","2895","2613","1471","579"
"20212","11590640","사당3동","893","520","373","0","102","201","245","213","132","0","39","106","150","123","102","0","63","95","95","90","30"
"20212","11590530","상도1동","3353","1948","1405","0","515","832","821","750","435","0","220","470","493","464","301","0","295","362","328","286","134"
"20212","11680656","도곡2동","87366","59746","27620","420","16691","34331","25099","9046","1779","266","8919","23515","19293","6582","1171","154","7772","10816","5806","2464","608"
"20212","11680580","삼성1동","169811","114606","55205","390","34212","50928","45504","30148","8629","191","18388","33671","33563","23632","5161","199","15824","17257","11941","6516","3468"
"20212","11680700","세곡동","407","238","169","0","27","71","83","121","105","0","11","36","49","71","71","0","16","35","34","50","34"
"20212","11680750","수서동","18199","9605","8594","23","2590","4906","4897","3614","2169","15","1161","2636","2568","1920","1305","8","1429","2270","2329","1694","864"
"20212","11710610","삼전동","3629","2450","1179","0","429","829","822","733","816","0","246","543","539","449","673","0","183","286","283","284","143"
"20212","11710631","가락1동","5873","4107","1766","0","401","1093","1616","1683","1080","0","269","837","1190","1104","707","0","132","256","426","579","373"
"20212","11710590","송파2동","5342","3378","1964","18","842","1324","1402","1274","482","16","408","841","1010","799","304","2","434","483","392","475","178"
"20212","11740600","천호1동","1785","1034","751","0","164","335","445","426","415","0","61","174","225","253","321","0","103","161","220","173","94"
"20212","11710690","잠실4동","2075","1666","409","10","277","651","602","441","94","4","199","535","496","360","72","6","78","116","106","81","22"
"20212","11710710","잠실6동","53520","28519","25001","106","8515","14206","15267","13646","1780","35","3941","8730","8812","5660","1341","71","4574","5476","6455","7986","439"
"20213","11110580","교남동","725","431","294","0","79","192","194","147","113","0","26","97","116","101","91","0","53","95","78","46","22"
"20213","11110670","창신1동","1940","842","1098","0","135","340","605","498","362","0","51","114","200","226","251","0","84","226","405","272","111"
"20213","11110680","창신2동","183","50","133","0","4","12","54","74","39","0","0","0","17","21","12","0","4","12","37","53","27"
"20213","11140625","다산동","6479","4097","2382","0","1145","2078","1566","1137","553","0","469","1429","1102","698","399","0","676","649","464","439","154"
"20213","11110530","사직동","45807","28676","17131","30","6047","12958","13809","9084","3879","5","2531","7964","9447","6344","2385","25","3516","4994","4362","2740","1494"
"20213","11200590","금호1가동","1533","569","964","9","180","502","628","174","40","0","56","167","248","69","29","9","124","335","380","105","11"
"20213","11170570","원효로2동","2867","2073","794","5","451","869","800","465","277","2","260","622","617","348","224","3","191","247","183","117","53"
"20213","11170625","한강로동","43804","21631","22173","121","8957","13665","12500","6436","2125","57","3649","6398","6216","3914","1397","64","5308","7267","6284","2522","728"
"20213","11200670","성수2가1동","7627","4847","2780","51","1751","2203","1750","1243","629","27","788","1425","1199","883","525","24","963","778","551","360","104"
"20213","11200560","행당1동","1566","1063","503","0","194","327","404","448","193","0","97","202","279","341","144","0","97","125","125","107","49"
"20213","11215860","구의2동","2121","1328","793","8","302","367","540","578","326","0","154","205","357","380","232","8","148","162","183","198","94"
"20213","11215710","화양동","1232","803","429","0","155","188","307","376","206","0","56","103","206","264","174","0","99","85","101","112","32"
"20213","11230650","장안1동","9768","6164","3604","3","1327","1922","2116","2160","2240","3","798","1238","1320","1302","1503","0","529","684","796","858","737"
"20213","11260540","면목4동","801","613","188","0","38","127","223","313","100","0","14","84","158","266","91","0","24","43","65","47","9"
"20213","11260655","망우본동","1494","785","709","0","153","273","340","464","264","0","42","102","159","257","225","0","111","171","181","207","39"
"20213","11260660","망우3동","371","196","175","0","20","49","98","120","84","0","6","16","44","65","65","0","14","33","54","55","19"
"20213","11290555","삼선동","4713","2362","2351","0","494","1135","1429","1179","476","0","169","487","689","740","277","0","325","648","740","439","199"
"20213","11305603","번2동","289","134","155","0","33","37","84","94","41","0","13","19","35","45","22","0","20","18","49","49","19"
"20213","11290630","정릉2동","1094","471","623","0","175","269","298","241","111","0","37","113","116","116","89","0","138","156","182","125","22"
"20213","11290640","정릉3동","378","268","110","0","59","114","92","66","47","0","35","80","68","51","34","0","24","34","24","15","13"
"20213","11350630","상계1동","3668","2327","1341","0","420","759","889","937","663","0","244","514","578","586","405","0","176","245","311","351","258"
"20213","11350570","월계2동","54","25","29","0","6","13","15","15","5","0","2","4","6","9","4","0","4","9","9","6","1"
"20213","11350611","하계1동","557","353","204","0","62","117","142","160","76","0","27","69","84","112","61","0","35","48","58","48","15"
"20213","11320710","방학3동","1081","649","432","0","186","246","254","251","144","0","118","142","160","121","108","0","68","104","94","130","36"
"20213","11380625","역촌동","3216","1548","1668","0","525","659","840","737","455","0","183","299","391","358","317","0","342","360","449","379","138"
"20213","11380640","증산동","2370","1551","819","0","304","631","655","536","244","0","144","423","435","357","192","0","160","208","220","179","52"
"20213","11380590","응암2동","404","262","142","0","47","50","95","120","92","0","27","27","55","73","80","0","20","23","40","47","12"
"20213","11410700","남가좌2동","838","435","403","0","79","173","243","250","93","0","21","82","114","143","75","0","58","91","129","107","18"
"20213","11410615","연희동","7677","5061","2616","4","1217","1908","1657","2130","761","3","675","1274","1040","1531","538","1","542","634","617","599","223"
"20213","11380650","수색동","216","138","78","0","26","60","53","42","35","0","13","38","33","27","27","0","13","22","20","15","8"
"20213","11440710","연남동","2885","1790","1095","0","457","690","714","617","407","0","204","370","424","430","362","0","253","320","290","187","45"
"20213","11500620","공항동","5655","2963","2692","0","946","1870","1557","1098","184","0","219","783","906","913","142","0","727","1087","651","185","42"
"20213","11470540","목4동","1836","1125","711","0","212","409","541","462","212","0","82","249","322","298","174","0","130","160","219","164","38"
"20213","11500530","등촌2동","2931","1738","1193","0","349","578","706","755","543","0","146","314","426","479","373","0","203","264","280","276","170"
"20213","11500611","발산1동","2494","1447","1047","0","155","369","663","816","491","0","65","186","317","477","402","0","90","183","346","339","89"
"20213","11530740","개봉1동","2726","1592","1134","0","231","585","656","726","528","0","119","325","334","416","398","0","112","260","322","310","130"
"20213","11500593","화곡8동","1592","869","723","0","232","419","448","286","207","0","107","226","224","173","139","0","125","193","224","113","68"
"20213","11545670","시흥1동","4369","2336","2033","0","611","1057","1044","1096","561","0","280","526","526","618","386","0","331","531","518","478","175"
"20213","11545510","가산동","92112","60594","31518","307","18157","28626","22788","13495","8739","197","9635","19227","16442","8968","6125","110","8522","9399","6346","4527","2614"
"20213","11560650","신길3동","463","326","137","0","14","69","110","125","145","0","2","44","74","86","120","0","12","25","36","39","25"
"20213","11590560","상도4동","1114","668","446","0","147","261","282","273","151","0","72","153","170","197","76","0","75","108","112","76","75"
"20213","11560515","영등포본동","4165","2383","1782","8","583","1038","1074","1016","446","3","248","526","619","642","345","5","335","512","455","374","101"
"20213","11620645","서원동","2073","856","1217","0","398","444","382","463","386","0","98","179","193","169","217","0","300","265","189","294","169"
"20213","11620585","낙성대동","5501","3039","2462","0","886","1900","1183","839","693","0","400","999","618","486","536","0","486","901","565","353","157"
"20213","11620765","미성동","2518","1504","1014","0","230","433","608","674","573","0","150","258","343","351","402","0","80","175","265","323","171"
"20213","11650660","내곡동","1029","666","363","0","148","215","217","222","227","0","104","155","146","129","132","0","44","60","71","93","95"
"20213","11620575","행운동","2006","1135","871","0","293","500","480","454","279","0","145","288","259","236","207","0","148","212","221","218","72"
"20213","11650610","방배2동","14220","6920","7300","7","2398","3655","3923","2729","1508","0","832","1639","1810","1616","1023","7","1566","2016","2113","1113","485"
"20213","11650621","방배4동","15577","9631","5946","12","2697","4301","3876","2985","1706","4","1141","2535","2631","2090","1230","8","1556","1766","1245","895","476"
"20213","11620625","인헌동","1574","911","663","0","324","461","406","243","140","0","148","285","241","126","111","0","176","176","165","117","29"
"20213","11590650","사당4동","1203","622","581","0","124","188","269","232","390","0","47","96","115","107","257","0","77","92","154","125","133"
"20213","11680630","대치4동","33644","20688","12956","114","5394","10031","9152","5714","3239","5","2313","6075","6268","4009","2018","109","3081","3956","2884","1705","1221"
"20213","11650652","양재2동","32728","24569","8159","24","4345","8021","9203","8638","2497","15","2632","5905","7071","7046","1900","9","1713","2116","2132","1592","597"
"20213","11680510","신사동","26498","15795","10703","38","5521","8012","6737","4036","2154","11","2145","4894","4512","2640","1593","27","3376","3118","2225","1396","561"
"20213","11650570","반포2동","2283","1360","923","4","383","708","593","383","212","2","168","428","382","231","149","2","215","280","211","152","63"
"20213","11710570","오금동","21745","15192","6553","3","2885","5169","5495","5245","2948","3","1684","3492","4052","3967","1994","0","1201","1677","1443","1278","954"
"20213","11710550","마천2동","1374","876","498","0","121","327","385","359","182","0","73","204","220","215","164","0","48","123","165","144","18"
"20213","11740620","천호3동","1293","737","556","0","61","139","216","232","645","0","20","63","107","118","429","0","41","76","109","114","216"
"20213","11710520","풍납2동","473","233","240","0","102","162","118","72","19","0","28","84","62","44","15","0","74","78","56","28","4"
"20213","11740640","성내1동","13587","9226","4361","6","1613","2842","2920","3515","2691","1","934","1771","1913","2538","2069","5","679","1071","1007","977","622"
"20213","11740650","성내2동","2250","1430","820","0","372","471","506","461","440","0","253","301","302","295","279","0","119","170","204","166","161"
"20213","11110615","종로1?2?3?4가동","115053","63404","51649","1591","23320","35023","31524","18059","5536","680","10167","17578","18479","12728","3772","911","13153","17445","13045","5331","1764"
"20213","11110560","평창동","11836","6635","5201","5","1468","3178","3881","2569","735","2","701","1626","2292","1542","472","3","767","1552","1589","1027","263"
"20213","11110570","무악동","431","116","315","1","120","123","109","54","24","1","26","25","35","16","13","0","94","98","74","38","11"
"20213","11110710","숭인2동","1620","831","789","0","240","286","386","387","321","0","72","136","217","232","174","0","168","150","169","155","147"
"20213","11170590","용문동","2558","1478","1080","0","506","696","704","477","175","0","211","408","416","321","122","0","295","288","288","156","53"
"20213","11170510","후암동","1731","1026","705","0","259","386","483","398","205","0","94","230","318","235","149","0","165","156","165","163","56"
"20213","11200550","사근동","399","289","110","0","14","68","133","129","55","0","4","42","93","102","48","0","10","26","40","27","7"
"20213","11200580","응봉동","368","152","216","1","87","98","80","65","37","0","20","34","38","33","27","1","67","64","42","32","10"
"20213","11230610","답십리2동","2849","2099","750","4","461","650","669","580","485","4","347","503","491","402","352","0","114","147","178","178","133"
"20213","11260590","상봉2동","4569","3186","1383","0","541","1193","1521","1043","271","0","316","841","1026","764","239","0","225","352","495","279","32"
"20213","11215840","자양3동","1991","1440","551","1","236","515","558","506","175","0","145","365","414","374","142","1","91","150","144","132","33"
"20213","11230660","장안2동","5233","2814","2419","3","1624","1019","1056","982","549","3","842","587","490","478","414","0","782","432","566","504","135"
"20213","11230730","휘경2동","1022","526","496","0","133","224","271","247","147","0","37","105","142","131","111","0","96","119","129","116","36"
"20213","11260570","면목7동","786","432","354","0","91","149","194","221","131","0","23","68","102","129","110","0","68","81","92","92","21"
"20213","11305595","번1동","2157","1289","868","0","251","441","432","564","469","0","107","275","265","367","275","0","144","166","167","197","194"
"20213","11290650","정릉4동","863","533","330","0","65","128","215","279","176","0","17","64","138","190","124","0","48","64","77","89","52"
"20213","11320512","창2동","1112","636","476","0","137","251","305","258","161","0","63","151","169","130","123","0","74","100","136","128","38"
"20213","11350595","공릉1동","4652","2516","2136","0","481","713","1022","1295","1141","0","217","392","508","673","726","0","264","321","514","622","415"
"20213","11350600","공릉2동","1001","458","543","0","166","250","245","236","104","0","49","114","114","115","66","0","117","136","131","121","38"
"20213","11350670","상계5동","1096","545","551","0","36","104","188","288","480","0","11","59","79","130","266","0","25","45","109","158","214"
"20213","11380632","신사2동","1084","774","310","0","116","212","283","271","202","0","93","149","163","185","184","0","23","63","120","86","18"
"20213","11410710","북가좌1동","351","282","69","0","5","14","40","75","217","0","1","6","18","51","206","0","4","8","22","24","11"
"20213","11440565","공덕동","9224","5324","3900","23","2058","2517","2492","1621","513","7","819","1333","1586","1205","374","16","1239","1184","906","416","139"
"20213","11440600","대흥동","3932","1935","1997","10","1614","903","564","532","309","0","630","466","307","321","211","10","984","437","257","211","98"
"20213","11440585","도화동","12792","7780","5012","8","2355","3120","3221","2854","1234","4","1229","2147","2121","1490","789","4","1126","973","1100","1364","445"
"20213","11440720","성산1동","4809","3207","1602","1","608","996","1105","936","1163","1","299","620","706","655","926","0","309","376","399","281","237"
"20213","11470580","신월3동","1019","594","425","0","93","185","237","312","192","0","31","75","127","198","163","0","62","110","110","114","29"
"20213","11470590","신월4동","1334","912","422","0","60","160","312","438","364","0","24","87","181","298","322","0","36","73","131","140","42"
"20213","11440730","성산2동","2037","908","1129","1","188","384","539","630","295","1","62","189","242","245","169","0","126","195","297","385","126"
"20213","11500520","등촌1동","5411","3250","2161","2","1083","1405","1201","970","750","2","401","886","827","634","500","0","682","519","374","336","250"
"20213","11500630","방화1동","4389","3485","904","0","448","937","1081","1271","652","0","329","776","874","1064","442","0","119","161","207","207","210"
"20213","11500640","방화2동","2100","1387","713","2","209","404","481","561","443","2","120","245","313","360","347","0","89","159","168","201","96"
"20213","11545710","시흥5동","1300","772","528","1","176","300","337","279","207","1","92","201","199","142","137","0","84","99","138","137","70"
"20213","11560585","도림동","652","430","222","0","41","106","168","178","159","0","16","67","111","116","120","0","25","39","57","62","39"
"20213","11560690","신길7동","2428","1671","757","0","281","464","550","702","431","0","176","318","373","451","353","0","105","146","177","251","78"
"20213","11560680","신길6동","1857","1166","691","0","197","449","490","403","318","0","98","276","296","253","243","0","99","173","194","150","75"
"20213","11560535","영등포동","13330","7459","5871","4","2447","3331","3157","2637","1754","0","906","1860","1969","1553","1171","4","1541","1471","1188","1084","583"
"20213","11620775","난곡동","883","494","389","0","84","183","217","268","131","0","31","95","108","156","104","0","53","88","109","112","27"
"20213","11620715","난향동","430","212","218","0","46","96","121","93","74","0","10","43","51","47","61","0","36","53","70","46","13"
"20213","11620630","남현동","3374","2233","1141","0","560","847","916","657","394","0","308","572","645","430","278","0","252","275","271","227","116"
"20213","11620745","삼성동","780","438","342","0","82","154","215","212","117","0","37","77","112","115","97","0","45","77","103","97","20"
"20213","11620665","서림동","1534","872","662","0","220","272","389","335","318","0","110","146","207","201","208","0","110","126","182","134","110"
"20213","11620615","중앙동","1264","589","675","0","143","223","298","350","250","0","57","107","141","166","118","0","86","116","157","184","132"
"20213","11650540","잠원동","11785","6832","4953","24","2456","3479","2910","1817","1099","13","968","2038","1930","1138","745","11","1488","1441","980","679","354"
"20213","11680545","압구정동","40086","22569","17517","203","8921","12539","9208","6004","3211","74","3305","7047","6202","3951","1990","129","5616","5492","3006","2053","1221"
"20213","11680640","역삼1동","169130","100073","69057","377","34141","51463","43587","29520","10042","126","16339","32110","28459","15992","7047","251","17802","19353","15128","13528","2995"
"20213","11650560","반포1동","7464","4590","2874","0","1364","2483","1874","1142","601","0","644","1620","1246","633","447","0","720","863","628","509","154"
"20213","11680600","대치1동","16887","8995","7892","27","3092","5510","4204","2629","1425","9","1162","2734","2377","1681","1032","18","1930","2776","1827","948","393"
"20213","11740515","강일동","204","134","70","0","28","44","58","49","25","0","14","30","36","32","22","0","14","14","22","17","3"
"20213","11740550","고덕1동","802","418","384","0","89","175","207","192","139","0","38","100","102","89","89","0","51","75","105","103","50"
"20213","11740530","명일1동","3976","2223","1753","0","588","1069","1004","718","597","0","272","648","657","368","278","0","316","421","347","350","319"
"20213","11140615","신당동","5257","2839","2418","27","1523","1116","989","959","643","6","678","586","508","622","439","21","845","530","481","337","204"
"20213","11140520","소공동","93047","49413","43634","486","26928","29388","20476","12302","3467","133","8748","14620","14610","8986","2316","353","18180","14768","5866","3316","1151"
"20213","11200520","왕십리2동","1035","623","412","0","134","266","303","227","105","0","67","143","186","143","84","0","67","123","117","84","21"
"20213","11215870","구의3동","8848","5395","3453","6","1037","1867","2139","2221","1578","1","596","1305","1452","1141","900","5","441","562","687","1080","678"
"20213","11215730","군자동","1480","808","672","0","176","315","336","341","312","0","69","165","192","180","202","0","107","150","144","161","110"
"20213","11215780","능동","1455","905","550","0","208","338","380","296","233","0","103","200","242","179","181","0","105","138","138","117","52"
"20213","11230560","전농1동","873","583","290","0","84","138","249","260","142","0","56","92","178","175","82","0","28","46","71","85","60"
"20213","11215770","중곡4동","3121","1530","1591","0","541","761","805","728","286","0","148","352","394","395","241","0","393","409","411","333","45"
"20213","11290610","보문동","3466","2627","839","0","332","1021","731","729","653","0","181","818","586","586","456","0","151","203","145","143","197"
"20213","11290600","안암동","2246","1489","757","0","291","592","645","496","222","0","147","374","423","358","187","0","144","218","222","138","35"
"20213","11320681","쌍문4동","250","130","120","0","24","60","71","66","29","0","7","28","36","35","24","0","17","32","35","31","5"
"20213","11350695","상계6?7동","3737","1651","2086","0","525","885","963","951","413","0","138","335","431","517","230","0","387","550","532","434","183"
"20213","11350710","상계9동","1126","712","414","0","144","282","282","319","99","0","79","179","165","212","77","0","65","103","117","107","22"
"20213","11380520","불광1동","1884","816","1068","0","266","448","504","437","229","0","94","193","223","188","118","0","172","255","281","249","111"
"20213","11380690","진관동","539","283","256","0","52","133","146","132","76","0","24","83","83","55","38","0","28","50","63","77","38"
"20213","11410720","북가좌2동","1495","765","730","0","219","294","336","381","265","0","58","150","188","208","161","0","161","144","148","173","104"
"20213","11350625","중계2?3동","1294","725","569","1","168","338","333","332","122","1","100","201","171","175","77","0","68","137","162","157","45"
"20213","11380570","대조동","2240","1106","1134","0","263","481","609","524","363","0","93","235","290","234","254","0","170","246","319","290","109"
"20213","11440655","서강동","3181","2002","1179","0","545","774","769","628","465","0","269","458","509","416","350","0","276","316","260","212","115"
"20213","11440740","상암동","11462","7045","4417","24","2422","4160","3118","1296","442","11","1068","2623","2073","906","364","13","1354","1537","1045","390","78"
"20213","11470520","목2동","3017","1690","1327","0","417","735","805","690","370","0","197","402","447","400","244","0","220","333","358","290","126"
"20213","11500641","방화3동","2437","1576","861","0","234","522","613","673","395","0","118","275","379","475","329","0","116","247","234","198","66"
"20213","11470640","신정3동","2050","1470","580","0","161","393","512","441","543","0","75","242","349","311","493","0","86","151","163","130","50"
"20213","11530780","오류2동","736","448","288","0","69","168","192","190","117","0","31","92","114","120","91","0","38","76","78","70","26"
"20213","11530790","수궁동","1741","1182","559","1","171","335","405","495","334","1","106","214","254","337","270","0","65","121","151","158","64"
"20213","11545620","독산2동","1495","849","646","0","176","310","350","441","218","0","97","144","175","263","170","0","79","166","175","178","48"
"20213","11590620","사당1동","3709","1959","1750","0","615","922","1002","681","489","0","188","450","503","413","405","0","427","472","499","268","84"
"20213","11560610","양평1동","8762","5073","3689","21","1740","2016","1940","1763","1282","8","888","1287","1154","906","830","13","852","729","786","857","452"
"20213","11560540","여의동","192171","136360","55811","455","35329","68874","49407","29468","8638","168","19501","49228","38160","23454","5849","287","15828","19646","11247","6014","2789"
"20213","11620685","신사동","3751","2588","1163","0","593","1093","1107","679","279","0","256","746","878","518","190","0","337","347","229","161","89"
"20213","11620595","청룡동","3071","1689","1382","0","498","875","740","701","257","0","194","445","413","457","180","0","304","430","327","244","77"
"20213","11650531","서초4동","33312","19044","14268","119","6509","10194","8365","5899","2226","54","2475","5823","5425","3699","1568","65","4034","4371","2940","2200","658"
"20213","11680521","논현1동","40917","23930","16987","76","10700","12307","8712","5671","3451","24","4554","7313","5871","3659","2509","52","6146","4994","2841","2012","942"
"20213","11680690","개포4동","6683","4818","1865","0","804","1518","1887","1597","877","0","399","1017","1431","1246","725","0","405","501","456","351","152"
"20213","11680670","개포2동","8495","5569","2926","17","1488","2420","2034","1576","960","5","794","1619","1403","1007","741","12","694","801","631","569","219"
"20213","11650580","반포3동","2674","1492","1182","4","424","680","592","536","438","1","180","401","392","311","207","3","244","279","200","225","231"
"20213","11650550","반포본동","11178","6092","5086","18","1848","3691","3196","1911","514","11","676","2016","1793","1196","400","7","1172","1675","1403","715","114"
"20213","11710620","가락본동","26146","15814","10332","33","3542","6297","5995","5117","5162","12","1697","3934","4017","2970","3184","21","1845","2363","1978","2147","1978"
"20213","11680590","삼성2동","57038","32784","24254","105","11498","18498","14487","8073","4377","39","4771","10882","9669","4542","2881","66","6727","7616","4818","3531","1496"
"20213","11680565","청담동","54369","31131","23238","105","11319","17995","13506","8167","3277","38","4256","10274","8879","5397","2287","67","7063","7721","4627","2770","990"
"20213","11710641","문정1동","31815","24589","7226","0","2889","5941","9173","12013","1799","0","1701","4283","7140","10293","1172","0","1188","1658","2033","1720","627"
"20213","11680660","개포1동","549","337","212","3","86","145","142","114","59","1","39","80","98","77","42","2","47","65","44","37","17"
"20213","11740610","천호2동","2915","1505","1410","1","345","625","725","689","530","1","135","292","359","343","375","0","210","333","366","346","155"
"20213","11710600","석촌동","8142","5381","2761","0","992","1852","1900","1676","1722","0","566","1336","1289","985","1205","0","426","516","611","691","517"
"20213","11110630","종로5?6가동","22084","13809","8275","548","5147","6386","5431","3337","1235","134","2131","4119","3983","2579","863","414","3016","2267","1448","758","372"
"20213","11110650","혜화동","5345","2612","2733","1","874","1459","1302","1062","647","1","299","711","694","547","360","0","575","748","608","515","287"
"20213","11170685","한남동","37600","27541","10059","69","6179","11152","9891","8642","1667","50","2921","7430","8032","7758","1350","19","3258","3722","1859","884","317"
"20213","11170580","효창동","1167","661","506","0","157","295","323","257","135","0","76","170","192","129","94","0","81","125","131","128","41"
"20213","11170630","이촌1동","5250","3358","1892","24","853","1412","1470","1069","422","16","422","869","1036","721","294","8","431","543","434","348","128"
"20213","11200720","송정동","862","530","332","0","121","204","219","175","143","0","59","126","123","103","119","0","62","78","96","72","24"
"20213","11200615","금호2?3가동","394","207","187","0","34","70","96","97","97","0","0","27","48","55","77","0","34","43","48","42","20"
"20213","11200790","용답동","3201","1953","1248","14","806","898","658","506","319","0","348","584","439","325","257","14","458","314","219","181","62"
"20213","11230740","이문1동","915","411","504","0","171","240","250","177","77","0","30","92","125","108","56","0","141","148","125","69","21"
"20213","11230545","제기동","4704","2813","1891","0","603","1171","1152","999","779","0","242","692","736","593","550","0","361","479","416","406","229"
"20213","11260550","면목5동","954","674","280","0","85","152","258","248","211","0","63","123","125","166","197","0","22","29","133","82","14"
"20213","11230710","회기동","131","57","74","0","8","29","36","34","24","0","0","8","15","13","21","0","8","21","21","21","3"
"20213","11260620","묵1동","967","463","504","0","99","229","279","232","128","0","36","109","121","109","88","0","63","120","158","123","40"
"20213","11260690","신내2동","686","382","304","0","91","172","168","171","84","0","38","81","87","111","65","0","53","91","81","60","19"
"20213","11260600","중화1동","1158","615","543","0","126","253","300","280","199","0","44","106","145","155","165","0","82","147","155","125","34"
"20213","11290525","성북동","19885","15180","4705","4","2590","4899","5780","5763","849","0","1432","3425","4588","5136","599","4","1158","1474","1192","627","250"
"20213","11305575","삼각산동","296","163","133","0","53","77","95","46","25","0","22","43","53","23","22","0","31","34","42","23","3"
"20213","11290770","장위2동","686","426","260","0","36","124","175","170","181","0","7","62","99","108","150","0","29","62","76","62","31"
"20213","11290760","장위1동","547","286","261","0","102","118","130","112","85","0","48","65","65","54","54","0","54","53","65","58","31"
"20213","11380551","갈현1동","2245","1152","1093","0","382","526","532","498","307","0","150","275","269","253","205","0","232","251","263","245","102"
"20213","11320522","도봉2동","815","521","294","0","34","96","143","210","332","0","12","48","80","136","245","0","22","48","63","74","87"
"20213","11380580","응암1동","2292","1278","1014","0","228","382","549","534","599","0","102","180","289","272","435","0","126","202","260","262","164"
"20213","11440690","망원1동","3131","1752","1379","0","867","878","659","455","272","0","501","468","320","279","184","0","366","410","339","176","88"
"20213","11350624","중계4동","1121","613","508","1","112","232","262","293","221","1","40","111","136","156","169","0","72","121","126","137","52"
"20213","11350621","중계1동","950","521","429","0","125","209","284","237","95","0","53","114","151","129","74","0","72","95","133","108","21"
"20213","11440700","망원2동","4504","2697","1807","0","565","839","973","1374","753","0","314","623","681","640","439","0","251","216","292","734","314"
"20213","11440610","염리동","2042","1350","692","22","386","459","411","452","312","8","195","312","308","312","215","14","191","147","103","140","97"
"20213","11500605","가양3동","260","166","94","0","43","58","73","54","32","0","28","39","46","32","21","0","15","19","27","22","11"
"20213","11500535","등촌3동","13188","6984","6204","24","1641","2801","2948","3264","2510","12","720","1531","1730","1584","1407","12","921","1270","1218","1680","1103"
"20213","11530760","개봉3동","1461","888","573","0","194","361","376","313","217","0","96","225","225","177","165","0","98","136","151","136","52"
"20213","11500615","우장산동","3267","1797","1470","0","712","738","694","686","437","0","269","425","409","409","285","0","443","313","285","277","152"
"20213","11530530","구로2동","11348","7003","4345","18","1370","2639","2830","2852","1639","9","639","1561","1702","1876","1216","9","731","1078","1128","976","423"
"20213","11560550","당산1동","7122","4290","2832","0","1213","2021","1584","1314","990","0","485","1133","998","919","755","0","728","888","586","395","235"
"20213","11530510","신도림동","9259","6084","3175","12","1514","2873","2258","1680","922","6","631","1959","1628","1162","698","6","883","914","630","518","224"
"20213","11560605","문래동","56797","41251","15546","64","8764","18570","17500","8950","2949","21","4894","14129","14300","6057","1850","43","3870","4441","3200","2893","1099"
"20213","11530595","가리봉동","778","359","419","0","55","127","184","169","243","0","19","59","82","66","133","0","36","68","102","103","110"
"20213","11560720","대림3동","5000","3242","1758","0","507","1051","1287","1203","952","0","261","737","923","757","564","0","246","314","364","446","388"
"20213","11590660","대방동","8214","5461","2753","0","1374","2232","1922","1838","848","0","732","1527","1339","1324","539","0","642","705","583","514","309"
"20213","11560620","양평2동","12555","7184","5371","8","2293","3427","3455","2169","1203","1","1004","2064","1957","1272","886","7","1289","1363","1498","897","317"
"20213","11590540","상도2동","1019","523","496","0","116","243","271","252","137","0","50","127","143","126","77","0","66","116","128","126","60"
"20213","11620565","성현동","1713","647","1066","7","242","301","395","519","249","5","109","158","178","140","57","2","133","143","217","379","192"
"20213","11650530","서초3동","61450","36511","24939","117","10551","18437","15758","11205","5382","49","4460","10744","10085","7316","3857","68","6091","7693","5673","3889","1525"
"20213","11710561","방이1동","8038","5867","2171","5","843","1575","2104","2140","1371","5","402","1001","1568","1714","1177","0","441","574","536","426","194"
"20213","11740660","성내3동","4018","2421","1597","0","564","905","1015","838","696","0","296","576","615","473","461","0","268","329","400","365","235"
"20213","11110550","부암동","1712","956","756","0","289","496","462","329","136","0","115","276","268","201","96","0","174","220","194","128","40"
"20213","11110540","삼청동","3007","2455","552","0","367","797","940","714","189","0","235","615","801","638","166","0","132","182","139","76","23"
"20213","11110700","숭인1동","225","101","124","0","43","50","48","51","33","0","5","21","24","27","24","0","38","29","24","24","9"
"20213","11110640","이화동","1800","993","807","0","273","452","465","378","232","0","84","207","272","253","177","0","189","245","193","125","55"
"20213","11140540","회현동","78140","48297","29843","219","14647","27576","21371","11359","2968","69","6834","16456","13923","8940","2075","150","7813","11120","7448","2419","893"
"20213","11170660","이태원2동","1046","593","453","0","168","359","279","160","80","0","77","198","151","90","77","0","91","161","128","70","3"
"20213","11170640","이촌2동","2644","1800","844","0","378","726","783","579","178","0","172","460","589","448","131","0","206","266","194","131","47"
"20213","11200650","성수1가1동","2307","1446","861","0","289","489","517","616","396","0","132","304","332","420","258","0","157","185","185","196","138"
"20213","11140680","중림동","3238","1805","1433","0","683","1041","847","446","221","0","310","564","470","296","165","0","373","477","377","150","56"
"20213","11290660","길음1동","4044","1976","2068","268","1417","994","674","437","254","112","613","522","332","202","195","156","804","472","342","235","59"
"20213","11215847","자양4동","759","528","231","0","33","103","191","205","227","0","12","59","120","141","196","0","21","44","71","64","31"
"20213","11215820","자양1동","10193","8052","2141","0","692","1435","2765","4164","1137","0","306","924","2221","3622","979","0","386","511","544","542","158"
"20213","11230536","용신동","19499","10093","9406","0","2358","4343","4823","4814","3161","0","1114","2488","2547","2202","1742","0","1244","1855","2276","2612","1419"
"20213","11305608","번3동","226","123","103","0","22","37","56","66","45","0","8","17","31","36","31","0","14","20","25","30","14"
"20213","11305555","송천동","821","424","397","0","34","120","167","230","270","0","5","52","74","140","153","0","29","68","93","90","117"
"20213","11320700","방학2동","793","359","434","0","53","160","203","163","214","0","17","80","91","80","91","0","36","80","112","83","123"
"20213","11320660","쌍문1동","802","381","421","0","87","130","222","228","135","0","14","46","85","118","118","0","73","84","137","110","17"
"20213","11320514","창4동","1631","1028","603","0","169","312","402","449","299","0","73","166","238","303","248","0","96","146","164","146","51"
"20213","11320515","창5동","5138","3248","1890","0","585","1149","1266","1093","1045","0","303","789","852","600","704","0","282","360","414","493","341"
"20213","11410565","충현동","12196","7576","4620","8","1528","3096","3223","2894","1447","6","722","1880","2047","1898","1023","2","806","1216","1176","996","424"
"20213","11440680","합정동","5238","2930","2308","0","869","1515","1367","957","530","0","337","744","859","623","367","0","532","771","508","334","163"
"20213","11470610","신월6동","691","408","283","0","69","128","159","191","144","0","26","66","88","108","120","0","43","62","71","83","24"
"20213","11470530","목3동","1768","973","795","0","230","389","469","428","252","0","115","226","252","217","163","0","115","163","217","211","89"
"20213","11470680","신정7동","298","176","122","0","34","73","91","68","32","0","16","41","55","41","23","0","18","32","36","27","9"
"20213","11410655","홍제2동","347","176","171","0","51","75","88","77","56","0","17","49","44","38","28","0","34","26","44","39","28"
"20213","11530730","고척2동","1674","1062","612","0","174","379","435","458","228","0","115","244","258","265","180","0","59","135","177","193","48"
"20213","11500510","염창동","2900","1345","1555","2","450","854","863","489","242","1","162","373","347","270","192","1","288","481","516","219","50"
"20213","11530750","개봉2동","7179","3553","3626","15","1273","1745","1707","1709","730","6","724","1113","755","573","382","9","549","632","952","1136","348"
"20213","11530550","구로4동","1589","897","692","0","163","319","398","394","315","0","70","177","214","214","222","0","93","142","184","180","93"
"20213","11470611","신월7동","2522","1651","871","0","270","422","511","602","717","0","199","319","337","366","430","0","71","103","174","236","287"
"20213","11470620","신정1동","7480","4368","3112","32","1323","1871","1872","1592","790","32","552","1164","1122","925","573","0","771","707","750","667","217"
"20213","11590680","신대방2동","13567","8641","4926","24","2478","2822","2543","3180","2520","13","1876","2165","1625","1621","1341","11","602","657","918","1559","1179"
"20213","11620735","대학동","659","518","141","0","84","165","192","168","50","0","53","119","160","142","44","0","31","46","32","26","6"
"20213","11620725","조원동","2942","1842","1100","0","560","719","717","631","315","0","258","470","459","426","229","0","302","249","258","205","86"
"20213","11680531","논현2동","51348","32774","18574","60","9843","14883","12372","8342","5848","3","4274","8896","8787","6325","4489","57","5569","5987","3585","2017","1359"
"20213","11680610","대치2동","93548","52340","41208","514","16992","25762","21574","17657","11049","222","7821","15778","13873","9115","5531","292","9171","9984","7701","8542","5518"
"20213","11650651","양재1동","26213","16948","9265","322","6137","7263","5939","3909","2643","156","3113","4882","4196","2609","1992","166","3024","2381","1743","1300","651"
"20213","11650600","방배1동","15710","10377","5333","74","3102","4815","3808","2859","1052","52","1473","2934","2802","2333","783","22","1629","1881","1006","526","269"
"20213","11710531","거여1동","3043","2264","779","0","761","860","738","412","272","0","530","682","568","283","201","0","231","178","170","129","71"
"20213","11710642","문정2동","37095","23318","13777","64","5313","11289","11371","6572","2486","27","2545","6372","7795","5032","1547","37","2768","4917","3576","1540","939"
"20213","11710562","방이2동","40198","23135","17063","45","6486","10320","9079","8569","5699","45","3641","6720","5574","4012","3143","0","2845","3600","3505","4557","2556"
"20213","11680730","일원1동","1836","1006","830","0","239","349","419","401","428","0","101","188","217","211","289","0","138","161","202","190","139"
"20213","11710650","잠실본동","10021","6427","3594","15","1354","1917","2347","2226","2162","0","604","1170","1472","1538","1643","15","750","747","875","688","519"
"20213","11740560","고덕2동","1104","701","403","0","63","141","239","389","272","0","12","63","137","269","220","0","51","78","102","120","52"
"20213","11740540","명일2동","2635","1818","817","0","307","753","709","561","305","0","158","537","519","363","241","0","149","216","190","198","64"
"20213","11110515","청운효자동","6252","4040","2212","17","1143","1818","1742","1109","423","0","498","1139","1300","806","297","17","645","679","442","303","126"
"20213","11140590","광희동","59306","29559","29747","548","17066","15669","12200","9369","4454","231","8297","9126","7066","3169","1670","317","8769","6543","5134","6200","2784"
"20213","11140665","동화동","1168","525","643","0","190","277","307","249","145","0","52","93","149","138","93","0","138","184","158","111","52"
"20213","11140605","을지로동","15804","8615","7189","22","3821","3841","3454","2751","1915","0","995","2116","2245","1912","1347","22","2826","1725","1209","839","568"
"20213","11170555","청파동","3013","1618","1395","0","457","767","727","646","416","0","156","354","384","399","325","0","301","413","343","247","91"
"20213","11140635","약수동","9774","3777","5997","22","1573","3655","2709","1337","478","0","481","1286","900","765","345","22","1092","2369","1809","572","133"
"20213","11140650","신당5동","742","400","342","0","67","170","193","174","138","0","30","75","98","95","102","0","37","95","95","79","36"
"20213","11140580","장충동","5479","2891","2588","17","1259","1501","1415","1047","240","3","444","840","840","603","161","14","815","661","575","444","79"
"20213","11200690","성수2가3동","22671","14529","8142","46","3734","5766","5667","4544","2914","45","2071","3854","3807","2739","2013","1","1663","1912","1860","1805","901"
"20213","11230600","답십리1동","2039","976","1063","0","299","418","569","544","209","0","204","280","206","145","141","0","95","138","363","399","68"
"20213","11230570","전농2동","1015","532","483","0","114","215","272","272","142","0","47","102","146","140","97","0","67","113","126","132","45"
"20213","11215750","중곡2동","2348","1355","993","0","314","477","603","559","395","0","201","276","319","295","264","0","113","201","284","264","131"
"20213","11260680","신내1동","2084","999","1085","0","367","453","383","553","328","0","97","191","183","273","255","0","270","262","200","280","73"
"20213","11290575","동선동","2026","1011","1015","0","266","419","463","519","359","0","90","180","227","286","228","0","176","239","236","233","131"
"20213","11290685","길음2동","438","181","257","0","39","86","123","126","64","0","17","33","57","43","31","0","22","53","66","83","33"
"20213","11290580","돈암1동","126","58","68","0","36","38","26","18","8","0","8","19","14","10","7","0","28","19","12","8","1"
"20213","11290715","월곡1동","1425","881","544","0","85","172","297","306","565","0","26","82","159","205","409","0","59","90","138","101","156"
"20213","11305534","삼양동","345","208","137","0","40","64","87","86","68","0","14","29","45","57","63","0","26","35","42","29","5"
"20213","11305660","인수동","2941","1736","1205","0","261","585","771","868","456","0","88","316","472","515","345","0","173","269","299","353","111"
"20213","11305635","수유3동","3062","1566","1496","0","294","751","811","823","383","0","106","318","378","509","255","0","188","433","433","314","128"
"20213","11305625","수유2동","1284","684","600","0","29","73","250","397","535","0","1","40","158","273","212","0","28","33","92","124","323"
"20213","11320690","방학1동","2999","1737","1262","0","302","662","744","899","392","0","163","386","385","509","294","0","139","276","359","390","98"
"20213","11320513","창3동","589","319","270","0","32","126","210","169","52","0","0","75","125","79","40","0","32","51","85","90","12"
"20213","11320511","창1동","900","411","489","0","125","182","241","247","105","0","47","72","109","116","67","0","78","110","132","131","38"
"20213","11350665","상계3?4동","617","437","180","0","26","44","160","244","143","0","7","22","100","184","124","0","19","22","60","60","19"
"20213","11350619","중계본동","904","436","468","0","103","183","226","263","129","0","49","93","98","118","78","0","54","90","128","145","51"
"20213","11380530","불광2동","1998","956","1042","0","92","265","327","430","884","0","27","137","128","173","491","0","65","128","199","257","393"
"20213","11350720","상계10동","401","169","232","0","61","86","107","115","32","0","12","36","42","55","24","0","49","50","65","60","8"
"20213","11410685","홍은2동","1579","1025","554","1","252","431","385","343","167","1","142","284","250","226","122","0","110","147","135","117","45"
"20213","11410555","북아현동","1257","939","318","0","117","290","349","362","139","0","47","224","279","282","107","0","70","66","70","80","32"
"20213","11350580","월계3동","339","168","171","0","39","59","89","97","55","0","15","30","41","50","32","0","24","29","48","47","23"
"20213","11380510","녹번동","2625","1399","1226","0","291","615","717","707","295","0","140","298","345","419","197","0","151","317","372","288","98"
"20213","11470570","신월2동","1607","929","678","0","130","260","438","443","336","0","73","155","226","233","242","0","57","105","212","210","94"
"20213","11470550","목5동","15086","9185","5901","51","2445","3902","3657","3159","1872","24","1127","2354","2311","2070","1299","27","1318","1548","1346","1089","573"
"20213","11530560","구로5동","12514","7903","4611","22","1759","2932","3252","2781","1768","18","990","2023","2152","1645","1075","4","769","909","1100","1136","693"
"20213","11500550","화곡2동","1371","840","531","0","163","386","361","332","129","0","100","255","221","175","89","0","63","131","140","157","40"
"20213","11500570","화곡4동","2169","963","1206","0","515","595","445","406","208","0","113","257","216","218","159","0","402","338","229","188","49"
"20213","11500591","화곡6동","7642","4870","2772","2","1078","2041","1963","1737","821","0","535","1304","1255","1151","625","2","543","737","708","586","196"
"20213","11545700","시흥4동","1242","743","499","0","199","261","356","305","121","0","120","181","211","141","90","0","79","80","145","164","31"
"20213","11545610","독산1동","11527","7394","4133","15","891","1565","1934","2532","4590","15","524","1045","1234","1557","3019","0","367","520","700","975","1571"
"20213","11545640","독산4동","1481","847","634","0","178","251","316","351","385","0","106","150","192","170","229","0","72","101","124","181","156"
"20213","11560710","대림2동","3511","1789","1722","3","653","831","781","546","697","0","257","442","339","306","445","3","396","389","442","240","252"
"20213","11560560","당산2동","11854","7951","3903","11","1855","2667","2877","2619","1825","5","949","1663","2009","1922","1403","6","906","1004","868","697","422"
"20213","11590550","상도3동","966","557","409","0","70","195","258","234","209","0","40","135","154","117","111","0","30","60","104","117","98"
"20213","11590670","신대방1동","3834","2434","1400","2","733","1234","897","610","358","2","373","795","622","399","243","0","360","439","275","211","115"
"20213","11620695","신림동","1677","1025","652","0","125","226","410","392","524","0","41","122","229","229","404","0","84","104","181","163","120"
"20213","11620655","신원동","569","341","228","0","48","123","150","146","102","0","29","69","93","89","61","0","19","54","57","57","41"
"20213","11590605","흑석동","126","77","49","0","13","28","40","28","17","0","7","16","25","16","13","0","6","12","15","12","4"
"20213","11620605","은천동","1140","539","601","0","154","215","238","314","219","0","49","101","122","141","126","0","105","114","116","173","93"
"20213","11650510","서초1동","42533","23804","18729","48","8918","11028","9382","10387","2770","14","3197","5939","5441","7200","2013","34","5721","5089","3941","3187","757"
"20213","11680655","도곡1동","29536","20932","8604","56","5045","6881","8239","7475","1840","46","2560","4509","6197","6125","1495","10","2485","2372","2042","1350","345"
"20213","11710632","가락2동","6689","4497","2192","0","892","1424","1323","1254","1796","0","527","970","876","747","1377","0","365","454","447","507","419"
"20213","11680650","역삼2동","48471","28737","19734","168","11158","13471","11522","8579","3573","62","5379","8630","7665","4486","2515","106","5779","4841","3857","4093","1058"
"20213","11710532","거여2동","1463","756","707","1","187","242","358","438","237","0","104","143","182","197","130","1","83","99","176","241","107"
"20213","11740580","암사2동","2162","789","1373","0","212","361","511","649","429","0","73","170","205","187","154","0","139","191","306","462","275"
"20213","11710510","풍납1동","1007","576","431","0","120","228","269","271","119","0","64","124","146","146","96","0","56","104","123","125","23"
"20213","11740520","상일동","1070","542","528","0","159","240","263","281","127","0","56","120","156","130","80","0","103","120","107","151","47"
"20213","11710680","잠실3동","30372","20597","9775","147","5553","7610","7557","5753","3752","66","2894","5263","5596","4126","2652","81","2659","2347","1961","1627","1100"
"20213","11110690","창신3동","111","53","58","0","12","31","29","31","8","0","5","13","13","16","6","0","7","18","16","15","2"
"20213","11140670","황학동","806","554","252","0","120","232","210","156","88","0","78","147","132","114","83","0","42","85","78","42","5"
"20213","11170530","남영동","16510","6950","9560","135","6276","4071","3150","2110","768","9","1177","2187","1871","1130","576","126","5099","1884","1279","980","192"
"20213","11170520","용산2가동","721","527","194","0","46","114","270","259","32","0","12","63","216","209","27","0","34","51","54","50","5"
"20213","11170560","원효로1동","2817","1929","888","0","436","773","735","520","353","0","258","556","512","356","247","0","178","217","223","164","106"
"20213","11170650","이태원1동","18613","8162","10451","0","5458","7157","3630","1800","568","0","1409","2999","2012","1297","445","0","4049","4158","1618","503","123"
"20213","11200660","성수1가2동","5397","3719","1678","4","865","1105","1139","1173","1111","4","515","738","739","834","889","0","350","367","400","339","222"
"20213","11215830","자양2동","2299","1440","859","0","321","520","605","593","260","0","220","334","359","328","199","0","101","186","246","265","61"
"20213","11215850","구의1동","3417","2048","1369","0","481","863","948","786","339","0","253","502","525","509","259","0","228","361","423","277","80"
"20213","11215810","광장동","6986","4240","2746","65","2163","1835","1356","1078","489","20","1037","1186","916","720","361","45","1126","649","440","358","128"
"20213","11200540","마장동","6815","4853","1962","2","554","1202","1574","2257","1226","2","333","825","1153","1619","921","0","221","377","421","638","305"
"20213","11200620","금호4가동","709","425","284","0","77","163","200","173","96","0","28","84","131","108","74","0","49","79","69","65","22"
"20213","11230705","청량리동","2798","1498","1300","0","493","821","538","521","425","0","180","471","302","298","247","0","313","350","236","223","178"
"20213","11215760","중곡3동","919","600","319","0","93","224","265","215","122","0","52","165","157","140","86","0","41","59","108","75","36"
"20213","11260580","상봉1동","1862","1312","550","3","216","322","386","503","432","3","142","201","221","353","392","0","74","121","165","150","40"
"20213","11290590","돈암2동","433","261","172","1","67","104","138","77","46","0","31","61","92","57","20","1","36","43","46","20","26"
"20213","11290810","석관동","2596","1752","844","0","200","379","484","535","998","0","98","238","281","343","792","0","102","141","203","192","206"
"20213","11290725","월곡2동","2935","1865","1070","0","476","831","710","517","401","0","238","549","434","307","337","0","238","282","276","210","64"
"20213","11290705","종암동","16164","8517","7647","11","1354","4097","5735","4627","340","0","580","1499","2618","3616","204","11","774","2598","3117","1011","136"
"20213","11305535","미아동","984","559","425","0","93","179","283","282","147","0","35","88","160","171","105","0","58","91","123","111","42"
"20213","11290620","정릉1동","526","290","236","0","67","94","114","141","110","0","17","36","57","88","92","0","50","58","57","53","18"
"20213","11350560","월계1동","1349","740","609","0","213","328","351","263","194","0","97","202","176","135","130","0","116","126","175","128","64"
"20213","11350700","상계8동","576","301","275","0","81","168","142","129","56","0","28","106","59","70","38","0","53","62","83","59","18"
"20213","11350640","상계2동","2063","999","1064","0","260","348","530","539","386","0","84","198","249","255","213","0","176","150","281","284","173"
"20213","11380552","갈현2동","2987","1537","1450","0","287","595","800","805","500","0","132","332","378","357","338","0","155","263","422","448","162"
"20213","11320521","도봉1동","1620","1097","523","0","39","169","380","601","431","0","0","88","226","436","347","0","39","81","154","165","84"
"20213","11380600","응암3동","1475","716","759","0","144","348","429","356","198","0","50","173","197","159","137","0","94","175","232","197","61"
"20213","11410690","남가좌1동","1636","987","649","3","118","209","284","407","615","3","80","141","180","216","367","0","38","68","104","191","248"
"20213","11410520","천연동","1117","605","512","0","94","184","291","390","158","0","30","84","163","229","99","0","64","100","128","161","59"
"20213","11380560","구산동","1383","739","644","0","168","261","306","440","208","0","62","115","147","273","142","0","106","146","159","167","66"
"20213","11440660","서교동","26231","13407","12824","16","5497","7422","6106","4305","2885","15","2248","3711","3358","2277","1798","1","3249","3711","2748","2028","1087"
"20213","11440630","신수동","2357","1339","1018","0","288","654","658","574","183","0","109","305","376","404","145","0","179","349","282","170","38"
"20213","11440555","아현동","5681","3122","2559","6","1082","1825","1609","965","194","2","473","1019","903","585","140","4","609","806","706","380","54"
"20213","11470600","신월5동","1521","848","673","0","180","386","391","386","178","0","83","193","202","228","142","0","97","193","189","158","36"
"20213","11470650","신정4동","5168","2846","2322","0","870","924","993","1087","1294","0","259","450","504","588","1045","0","611","474","489","499","249"
"20213","11500603","가양1동","1652","1035","617","0","178","346","377","399","352","0","76","213","226","260","260","0","102","133","151","139","92"
"20213","11470630","신정2동","12667","7273","5394","29","2282","4114","3393","2231","618","11","926","2262","2102","1482","490","18","1356","1852","1291","749","128"
"20213","11545690","시흥3동","1826","1086","740","0","134","268","424","476","524","0","71","175","246","260","334","0","63","93","178","216","190"
"20213","11560630","신길1동","2505","1098","1407","0","445","603","559","495","403","0","134","290","264","207","203","0","311","313","295","288","200"
"20213","11545630","독산3동","3541","2549","992","0","280","541","629","692","1399","0","150","328","338","415","1318","0","130","213","291","277","81"
"20213","11590630","사당2동","2002","1114","888","0","309","604","551","372","166","0","149","373","330","170","92","0","160","231","221","202","74"
"20213","11590520","노량진2동","3919","2042","1877","4","620","1149","954","801","391","0","324","504","439","515","260","4","296","645","515","286","131"
"20213","11590510","노량진1동","4359","2443","1916","1","560","1044","1103","1043","608","1","234","597","670","563","378","0","326","447","433","480","230"
"20213","11590651","사당5동","1463","796","667","0","181","361","440","352","129","0","81","168","228","202","117","0","100","193","212","150","12"
"20213","11650520","서초2동","60995","40519","20476","124","12784","20130","15269","9342","3346","35","6980","13597","10504","7005","2398","89","5804","6533","4765","2337","948"
"20213","11620545","청림동","308","175","133","0","47","104","101","44","12","0","21","59","60","27","8","0","26","45","41","17","4"
"20213","11710646","장지동","5323","3640","1683","0","569","846","1266","1408","1234","0","318","565","849","991","917","0","251","281","417","417","317"
"20213","11650581","반포4동","57270","50540","6730","32","5734","12159","15443","21287","2615","13","4349","10118","13706","20231","2123","19","1385","2041","1737","1056","492"
"20213","11710580","송파1동","9835","6186","3649","0","1385","2214","2458","2144","1634","0","595","1316","1609","1447","1219","0","790","898","849","697","415"
"20213","11710540","마천1동","671","327","344","0","60","145","208","192","66","0","17","67","98","94","51","0","43","78","110","98","15"
"20213","11740570","암사1동","2488","1512","976","0","326","533","522","500","607","0","157","348","327","334","346","0","169","185","195","166","261"
"20213","11740685","길동","8361","4240","4121","0","1200","1672","1888","2040","1561","0","468","887","1007","939","939","0","732","785","881","1101","622"
"20213","11740700","둔촌2동","2952","1329","1623","0","560","770","642","614","366","0","157","322","320","292","238","0","403","448","322","322","128"
"20213","11710670","잠실2동","3800","2534","1266","4","729","1104","996","759","208","4","458","775","676","500","121","0","271","329","320","259","87"
"20213","11710566","오륜동","16273","9429","6844","26","2637","4923","4225","3255","1207","8","1062","2562","2716","2156","925","18","1575","2361","1509","1099","282"
"20213","11140550","명동","122900","71136","51764","121","20111","41380","33341","21854","6093","35","8045","21338","21485","16107","4126","86","12066","20042","11856","5747","1967"
"20213","11170700","보광동","547","273","274","0","59","119","149","140","80","0","3","56","77","80","57","0","56","63","72","60","23"
"20213","11110600","가회동","12809","9539","3270","3","1371","4415","3851","2406","763","3","706","3247","3012","1982","589","0","665","1168","839","424","174"
"20213","11140570","필동","13408","6310","7098","5","1937","3400","4133","2936","997","1","657","1684","1944","1377","647","4","1280","1716","2189","1559","350"
"20213","11170690","서빙고동","6671","4372","2299","7","1188","1993","2059","1053","371","2","569","1167","1502","841","291","5","619","826","557","212","80"
"20213","11140645","청구동","2028","1109","919","0","296","541","476","436","279","0","98","279","300","269","163","0","198","262","176","167","116"
"20213","11200645","옥수동","2061","796","1265","0","528","615","467","310","141","0","132","228","218","145","73","0","396","387","249","165","68"
"20213","11200535","왕십리도선동","3164","1451","1713","2","520","613","659","782","588","0","178","339","356","329","249","2","342","274","303","453","339"
"20213","11200570","행당2동","17","4","13","0","0","3","7","5","2","0","0","1","1","0","2","0","0","2","6","5","0"
"20213","11215740","중곡1동","4132","2007","2125","35","1080","794","831","974","418","9","459","428","411","392","308","26","621","366","420","582","110"
"20213","11230750","이문2동","247","133","114","0","27","55","56","63","46","0","9","27","27","35","35","0","18","28","29","28","11"
"20213","11260575","면목3?8동","1963","1255","708","0","172","348","513","544","386","0","53","181","307","405","309","0","119","167","206","139","77"
"20213","11260520","면목2동","1106","619","487","0","80","181","250","348","247","0","13","80","131","201","194","0","67","101","119","147","53"
"20213","11230720","휘경1동","809","483","326","0","86","155","206","209","153","0","29","91","133","145","85","0","57","64","73","64","68"
"20213","11260565","면목본동","1210","660","550","0","138","291","328","298","155","0","40","148","171","171","130","0","98","143","157","127","25"
"20213","11260630","묵2동","1404","969","435","0","197","349","337","391","130","0","116","240","223","289","101","0","81","109","114","102","29"
"20213","11260610","중화2동","794","469","325","0","73","108","220","182","211","0","36","49","110","110","164","0","37","59","110","72","47"
"20213","11305645","우이동","1439","900","539","0","59","111","194","355","720","0","8","53","109","251","479","0","51","58","85","104","241"
"20213","11305545","송중동","1341","658","683","0","120","219","400","354","248","0","40","91","172","173","182","0","80","128","228","181","66"
"20213","11305615","수유1동","1155","523","632","0","105","203","304","351","192","0","20","81","126","153","143","0","85","122","178","198","49"
"20213","11290780","장위3동","221","134","87","0","30","44","50","56","41","0","7","24","28","34","41","0","23","20","22","22","0"
"20213","11320670","쌍문2동","1004","574","430","0","106","169","238","294","197","0","28","78","125","186","157","0","78","91","113","108","40"
"20213","11320680","쌍문3동","1035","482","553","0","227","235","252","245","76","0","49","106","130","141","56","0","178","129","122","104","20"
"20213","11380631","신사1동","1272","678","594","0","128","269","291","316","268","0","49","132","158","153","186","0","79","137","133","163","82"
"20213","11410620","홍제1동","1864","959","905","0","199","279","480","646","260","0","57","126","251","361","164","0","142","153","229","285","96"
"20213","11410660","홍은1동","2582","517","2065","0","87","189","704","1239","363","0","32","64","132","151","138","0","55","125","572","1088","225"
"20213","11410585","신촌동","1969","1037","932","0","304","536","504","424","201","0","112","232","257","282","154","0","192","304","247","142","47"
"20213","11440590","용강동","11032","6546","4486","1","1617","2719","2618","2183","1894","1","783","1610","1731","1267","1154","0","834","1109","887","916","740"
"20213","11470560","신월1동","2094","1369","725","0","182","343","489","699","381","0","99","211","298","470","291","0","83","132","191","229","90"
"20213","11470510","목1동","14424","9367","5057","24","2496","3931","3603","2944","1426","16","1165","2584","2558","2115","929","8","1331","1347","1045","829","497"
"20213","11410640","홍제3동","857","427","430","0","69","102","174","227","285","0","21","38","81","119","168","0","48","64","93","108","117"
"20213","11500540","화곡1동","4355","2437","1918","0","428","899","1088","1225","715","0","191","521","589","687","449","0","237","378","499","538","266"
"20213","11500560","화곡3동","3555","2192","1363","0","488","859","914","820","474","0","262","571","554","461","344","0","226","288","360","359","130"
"20213","11530720","고척1동","2425","1726","699","0","211","493","638","744","339","0","111","330","446","561","278","0","100","163","192","183","61"
"20213","11530540","구로3동","61322","40198","21124","220","12747","20658","15533","7627","4537","147","6443","13703","10945","5323","3637","73","6304","6955","4588","2304","900"
"20213","11500590","화곡본동","2358","1341","1017","0","245","468","577","573","495","0","86","263","330","300","362","0","159","205","247","273","133"
"20213","11530770","오류1동","3085","1967","1118","0","398","575","759","899","454","0","286","387","460","520","314","0","112","188","299","379","140"
"20213","11560700","대림1동","1614","607","1007","0","533","373","333","265","110","0","103","127","164","134","79","0","430","246","169","131","31"
"20213","11560660","신길4동","777","386","391","0","129","187","199","184","78","0","44","88","96","99","59","0","85","99","103","85","19"
"20213","11560670","신길5동","804","384","420","0","71","174","271","199","89","0","33","80","96","100","75","0","38","94","175","99","14"
"20213","11545680","시흥2동","978","576","402","0","97","196","247","293","145","0","56","112","140","170","98","0","41","84","107","123","47"
"20213","11620525","보라매동","2155","1113","1042","2","276","494","514","540","329","0","112","252","262","258","229","2","164","242","252","282","100"
"20213","11650620","방배3동","15432","10109","5323","79","2414","4594","4177","2513","1655","24","1227","2884","3005","1730","1239","55","1187","1710","1172","783","416"
"20213","11650590","방배본동","23491","13006","10485","77","4409","6060","6251","4201","2493","59","1500","3165","3638","2730","1914","18","2909","2895","2613","1471","579"
"20213","11590640","사당3동","893","520","373","0","102","201","245","213","132","0","39","106","150","123","102","0","63","95","95","90","30"
"20213","11590530","상도1동","3353","1948","1405","0","515","832","821","750","435","0","220","470","493","464","301","0","295","362","328","286","134"
"20213","11680656","도곡2동","87366","59746","27620","420","16691","34331","25099","9046","1779","266","8919","23515","19293","6582","1171","154","7772","10816","5806","2464","608"
"20213","11680580","삼성1동","169811","114606","55205","390","34212","50928","45504","30148","8629","191","18388","33671","33563","23632","5161","199","15824","17257","11941","6516","3468"
"20213","11680700","세곡동","407","238","169","0","27","71","83","121","105","0","11","36","49","71","71","0","16","35","34","50","34"
"20213","11680750","수서동","18199","9605","8594","23","2590","4906","4897","3614","2169","15","1161","2636","2568","1920","1305","8","1429","2270","2329","1694","864"
"20213","11710610","삼전동","3629","2450","1179","0","429","829","822","733","816","0","246","543","539","449","673","0","183","286","283","284","143"
"20213","11710631","가락1동","5873","4107","1766","0","401","1093","1616","1683","1080","0","269","837","1190","1104","707","0","132","256","426","579","373"
"20213","11710590","송파2동","5342","3378","1964","18","842","1324","1402","1274","482","16","408","841","1010","799","304","2","434","483","392","475","178"
"20213","11740600","천호1동","1785","1034","751","0","164","335","445","426","415","0","61","174","225","253","321","0","103","161","220","173","94"
"20213","11710690","잠실4동","2075","1666","409","10","277","651","602","441","94","4","199","535","496","360","72","6","78","116","106","81","22"
"20213","11710710","잠실6동","53520","28519","25001","106","8515","14206","15267","13646","1780","35","3941","8730","8812","5660","1341","71","4574","5476","6455","7986","439"
"20214","11170560","원효로1동","2023","1386","637","0","310","559","530","372","252","0","181","406","372","254","173","0","129","153","158","118","79"
"20214","11110670","창신1동","1867","797","1070","0","100","321","609","493","344","0","30","97","198","224","248","0","70","224","411","269","96"
"20214","11110540","삼청동","3999","3283","716","0","482","1069","1251","952","245","0","310","823","1073","855","222","0","172","246","178","97","23"
"20214","11140540","회현동","77872","48127","29745","192","14598","27478","21314","11322","2968","51","6817","16400","13882","8906","2071","141","7781","11078","7432","2416","897"
"20214","11200670","성수2가1동","8111","5172","2939","40","1871","2353","1877","1317","653","22","839","1526","1290","940","555","18","1032","827","587","377","98"
"20214","11140635","약수동","10507","4063","6444","24","1693","3926","2910","1439","515","0","519","1381","966","826","371","24","1174","2545","1944","613","144"
"20214","11140520","소공동","93326","49557","43769","492","27002","29460","20528","12349","3495","132","8777","14658","14642","9018","2330","360","18225","14802","5886","3331","1165"
"20214","11215847","자양4동","677","503","174","0","14","84","175","196","208","0","5","53","113","138","194","0","9","31","62","58","14"
"20214","11230536","용신동","19675","10187","9488","0","2385","4375","4870","4853","3192","0","1128","2514","2567","2221","1757","0","1257","1861","2303","2632","1435"
"20214","11230660","장안2동","5138","2766","2372","0","1600","996","1044","965","533","0","827","577","483","469","410","0","773","419","561","496","123"
"20214","11230730","휘경2동","1142","588","554","0","150","254","299","276","163","0","39","120","159","146","124","0","111","134","140","130","39"
"20214","11260620","묵1동","977","460","517","0","97","232","289","239","120","0","29","110","124","110","87","0","68","122","165","129","33"
"20214","11260630","묵2동","1381","961","420","0","196","345","332","390","118","0","117","237","218","290","99","0","79","108","114","100","19"
"20214","11260580","상봉1동","1976","1410","566","1","221","337","408","540","469","1","150","212","234","381","432","0","71","125","174","159","37"
"20214","11290660","길음1동","4493","2197","2296","294","1579","1107","754","486","273","123","682","583","373","223","213","171","897","524","381","263","60"
"20214","11260610","중화2동","731","450","281","0","51","85","218","175","202","0","25","40","109","109","167","0","26","45","109","66","35"
"20214","11290705","종암동","15332","8090","7242","1","1306","3888","5438","4380","319","0","563","1426","2486","3420","195","1","743","2462","2952","960","124"
"20214","11290650","정릉4동","966","603","363","0","66","138","240","322","200","0","15","69","156","220","143","0","51","69","84","102","57"
"20214","11305635","수유3동","2985","1527","1458","0","268","739","799","815","364","0","88","310","370","507","252","0","180","429","429","308","112"
"20214","11350611","하계1동","609","385","224","0","71","126","151","177","84","0","33","72","91","124","65","0","38","54","60","53","19"
"20214","11350619","중계본동","831","400","431","0","93","167","206","247","118","0","44","85","88","111","72","0","49","82","118","136","46"
"20214","11380530","불광2동","4506","2155","2351","0","184","596","734","983","2009","0","49","307","289","392","1118","0","135","289","445","591","891"
"20214","11320710","방학3동","1084","649","435","0","187","246","255","252","144","0","118","140","161","121","109","0","69","106","94","131","35"
"20214","11440600","대흥동","3465","1712","1753","1","1417","792","498","479","278","0","549","412","272","286","193","1","868","380","226","193","85"
"20214","11350624","중계4동","1445","794","651","0","134","296","338","386","291","0","47","141","178","206","222","0","87","155","160","180","69"
"20214","11350580","월계3동","437","219","218","0","47","75","117","128","70","0","18","39","54","66","42","0","29","36","63","62","28"
"20214","11380510","녹번동","2163","1152","1011","0","243","504","592","580","244","0","116","241","284","347","164","0","127","263","308","233","80"
"20214","11440590","용강동","12882","7654","5228","0","1888","3179","3052","2552","2211","0","916","1886","2020","1484","1348","0","972","1293","1032","1068","863"
"20214","11470570","신월2동","1863","1075","788","0","138","298","515","519","393","0","78","179","265","272","281","0","60","119","250","247","112"
"20214","11470540","목4동","2018","1254","764","0","228","452","601","515","222","0","90","278","359","336","191","0","138","174","242","179","31"
"20214","11500570","화곡4동","2146","941","1205","0","512","593","443","397","201","0","109","252","212","213","155","0","403","341","231","184","46"
"20214","11530730","고척2동","1686","1075","611","0","162","381","447","474","222","0","108","244","267","273","183","0","54","137","180","201","39"
"20214","11500510","염창동","3311","1536","1775","1","517","975","987","557","274","1","187","425","397","308","218","0","330","550","590","249","56"
"20214","11530550","구로4동","1750","997","753","0","154","357","449","447","343","0","63","204","239","239","252","0","91","153","210","208","91"
"20214","11545670","시흥1동","4584","2467","2117","0","641","1107","1093","1159","584","0","295","550","550","659","413","0","346","557","543","500","171"
"20214","11530510","신도림동","9297","6118","3179","6","1519","2887","2275","1688","922","3","633","1970","1644","1168","700","3","886","917","631","520","222"
"20214","11545700","시흥4동","1307","794","513","0","203","276","389","326","113","0","126","196","234","149","89","0","77","80","155","177","24"
"20214","11545610","독산1동","11210","7201","4009","5","856","1524","1880","2470","4475","5","507","1022","1203","1522","2942","0","349","502","677","948","1533"
"20214","11545620","독산2동","1576","904","672","0","173","325","376","482","220","0","95","148","188","292","181","0","78","177","188","190","39"
"20214","11560720","대림3동","5117","3332","1785","0","505","1076","1325","1233","978","0","260","759","953","778","582","0","245","317","372","455","396"
"20214","11590670","신대방1동","3759","2390","1369","0","721","1207","883","602","346","0","367","781","612","394","236","0","354","426","271","208","110"
"20214","11620585","낙성대동","5270","2903","2367","0","849","1817","1134","809","661","0","384","952","591","465","511","0","465","865","543","344","150"
"20214","11620745","삼성동","910","510","400","0","87","179","256","251","137","0","38","89","132","133","118","0","49","90","124","118","19"
"20214","11620725","조원동","2890","1810","1080","0","552","709","707","620","302","0","254","463","453","419","221","0","298","246","254","201","81"
"20214","11620625","인헌동","1498","869","629","0","310","445","389","226","128","0","141","276","233","116","103","0","169","169","156","110","25"
"20214","11650651","양재1동","25679","16609","9070","299","6028","7122","5820","3831","2579","143","3056","4788","4114","2560","1948","156","2972","2334","1706","1271","631"
"20214","11650540","잠원동","11715","6789","4926","14","2442","3464","2893","1806","1096","8","962","2028","1920","1132","739","6","1480","1436","973","674","357"
"20214","11680510","신사동","26570","15843","10727","10","5533","8047","6772","4051","2157","0","2147","4915","4531","2650","1600","10","3386","3132","2241","1401","557"
"20214","11680670","개포2동","9957","6532","3425","12","1746","2838","2389","1848","1124","2","932","1900","1647","1180","871","10","814","938","742","668","253"
"20214","11710531","거여1동","3417","2556","861","0","862","977","828","454","296","0","602","780","639","311","224","0","260","197","189","143","72"
"20214","11710610","삼전동","3736","2535","1201","0","437","854","846","754","845","0","252","562","556","464","701","0","185","292","290","290","144"
"20214","11710532","거여2동","1508","782","726","0","189","247","373","456","243","0","104","147","190","207","134","0","85","100","183","249","109"
"20214","11710580","송파1동","15471","9710","5761","0","2191","3473","3853","3380","2574","0","939","2059","2519","2282","1911","0","1252","1414","1334","1098","663"
"20214","11740580","암사2동","2007","731","1276","0","198","334","477","601","397","0","69","156","192","174","140","0","129","178","285","427","257"
"20214","11740570","암사1동","2678","1639","1039","0","343","577","567","537","654","0","166","376","357","364","376","0","177","201","210","173","278"
"20214","11740640","성내1동","10609","7203","3406","1","1262","2227","2282","2734","2103","0","726","1390","1496","1976","1615","1","536","837","786","758","488"
"20214","11710680","잠실3동","29138","19755","9383","134","5319","7304","7256","5526","3599","61","2773","5053","5370","3958","2540","73","2546","2251","1886","1568","1059"
"20214","11110690","창신3동","129","60","69","0","13","37","34","38","7","0","5","15","15","19","6","0","8","22","19","19","1"
"20214","11110515","청운효자동","6024","3890","2134","11","1105","1745","1679","1077","407","0","482","1090","1250","777","291","11","623","655","429","300","116"
"20214","11170530","남영동","17331","7295","10036","138","6595","4274","3302","2216","806","8","1240","2293","1960","1189","605","130","5355","1981","1342","1027","201"
"20214","11170660","이태원2동","976","553","423","0","153","340","268","145","70","0","70","187","143","83","70","0","83","153","125","62","0"
"20214","11170640","이촌2동","2211","1497","714","0","318","605","653","482","153","0","145","380","490","370","112","0","173","225","163","112","41"
"20214","11260575","면목3?8동","1762","1134","628","0","138","316","470","491","347","0","38","163","281","370","282","0","100","153","189","121","65"
"20214","11260655","망우본동","1514","797","717","0","144","279","350","476","265","0","34","104","163","262","234","0","110","175","187","214","31"
"20214","11305534","삼양동","288","182","106","0","28","49","70","77","64","0","7","23","37","54","61","0","21","26","33","23","3"
"20214","11305645","우이동","1954","1236","718","0","61","124","265","485","1019","0","5","58","146","345","682","0","56","66","119","140","337"
"20214","11290620","정릉1동","631","346","285","0","73","113","138","178","129","0","13","39","69","111","114","0","60","74","69","67","15"
"20214","11320660","쌍문1동","753","359","394","0","76","122","211","220","124","0","8","41","82","114","114","0","68","81","129","106","10"
"20214","11320681","쌍문4동","314","162","152","0","31","77","88","82","36","0","8","36","44","44","30","0","23","41","44","38","6"
"20214","11350595","공릉1동","7314","3944","3370","0","771","1132","1606","2020","1785","0","346","617","798","1052","1131","0","425","515","808","968","654"
"20214","11350640","상계2동","1909","931","978","0","230","322","493","504","360","0","71","188","231","238","203","0","159","134","262","266","157"
"20214","11380520","불광1동","2024","874","1150","0","281","487","549","470","237","0","98","211","239","206","120","0","183","276","310","264","117"
"20214","11440610","염리동","2041","1359","682","17","385","463","414","453","309","7","194","315","313","315","215","10","191","148","101","138","94"
"20214","11470560","신월1동","2065","1362","703","0","171","336","487","696","375","0","93","209","298","471","291","0","78","127","189","225","84"
"20214","11470610","신월6동","665","395","270","0","67","123","154","181","140","0","25","65","85","103","117","0","42","58","69","78","23"
"20214","11470680","신정7동","229","136","93","0","26","56","70","52","25","0","12","31","43","32","18","0","14","25","27","20","7"
"20214","11500535","등촌3동","11934","6321","5613","10","1490","2538","2667","2950","2279","5","656","1385","1560","1435","1280","5","834","1153","1107","1515","999"
"20214","11500640","방화2동","2178","1461","717","1","204","414","498","596","465","1","119","256","329","385","371","0","85","158","169","211","94"
"20214","11500615","우장산동","3743","2072","1671","0","817","846","798","789","493","0","305","492","477","474","324","0","512","354","321","315","169"
"20214","11530540","구로3동","60830","39887","20943","213","12649","20498","15414","7563","4493","143","6394","13598","10865","5281","3606","70","6255","6900","4549","2282","887"
"20214","11470620","신정1동","8070","4711","3359","32","1429","2022","2026","1719","842","32","594","1258","1214","998","615","0","835","764","812","721","227"
"20214","11470630","신정2동","13393","7695","5698","14","2422","4365","3588","2362","642","2","980","2399","2224","1575","515","12","1442","1966","1364","787","127"
"20214","11530780","오류2동","627","393","234","0","58","144","167","160","98","0","26","83","99","103","82","0","32","61","68","57","16"
"20214","11530770","오류1동","3696","2364","1332","0","475","682","912","1084","543","0","343","466","549","626","380","0","132","216","363","458","163"
"20214","11590560","상도4동","1213","728","485","0","152","289","310","301","161","0","75","167","185","217","84","0","77","122","125","84","77"
"20214","11590510","노량진1동","3339","1859","1480","0","438","797","839","799","466","0","183","454","507","431","284","0","255","343","332","368","182"
"20214","11620645","서원동","2096","855","1241","0","400","452","383","471","390","0","94","178","193","171","219","0","306","274","190","300","171"
"20214","11590680","신대방2동","13749","8759","4990","23","2512","2859","2578","3224","2553","12","1903","2198","1645","1642","1359","11","609","661","933","1582","1194"
"20214","11590605","흑석동","110","68","42","0","10","26","35","26","13","0","5","15","22","14","12","0","5","11","13","12","1"
"20214","11650660","내곡동","1187","773","414","0","177","243","250","257","260","0","124","178","172","148","151","0","53","65","78","109","109"
"20214","11650590","방배본동","24123","13354","10769","69","4526","6227","6422","4314","2565","59","1537","3253","3738","2802","1965","10","2989","2974","2684","1512","600"
"20214","11590640","사당3동","920","541","379","0","106","207","247","219","141","0","39","113","153","130","106","0","67","94","94","89","35"
"20214","11590651","사당5동","1687","921","766","0","200","422","520","410","135","0","89","194","271","238","129","0","111","228","249","172","6"
"20214","11590530","상도1동","3332","1942","1390","0","509","832","819","742","430","0","218","465","501","462","296","0","291","367","318","280","134"
"20214","11650510","서초1동","43719","24480","19239","23","9186","11347","9650","10688","2825","6","3291","6109","5602","7411","2061","17","5895","5238","4048","3277","764"
"20214","11680655","도곡1동","29691","21044","8647","50","5072","6918","8284","7519","1848","45","2572","4533","6229","6161","1504","5","2500","2385","2055","1358","344"
"20214","11680521","논현1동","40861","23907","16954","39","10700","12307","8710","5662","3443","5","4557","7311","5875","3655","2504","34","6143","4996","2835","2007","939"
"20214","11650550","반포본동","11741","6398","5343","18","1941","3874","3358","2009","541","11","710","2115","1883","1258","421","7","1231","1759","1475","751","120"
"20214","11710620","가락본동","28995","17557","11438","15","3936","6989","6650","5680","5725","5","1888","4368","4461","3299","3536","10","2048","2621","2189","2381","2189"
"20214","11710561","방이1동","8235","6032","2203","0","851","1616","2160","2202","1406","0","406","1031","1613","1766","1216","0","445","585","547","436","190"
"20214","11710646","장지동","5321","3640","1681","0","568","847","1266","1406","1234","0","320","569","848","988","915","0","248","278","418","418","319"
"20214","11710510","풍납1동","719","412","307","0","83","162","195","197","82","0","44","90","105","105","68","0","39","72","90","92","14"
"20214","11740550","고덕1동","799","416","383","0","91","177","206","189","136","0","40","101","102","87","86","0","51","76","104","102","50"
"20214","11740660","성내3동","4116","2497","1619","0","564","934","1042","864","712","0","297","599","633","493","475","0","267","335","409","371","237"
"20214","11710566","오륜동","17367","10066","7301","26","2818","5250","4508","3474","1291","8","1134","2733","2899","2302","990","18","1684","2517","1609","1172","301"
"20214","11140590","광희동","58515","29158","29357","524","16826","15439","12037","9255","4434","216","8180","8986","6965","3139","1672","308","8646","6453","5072","6116","2762"
"20214","11140625","다산동","6650","4221","2429","0","1171","2147","1616","1161","555","0","479","1478","1141","714","409","0","692","669","475","447","146"
"20214","11110600","가회동","13017","9707","3310","2","1389","4496","3916","2440","774","2","716","3308","3068","2014","599","0","673","1188","848","426","175"
"20214","11110640","이화동","1918","1059","859","0","287","484","495","407","245","0","88","218","291","272","190","0","199","266","204","135","55"
"20214","11170570","원효로2동","3070","2231","839","2","480","939","863","495","291","1","276","674","668","372","240","1","204","265","195","123","51"
"20214","11170510","후암동","2018","1192","826","0","298","452","571","475","222","0","100","271","373","279","169","0","198","181","198","196","53"
"20214","11170630","이촌1동","5718","3664","2054","18","925","1542","1605","1168","460","14","458","949","1133","788","322","4","467","593","472","380","138"
"20214","11230610","답십리2동","2968","2199","769","0","473","681","701","609","504","0","362","530","516","424","367","0","111","151","185","185","137"
"20214","11215780","능동","1400","868","532","0","201","324","366","285","224","0","98","191","233","171","175","0","103","133","133","114","49"
"20214","11230740","이문1동","937","419","518","0","175","251","254","182","75","0","28","97","127","110","57","0","147","154","127","72","18"
"20214","11230750","이문2동","294","156","138","0","34","64","66","78","52","0","11","30","31","43","41","0","23","34","35","35","11"
"20214","11260520","면목2동","1036","593","443","0","56","169","236","336","239","0","2","77","122","199","193","0","54","92","114","137","46"
"20214","11215750","중곡2동","2299","1342","957","0","293","465","604","553","384","0","194","271","324","293","260","0","99","194","280","260","124"
"20214","11215710","화양동","1130","765","365","0","134","167","289","361","179","0","51","93","202","258","161","0","83","74","87","103","18"
"20214","11260680","신내1동","1561","743","818","0","277","341","279","417","247","0","72","140","133","206","192","0","205","201","146","211","55"
"20214","11320511","창1동","1149","523","626","0","157","232","310","317","133","0","58","91","139","149","86","0","99","141","171","168","47"
"20214","11350560","월계1동","1739","950","789","0","268","424","467","332","248","0","120","262","235","168","165","0","148","162","232","164","83"
"20214","11410720","북가좌2동","1369","700","669","0","194","275","312","350","238","0","45","140","176","191","148","0","149","135","136","159","90"
"20214","11410565","충현동","11615","7222","4393","2","1448","2959","3070","2760","1376","2","684","1796","1952","1813","975","0","764","1163","1118","947","401"
"20214","11440555","아현동","5614","3089","2525","3","1068","1810","1591","954","188","0","465","1012","895","580","137","3","603","798","696","374","51"
"20214","11470580","신월3동","1027","610","417","0","89","187","235","324","192","0","28","78","126","210","168","0","61","109","109","114","24"
"20214","11470611","신월7동","2510","1637","873","0","271","418","510","596","715","0","199","315","336","360","427","0","72","103","174","236","288"
"20214","11470650","신정4동","5292","2926","2366","0","888","938","1019","1120","1327","0","254","456","519","610","1087","0","634","482","500","510","240"
"20214","11500560","화곡3동","3512","2167","1345","0","483","848","900","812","469","0","261","563","544","457","342","0","222","285","356","355","127"
"20214","11530560","구로5동","11842","7494","4348","12","1664","2787","3081","2631","1667","11","940","1925","2042","1562","1014","1","724","862","1039","1069","653"
"20214","11530530","구로2동","11788","7296","4492","12","1415","2737","2953","2981","1690","6","661","1620","1777","1965","1267","6","754","1117","1176","1016","423"
"20214","11560630","신길1동","2758","1203","1555","0","485","667","617","545","444","0","140","321","290","227","225","0","345","346","327","318","219"
"20214","11560710","대림2동","3597","1831","1766","0","666","862","805","549","715","0","257","458","347","308","461","0","409","404","458","241","254"
"20214","11560560","당산2동","11914","8003","3911","4","1859","2687","2897","2642","1825","2","948","1678","2026","1940","1409","2","911","1009","871","702","416"
"20214","11560660","신길4동","1041","519","522","0","173","247","269","244","108","0","61","115","130","132","81","0","112","132","139","112","27"
"20214","11560540","여의동","193775","137506","56269","459","35625","69449","49825","29711","8706","171","19666","49643","38480","23649","5897","288","15959","19806","11345","6062","2809"
"20214","11560515","영등포본동","3990","2286","1704","2","550","1004","1036","979","419","1","229","507","602","620","327","1","321","497","434","359","92"
"20214","11590540","상도2동","1151","588","563","0","126","278","310","290","147","0","54","146","163","145","80","0","72","132","147","145","67"
"20214","11650620","방배3동","15415","10109","5306","72","2413","4593","4181","2509","1647","23","1229","2881","3008","1732","1236","49","1184","1712","1173","777","411"
"20214","11590550","상도3동","1093","639","454","0","61","215","303","269","245","0","38","154","183","134","130","0","23","61","120","135","115"
"20214","11620775","난곡동","1030","581","449","0","78","219","257","330","146","0","24","112","127","194","124","0","54","107","130","136","22"
"20214","11620765","미성동","2922","1751","1171","0","255","507","706","783","671","0","169","304","398","409","471","0","86","203","308","374","200"
"20214","11680531","논현2동","50355","32162","18193","35","9660","14596","12150","8182","5732","0","4197","8723","8632","6205","4405","35","5463","5873","3518","1977","1327"
"20214","11710570","오금동","23886","16727","7159","0","3151","5689","6045","5775","3226","0","1851","3844","4464","4377","2191","0","1300","1845","1581","1398","1035"
"20214","11710590","송파2동","6409","4050","2359","19","1010","1590","1681","1531","578","18","488","1010","1211","960","363","1","522","580","470","571","215"
"20214","11740560","고덕2동","1034","659","375","0","56","132","224","364","258","0","9","59","129","252","210","0","47","73","95","112","48"
"20214","11110650","혜화동","5022","2454","2568","0","812","1386","1228","994","602","0","277","676","655","512","334","0","535","710","573","482","268"
"20214","11110550","부암동","1636","918","718","0","272","478","444","313","129","0","112","265","257","192","92","0","160","213","187","121","37"
"20214","11110530","사직동","44521","27874","16647","20","5884","12594","13421","8829","3773","1","2462","7742","9182","6164","2323","19","3422","4852","4239","2665","1450"
"20214","11110710","숭인2동","1586","814","772","0","231","279","378","384","314","0","67","134","212","231","170","0","164","145","166","153","144"
"20214","11140615","신당동","5055","2739","2316","13","1485","1078","955","912","612","2","655","565","493","600","424","11","830","513","462","312","188"
"20214","11140670","황학동","768","540","228","0","112","224","208","146","78","0","74","146","134","108","78","0","38","78","74","38","0"
"20214","11170690","서빙고동","7751","5088","2663","4","1381","2313","2395","1225","433","1","664","1353","1750","980","340","3","717","960","645","245","93"
"20214","11200645","옥수동","3459","1340","2119","0","886","1027","786","519","241","0","224","381","367","243","125","0","662","646","419","276","116"
"20214","11200535","왕십리도선동","3200","1469","1731","0","532","618","668","788","594","0","181","343","362","332","251","0","351","275","306","456","343"
"20214","11215820","자양1동","9561","7566","1995","0","648","1345","2600","3908","1060","0","287","871","2091","3400","917","0","361","474","509","508","143"
"20214","11215840","자양3동","2198","1609","589","0","256","574","623","559","186","0","159","410","465","419","156","0","97","164","158","140","30"
"20214","11230545","제기동","5383","3256","2127","0","653","1364","1349","1149","868","0","251","813","874","684","634","0","402","551","475","465","234"
"20214","11260550","면목5동","1081","783","298","0","79","171","306","284","241","0","64","144","150","192","233","0","15","27","156","92","8"
"20214","11230570","전농2동","920","484","436","0","104","196","245","246","129","0","42","93","132","129","88","0","62","103","113","117","41"
"20214","11260570","면목7동","717","412","305","0","68","127","186","213","123","0","12","57","102","129","112","0","56","70","84","84","11"
"20214","11260600","중화1동","1214","645","569","0","121","266","320","298","209","0","40","106","153","167","179","0","81","160","167","131","30"
"20214","11305535","미아동","1307","751","556","0","107","230","398","386","186","0","39","112","225","241","134","0","68","118","173","145","52"
"20214","11305615","수유1동","1076","479","597","0","84","186","288","339","179","0","12","70","117","145","135","0","72","116","171","194","44"
"20214","11320690","방학1동","3254","1891","1363","0","325","720","802","977","430","0","176","418","417","554","326","0","149","302","385","423","104"
"20214","11290780","장위3동","421","261","160","0","54","80","93","112","82","0","13","43","52","71","82","0","41","37","41","41","0"
"20214","11290760","장위1동","511","274","237","0","91","107","122","111","80","0","42","61","61","55","55","0","49","46","61","56","25"
"20214","11290640","정릉3동","350","264","86","0","51","106","87","68","38","0","33","79","69","56","27","0","18","27","18","12","11"
"20214","11320512","창2동","1105","631","474","0","122","255","309","264","155","0","52","154","170","133","122","0","70","101","139","131","33"
"20214","11320515","창5동","5148","3263","1885","0","580","1155","1265","1099","1049","0","299","797","855","605","707","0","281","358","410","494","342"
"20214","11350700","상계8동","761","399","362","0","106","222","187","171","75","0","37","141","78","93","50","0","69","81","109","78","25"
"20214","11350670","상계5동","1030","520","510","0","23","81","183","275","468","0","5","48","78","126","263","0","18","33","105","149","205"
"20214","11350710","상계9동","1445","913","532","0","183","363","363","408","128","0","101","230","213","270","99","0","82","133","150","138","29"
"20214","11410585","신촌동","1807","952","855","0","282","496","461","392","176","0","102","212","235","261","142","0","180","284","226","131","34"
"20214","11410555","북아현동","1212","906","306","0","111","288","338","348","127","0","42","222","269","273","100","0","69","66","69","75","27"
"20214","11440585","도화동","12595","7658","4937","2","2324","3073","3171","2815","1210","1","1214","2111","2086","1468","778","1","1110","962","1085","1347","432"
"20214","11380570","대조동","2133","1063","1070","0","234","467","583","506","343","0","80","228","280","226","249","0","154","239","303","280","94"
"20214","11380650","수색동","259","166","93","0","33","70","63","51","42","0","16","45","39","33","33","0","17","25","24","18","9"
"20214","11440660","서교동","26146","13366","12780","1","5476","7412","6084","4290","2883","1","2239","3706","3345","2268","1807","0","3237","3706","2739","2022","1076"
"20214","11440630","신수동","2396","1364","1032","0","290","669","673","584","180","0","109","315","385","411","144","0","181","354","288","173","36"
"20214","11470590","신월4동","1264","861","403","0","52","149","301","417","345","0","19","82","172","282","306","0","33","67","129","135","39"
"20214","11500530","등촌2동","3208","1900","1308","0","381","632","774","829","592","0","157","344","465","528","406","0","224","288","309","301","186"
"20214","11500540","화곡1동","4201","2364","1837","0","393","877","1054","1195","682","0","172","514","573","670","435","0","221","363","481","525","247"
"20214","11500591","화곡6동","7963","5084","2879","1","1115","2139","2048","1815","845","0","552","1366","1311","1206","649","1","563","773","737","609","196"
"20214","11500641","방화3동","2479","1607","872","0","237","530","625","684","403","0","120","281","387","482","337","0","117","249","238","202","66"
"20214","11590520","노량진2동","4035","2106","1929","2","637","1189","986","825","396","0","334","523","452","534","263","2","303","666","534","291","133"
"20214","11545680","시흥2동","954","561","393","0","95","191","238","288","142","0","54","110","134","167","96","0","41","81","104","121","46"
"20214","11620735","대학동","608","489","119","0","71","153","183","159","42","0","45","112","155","137","40","0","26","41","28","22","2"
"20214","11620665","서림동","1862","1072","790","0","254","327","484","409","388","0","127","175","260","249","261","0","127","152","224","160","127"
"20214","11680630","대치4동","31644","19451","12193","95","5084","9426","8602","5375","3062","1","2187","5704","5889","3765","1905","94","2897","3722","2713","1610","1157"
"20214","11650581","반포4동","56426","49808","6618","24","5644","11981","15221","20982","2574","9","4284","9971","13507","19943","2094","15","1360","2010","1714","1039","480"
"20214","11650570","반포2동","2973","1770","1203","4","499","923","772","499","276","2","218","558","497","301","194","2","281","365","275","198","82"
"20214","11710632","가락2동","7197","4851","2346","0","953","1528","1426","1347","1943","0","564","1043","948","804","1492","0","389","485","478","543","451"
"20214","11680750","수서동","17525","9247","8278","21","2495","4725","4712","3482","2090","14","1118","2539","2470","1850","1256","7","1377","2186","2242","1632","834"
"20214","11710562","방이2동","41991","24157","17834","30","6770","10782","9488","8965","5956","30","3797","7028","5822","4194","3286","0","2973","3754","3666","4771","2670"
"20214","11740515","강일동","156","104","52","0","22","34","44","39","17","0","11","24","29","25","15","0","11","10","15","14","2"
"20214","11740600","천호1동","2261","1333","928","0","182","418","577","544","540","0","62","217","294","332","428","0","120","201","283","212","112"
"20214","11740685","길동","8563","4337","4226","0","1222","1712","1943","2092","1594","0","472","909","1039","958","959","0","750","803","904","1134","635"
"20214","11710520","풍납2동","505","248","257","0","109","174","126","76","20","0","29","90","66","47","16","0","80","84","60","29","4"
"20214","11740520","상일동","1403","710","693","0","205","316","349","371","162","0","71","158","207","170","104","0","134","158","142","201","58"
"20214","11710600","석촌동","8871","5871","3000","0","1070","2023","2069","1824","1885","0","614","1460","1406","1069","1322","0","456","563","663","755","563"
"20214","11710690","잠실4동","4342","3486","856","21","580","1364","1260","920","197","8","417","1119","1039","751","152","13","163","245","221","169","45"
"20214","11110630","종로5?6가동","21618","13515","8103","534","5065","6248","5321","3262","1188","128","2096","4026","3898","2536","831","406","2969","2222","1423","726","357"
"20214","11140550","명동","124112","71858","52254","81","20305","41834","33685","22095","6112","19","8121","21572","21716","16291","4139","62","12184","20262","11969","5804","1973"
"20214","11170590","용문동","3635","2111","1524","0","718","994","1006","676","241","0","295","585","597","461","173","0","423","409","409","215","68"
"20214","11200590","금호1가동","1721","636","1085","9","201","568","706","196","41","0","61","190","278","77","30","9","140","378","428","119","11"
"20214","11170685","한남동","36498","26742","9756","43","6012","10823","9595","8392","1633","37","2849","7212","7785","7533","1326","6","3163","3611","1810","859","307"
"20214","11170520","용산2가동","413","305","108","0","18","71","158","154","12","0","2","41","127","124","11","0","16","30","31","30","1"
"20214","11215860","구의2동","2079","1320","759","1","288","355","537","577","321","0","147","199","360","382","232","1","141","156","177","195","89"
"20214","11170650","이태원1동","22318","9800","12518","0","6552","8576","4360","2157","673","0","1700","3587","2418","1562","533","0","4852","4989","1942","595","140"
"20214","11170625","한강로동","41872","20679","21193","100","8559","13053","11946","6161","2053","46","3491","6113","5940","3741","1348","54","5068","6940","6006","2420","705"
"20214","11200790","용답동","3262","2002","1260","12","827","928","671","509","315","0","356","608","452","329","257","12","471","320","219","180","58"
"20214","11200570","행당2동","11","0","11","0","0","1","5","5","0","0","0","0","0","0","0","0","0","1","5","5","0"
"20214","11215810","광장동","7266","4415","2851","60","2259","1915","1409","1121","502","17","1082","1237","957","750","372","43","1177","678","452","371","130"
"20214","11215730","군자동","1273","701","572","0","147","268","294","289","275","0","56","141","171","154","179","0","91","127","123","135","96"
"20214","11215740","중곡1동","3767","1830","1937","20","992","730","758","892","375","2","422","392","374","360","280","18","570","338","384","532","95"
"20214","11230560","전농1동","687","481","206","0","55","102","208","218","104","0","40","70","156","154","61","0","15","32","52","64","43"
"20214","11260540","면목4동","818","653","165","0","31","119","239","327","102","0","13","82","175","285","98","0","18","37","64","42","4"
"20214","11230710","회기동","103","45","58","0","6","25","31","25","16","0","0","7","13","9","16","0","6","18","18","16","0"
"20214","11215770","중곡4동","3655","1788","1867","0","623","901","954","860","317","0","161","414","466","470","277","0","462","487","488","390","40"
"20214","11260690","신내2동","734","409","325","0","98","184","180","182","90","0","42","87","93","118","69","0","56","97","87","64","21"
"20214","11290685","길음2동","466","187","279","0","36","90","133","142","65","0","15","33","61","46","32","0","21","57","72","96","33"
"20214","11305595","번1동","2055","1244","811","0","229","419","408","550","449","0","97","265","254","363","265","0","132","154","154","187","184"
"20214","11305603","번2동","340","159","181","0","39","41","99","111","50","0","14","22","42","53","28","0","25","19","57","58","22"
"20214","11305625","수유2동","1277","692","585","0","25","60","248","399","545","0","0","34","162","283","213","0","25","26","86","116","332"
"20214","11290770","장위2동","836","534","302","0","36","136","215","214","235","0","3","68","123","141","199","0","33","68","92","73","36"
"20214","11290630","정릉2동","1296","545","751","0","196","325","365","288","122","0","31","131","140","136","107","0","165","194","225","152","15"
"20214","11320680","쌍문3동","1010","471","539","0","222","233","245","248","62","0","46","108","126","142","49","0","176","125","119","106","13"
"20214","11350630","상계1동","3568","2267","1301","0","414","743","856","907","648","0","244","498","560","569","396","0","170","245","296","338","252"
"20214","11320513","창3동","661","365","296","0","32","138","250","196","45","0","0","83","150","89","43","0","32","55","100","107","2"
"20214","11380551","갈현1동","2156","1101","1055","0","362","506","514","484","290","0","141","262","258","245","195","0","221","244","256","239","95"
"20214","11350720","상계10동","357","150","207","0","55","76","95","103","28","0","11","32","37","49","21","0","44","44","58","54","7"
"20214","11380600","응암3동","1511","727","784","0","131","366","456","370","188","0","41","182","205","165","134","0","90","184","251","205","54"
"20214","11380640","증산동","1928","1257","671","0","244","513","528","444","199","0","115","341","350","294","157","0","129","172","178","150","42"
"20214","11380590","응암2동","443","299","144","0","52","53","104","131","103","0","31","31","63","81","93","0","21","22","41","50","10"
"20214","11410710","북가좌1동","450","364","86","0","5","17","49","93","286","0","1","5","22","64","272","0","4","12","27","29","14"
"20214","11410620","홍제1동","2998","1538","1460","0","324","453","771","1025","425","0","91","205","400","571","271","0","233","248","371","454","154"
"20214","11410700","남가좌2동","970","503","467","0","84","205","285","293","103","0","18","96","136","166","87","0","66","109","149","127","16"
"20214","11440565","공덕동","10155","5866","4289","17","2264","2784","2763","1784","543","4","899","1477","1758","1328","400","13","1365","1307","1005","456","143"
"20214","11440690","망원1동","2880","1610","1270","0","796","808","609","420","247","0","461","430","293","252","174","0","335","378","316","168","73"
"20214","11410520","천연동","1067","584","483","0","85","172","280","384","146","0","26","79","159","227","93","0","59","93","121","157","53"
"20214","11440740","상암동","11548","7100","4448","22","2441","4206","3142","1303","434","9","1074","2651","2090","915","361","13","1367","1555","1052","388","73"
"20214","11500620","공항동","5500","2884","2616","0","918","1819","1516","1071","176","0","210","759","887","890","138","0","708","1060","629","181","38"
"20214","11500603","가양1동","1970","1232","738","0","214","412","447","478","419","0","89","254","269","310","310","0","125","158","178","168","109"
"20214","11500550","화곡2동","2498","1535","963","0","304","704","654","601","235","0","185","467","405","315","163","0","119","237","249","286","72"
"20214","11500630","방화1동","4120","3293","827","0","410","876","1020","1203","611","0","306","731","828","1011","417","0","104","145","192","192","194"
"20214","11545630","독산3동","3389","2461","928","0","258","514","599","669","1349","0","138","315","327","403","1278","0","120","199","272","266","71"
"20214","11590630","사당2동","1925","1067","858","0","293","589","536","352","155","0","140","361","322","158","86","0","153","228","214","194","69"
"20214","11560610","양평1동","10467","6077","4390","14","2081","2412","2323","2111","1526","6","1061","1544","1390","1082","994","8","1020","868","933","1029","532"
"20214","11620685","신사동","3706","2583","1123","0","583","1089","1109","668","257","0","251","750","885","518","179","0","332","339","224","150","78"
"20214","11620715","난향동","319","154","165","0","34","71","90","71","53","0","5","32","37","36","44","0","29","39","53","35","9"
"20214","11620595","청룡동","3414","1875","1539","0","555","975","824","783","277","0","215","496","457","510","197","0","340","479","367","273","80"
"20214","11620655","신원동","540","329","211","0","32","124","147","143","94","0","20","72","91","87","59","0","12","52","56","56","35"
"20214","11590650","사당4동","1404","726","678","0","132","211","319","274","468","0","51","108","134","125","308","0","81","103","185","149","160"
"20214","11680656","도곡2동","95884","65569","30315","453","18326","37677","27542","9933","1953","289","9791","25806","21173","7227","1283","164","8535","11871","6369","2706","670"
"20214","11650652","양재2동","34416","25873","8543","10","4564","8443","9688","9100","2611","7","2768","6224","7450","7428","1996","3","1796","2219","2238","1672","615"
"20214","11680640","역삼1동","169288","100194","69094","320","34193","51527","43622","29575","10051","103","16376","32145","28487","16020","7063","217","17817","19382","15135","13555","2988"
"20214","11650600","방배1동","16153","10683","5470","62","3196","4965","3924","2935","1071","46","1516","3026","2889","2404","802","16","1680","1939","1035","531","269"
"20214","11710641","문정1동","34806","26912","7894","0","3158","6504","10030","13148","1966","0","1864","4693","7811","11263","1281","0","1294","1811","2219","1885","685"
"20214","11710550","마천2동","1523","985","538","0","123","363","436","407","194","0","75","232","250","247","181","0","48","131","186","160","13"
"20214","11110680","창신2동","129","30","99","0","0","4","36","64","25","0","0","0","10","16","4","0","0","4","26","48","21"
"20214","11110560","평창동","11829","6644","5185","0","1457","3183","3892","2574","723","0","699","1629","2299","1547","470","0","758","1554","1593","1027","253"
"20214","11170700","보광동","510","261","249","0","50","107","149","137","67","0","0","50","79","82","50","0","50","57","70","55","17"
"20214","11170580","효창동","1378","794","584","0","183","353","388","304","150","0","90","205","234","153","112","0","93","148","154","151","38"
"20214","11170555","청파동","3008","1612","1396","0","457","773","724","644","410","0","152","354","382","399","325","0","305","419","342","245","85"
"20214","11200720","송정동","896","557","339","0","118","218","228","184","148","0","57","135","129","110","126","0","61","83","99","74","22"
"20214","11200650","성수1가1동","2080","1303","777","0","260","440","465","557","358","0","122","274","297","378","232","0","138","166","168","179","126"
"20214","11140650","신당5동","708","384","324","0","54","164","190","170","130","0","23","71","97","93","100","0","31","93","93","77","30"
"20214","11140580","장충동","5367","2826","2541","11","1232","1475","1389","1027","233","0","436","822","822","591","155","11","796","653","567","436","78"
"20214","11140680","중림동","3121","1743","1378","0","658","1005","817","428","213","0","299","546","454","286","158","0","359","459","363","142","55"
"20214","11215830","자양2동","2163","1352","811","0","298","491","566","566","242","0","202","317","337","310","186","0","96","174","229","256","56"
"20214","11215870","구의3동","9627","5870","3757","3","1129","2028","2328","2417","1722","0","646","1417","1580","1246","981","3","483","611","748","1171","741"
"20214","11230720","휘경1동","740","445","295","0","69","147","188","195","141","0","20","87","123","135","80","0","49","60","65","60","61"
"20214","11260660","망우3동","320","173","147","0","12","37","87","111","73","0","1","11","39","61","61","0","11","26","48","50","12"
"20214","11215760","중곡3동","841","556","285","0","79","206","247","201","108","0","44","154","149","131","78","0","35","52","98","70","30"
"20214","11260565","면목본동","1074","597","477","0","104","266","301","274","129","0","24","134","161","161","117","0","80","132","140","113","12"
"20214","11290575","동선동","1974","984","990","0","254","412","455","503","350","0","84","175","224","277","224","0","170","237","231","226","126"
"20214","11290590","돈암2동","723","438","285","1","111","174","231","128","78","0","51","104","154","94","35","1","60","70","77","34","43"
"20214","11290525","성북동","18657","14227","4430","0","2430","4586","5425","5405","811","0","1342","3207","4298","4812","568","0","1088","1379","1127","593","243"
"20214","11320670","쌍문2동","982","561","421","0","96","169","238","292","187","0","18","78","123","187","155","0","78","91","115","105","32"
"20214","11305575","삼각산동","354","193","161","0","60","96","117","56","25","0","24","54","64","28","23","0","36","42","53","28","2"
"20214","11305545","송중동","1276","634","642","0","98","201","389","351","237","0","31","78","171","171","183","0","67","123","218","180","54"
"20214","11290600","안암동","2171","1454","717","0","279","583","626","475","208","0","143","369","408","352","182","0","136","214","218","123","26"
"20214","11380632","신사2동","980","707","273","0","99","194","257","250","180","0","81","136","150","171","169","0","18","58","107","79","11"
"20214","11410615","연희동","8584","5655","2929","2","1367","2137","1846","2386","846","1","758","1427","1153","1713","603","1","609","710","693","673","243"
"20214","11350625","중계2?3동","1261","708","553","0","163","329","324","327","118","0","98","196","167","172","75","0","65","133","157","155","43"
"20214","11440720","성산1동","5214","3491","1723","0","648","1088","1199","1015","1264","0","320","679","768","714","1010","0","328","409","431","301","254"
"20214","11470600","신월5동","1638","918","720","0","185","426","425","421","181","0","83","213","220","252","150","0","102","213","205","169","31"
"20214","11470550","목5동","15139","9214","5925","48","2457","3914","3668","3172","1880","23","1133","2360","2317","2077","1304","25","1324","1554","1351","1095","576"
"20214","11410640","홍제3동","793","390","403","0","57","93","156","217","270","0","11","35","71","116","157","0","46","58","85","101","113"
"20214","11500520","등촌1동","5353","3223","2130","0","1066","1388","1187","966","746","0","392","879","821","633","498","0","674","509","366","333","248"
"20214","11530720","고척1동","2678","1906","772","0","231","543","708","817","379","0","120","365","495","614","312","0","111","178","213","203","67"
"20214","11545710","시흥5동","1501","913","588","0","190","359","401","325","226","0","101","244","243","167","158","0","89","115","158","158","68"
"20214","11545510","가산동","92197","60654","31543","295","18174","28659","22817","13508","8744","190","9640","19252","16462","8977","6133","105","8534","9407","6355","4531","2611"
"20214","11560605","문래동","56252","40893","15359","49","8684","18402","17353","8849","2915","15","4846","14013","14186","6001","1832","34","3838","4389","3167","2848","1083"
"20214","11560585","도림동","654","448","206","0","31","104","171","185","163","0","11","69","117","123","128","0","20","35","54","62","35"
"20214","11560650","신길3동","585","444","141","0","10","76","146","165","188","0","1","53","106","119","165","0","9","23","40","46","23"
"20214","11560690","신길7동","2622","1809","813","0","300","497","594","761","470","0","187","345","403","488","386","0","113","152","191","273","84"
"20214","11620695","신림동","1587","973","614","0","103","214","390","373","507","0","29","113","217","217","397","0","74","101","173","156","110"
"20214","11620575","행운동","2641","1483","1158","0","387","656","633","606","359","0","190","373","338","313","269","0","197","283","295","293","90"
"20214","11650520","서초2동","59592","39584","20008","112","12487","19660","14921","9139","3273","28","6822","13281","10262","6848","2343","84","5665","6379","4659","2291","930"
"20214","11650531","서초4동","34065","19478","14587","113","6654","10434","8561","6034","2269","49","2530","5963","5553","3784","1599","64","4124","4471","3008","2250","670"
"20214","11680580","삼성1동","169509","114410","55099","382","34150","50842","45429","30095","8611","188","18352","33614","33509","23594","5153","194","15798","17228","11920","6501","3458"
"20214","11680545","압구정동","39740","22369","17371","179","8846","12438","9135","5956","3186","62","3275","6994","6148","3919","1971","117","5571","5444","2987","2037","1215"
"20214","11680590","삼성2동","57932","33308","24624","91","11684","18806","14726","8191","4434","35","4846","11067","9833","4604","2923","56","6838","7739","4893","3587","1511"
"20214","11710642","문정2동","36301","22822","13479","66","5198","11048","11125","6433","2431","29","2491","6237","7626","4925","1514","37","2707","4811","3499","1508","917"
"20214","11680565","청담동","54272","31088","23184","70","11304","17978","13491","8159","3270","19","4253","10268","8869","5396","2283","51","7051","7710","4622","2763","987"
"20214","11740530","명일1동","4140","2315","1825","0","610","1118","1050","743","619","0","280","679","691","380","285","0","330","439","359","363","334"
"20214","11740650","성내2동","2005","1289","716","0","326","417","457","408","397","0","230","268","269","266","256","0","96","149","188","142","141"
"20214","11740540","명일2동","2429","1666","763","0","289","691","654","514","281","0","148","491","476","329","222","0","141","200","178","185","59"
"20214","11710710","잠실6동","54446","29008","25438","107","8666","14450","15529","13884","1810","34","4010","8880","8963","5759","1362","73","4656","5570","6566","8125","448"
"20214","11110615","종로1?2?3?4가동","112601","62063","50538","1528","22838","34287","30861","17676","5411","646","9957","17210","18097","12464","3689","882","12881","17077","12764","5212","1722"
"20214","11140665","동화동","1157","519","638","0","182","280","308","245","142","0","48","94","149","134","94","0","134","186","159","111","48"
"20214","11110580","교남동","846","502","344","0","88","225","230","171","132","0","27","113","136","119","107","0","61","112","94","52","25"
"20214","11140605","을지로동","15737","8590","7147","8","3807","3827","3437","2749","1909","0","992","2113","2235","1908","1342","8","2815","1714","1202","841","567"
"20214","11200660","성수1가2동","5470","3787","1683","0","867","1121","1157","1192","1133","0","520","749","751","855","912","0","347","372","406","337","221"
"20214","11200550","사근동","350","254","96","0","9","58","123","114","46","0","1","36","88","88","41","0","8","22","35","26","5"
"20214","11200615","금호2?3가동","373","199","174","0","34","67","88","93","91","0","0","25","44","54","76","0","34","42","44","39","15"
"20214","11200520","왕십리2동","1350","817","533","0","164","348","402","302","134","0","82","187","246","190","112","0","82","161","156","112","22"
"20214","11200580","응봉동","696","290","406","0","166","187","151","119","73","0","40","66","69","62","53","0","126","121","82","57","20"
"20214","11215850","구의1동","3276","1971","1305","0","459","830","919","757","311","0","242","481","512","489","247","0","217","349","407","268","64"
"20214","11200540","마장동","6750","4827","1923","0","536","1190","1556","2250","1218","0","328","820","1144","1616","919","0","208","370","412","634","299"
"20214","11230650","장안1동","9744","6150","3594","0","1322","1918","2114","2156","2234","0","795","1234","1321","1299","1501","0","527","684","793","857","733"
"20214","11290580","돈암1동","151","71","80","0","44","46","31","21","9","0","11","23","17","12","8","0","33","23","14","9","1"
"20214","11290810","석관동","2355","1634","721","0","143","333","429","493","957","0","70","215","250","325","774","0","73","118","179","168","183"
"20214","11290610","보문동","3405","2585","820","0","322","1009","715","712","647","0","177","808","575","575","450","0","145","201","140","137","197"
"20214","11290725","월곡2동","2659","1686","973","0","428","756","653","468","354","0","214","496","396","279","301","0","214","260","257","189","53"
"20214","11305660","인수동","2841","1700","1141","0","235","558","751","860","437","0","70","312","466","517","335","0","165","246","285","343","102"
"20214","11305608","번3동","240","133","107","0","22","40","60","69","49","0","8","19","34","38","34","0","14","21","26","31","15"
"20214","11305555","송천동","720","376","344","0","16","92","149","214","249","0","1","37","64","131","143","0","15","55","85","83","106"
"20214","11320700","방학2동","719","318","401","0","36","150","183","151","199","0","6","75","81","75","81","0","30","75","102","76","118"
"20214","11320514","창4동","1768","1120","648","0","180","335","438","490","325","0","76","178","261","333","272","0","104","157","177","157","53"
"20214","11350570","월계2동","54","25","29","0","6","13","15","16","4","0","2","4","6","9","4","0","4","9","9","7","0"
"20214","11350600","공릉2동","1067","490","577","0","178","268","259","253","109","0","54","121","121","124","70","0","124","147","138","129","39"
"20214","11320522","도봉2동","820","528","292","0","30","96","145","210","339","0","10","48","80","139","251","0","20","48","65","71","88"
"20214","11380580","응암1동","2332","1301","1031","0","232","385","558","543","614","0","101","182","294","277","447","0","131","203","264","266","167"
"20214","11410660","홍은1동","3248","637","2611","0","106","239","889","1563","451","0","35","80","165","188","169","0","71","159","724","1375","282"
"20214","11380560","구산동","1741","926","815","0","206","325","390","555","265","0","78","142","186","342","178","0","128","183","204","213","87"
"20214","11440655","서강동","3033","1912","1121","0","522","743","728","600","440","0","255","442","483","400","332","0","267","301","245","200","108"
"20214","11440680","합정동","5202","2910","2292","0","863","1504","1368","946","521","0","329","742","855","620","364","0","534","762","513","326","157"
"20214","11440710","연남동","2729","1712","1017","0","433","651","681","590","374","0","194","349","409","414","346","0","239","302","272","176","28"
"20214","11440730","성산2동","2020","904","1116","0","177","385","541","632","285","0","58","190","244","246","166","0","119","195","297","386","119"
"20214","11470530","목3동","2011","1113","898","0","256","446","539","490","280","0","128","263","291","248","183","0","128","183","248","242","97"
"20214","11500605","가양3동","344","222","122","0","58","76","97","72","41","0","38","51","62","43","28","0","20","25","35","29","13"
"20214","11410655","홍제2동","415","207","208","0","58","88","106","97","66","0","18","55","53","48","33","0","40","33","53","49","33"
"20214","11530760","개봉3동","1488","914","574","0","187","375","385","327","214","0","92","235","235","187","165","0","95","140","150","140","49"
"20214","11530740","개봉1동","9334","5445","3889","0","781","2010","2250","2500","1793","0","404","1118","1146","1421","1356","0","377","892","1104","1079","437"
"20214","11530750","개봉2동","8545","4233","4312","5","1516","2075","2043","2036","870","1","862","1325","907","684","454","4","654","750","1136","1352","416"
"20243","11545680","시흥2동","732","429","303","0","75","148","183","217","109","0","41","85","103","126","74","0","34","63","80","91","35"
"20214","11500593","화곡8동","1794","986","808","0","253","483","516","321","221","0","115","259","258","200","154","0","138","224","258","121","67"
"20214","11560535","영등포동","13253","7410","5843","1","2438","3300","3144","2628","1742","0","899","1840","1953","1549","1169","1","1539","1460","1191","1079","573"
"20214","11470640","신정3동","2165","1557","608","0","167","415","545","464","574","0","78","255","371","329","524","0","89","160","174","135","50"
"20214","11530595","가리봉동","853","389","464","0","43","143","205","190","272","0","12","67","87","72","151","0","31","76","118","118","121"
"20214","11590660","대방동","8638","5761","2877","0","1441","2353","2021","1939","884","0","771","1613","1413","1400","564","0","670","740","608","539","320"
"20214","11620565","성현동","1766","668","1098","3","252","310","408","536","257","3","115","163","186","145","56","0","137","147","222","391","201"
"20214","11620525","보라매동","2630","1358","1272","1","328","605","631","671","394","0","128","307","324","320","279","1","200","298","307","351","115"
"20214","11650610","방배2동","16039","7805","8234","2","2707","4122","4433","3081","1694","0","931","1849","2047","1827","1151","2","1776","2273","2386","1254","543"
"20214","11650621","방배4동","15039","9307","5732","1","2600","4166","3753","2874","1645","0","1099","2456","2547","2017","1188","1","1501","1710","1206","857","457"
"20214","11620605","은천동","1006","477","529","0","135","188","211","279","193","0","44","87","107","125","114","0","91","101","104","154","79"
"20214","11680610","대치2동","91102","50967","40135","516","16551","25079","21006","17182","10768","223","7622","15359","13502","8870","5391","293","8929","9720","7504","8312","5377"
"20214","11680690","개포4동","7461","5406","2055","0","903","1691","2116","1785","966","0","450","1140","1609","1397","810","0","453","551","507","388","156"
"20214","11620545","청림동","304","173","131","0","46","101","99","46","12","0","20","56","59","30","8","0","26","45","40","16","4"
"20214","11680700","세곡동","360","209","151","0","17","65","76","109","93","0","6","33","44","65","61","0","11","32","32","44","32"
"20214","11680650","역삼2동","48339","28663","19676","154","11137","13438","11497","8552","3561","54","5372","8608","7650","4471","2508","100","5765","4830","3847","4081","1053"
"20214","11710631","가락1동","5833","4080","1753","0","398","1085","1605","1672","1073","0","267","831","1182","1097","703","0","131","254","423","575","370"
"20214","11710540","마천1동","666","327","339","0","46","151","215","201","53","0","9","71","102","99","46","0","37","80","113","102","7"
"20214","11710650","잠실본동","11115","7148","3967","6","1499","2123","2609","2478","2400","0","665","1297","1638","1716","1832","6","834","826","971","762","568"
"20214","11740620","천호3동","1309","752","557","0","58","135","221","231","664","0","18","62","110","118","444","0","40","73","111","113","220"
"20214","11740700","둔촌2동","2597","1165","1432","0","487","684","571","541","314","0","132","286","285","255","207","0","355","398","286","286","107"
"20214","11110570","무악동","519","135","384","0","146","149","134","66","24","0","30","30","42","20","13","0","116","119","92","46","11"
"20214","11110700","숭인1동","258","114","144","0","47","58","58","59","36","0","2","24","29","32","27","0","45","34","29","27","9"
"20214","11140570","필동","13649","6423","7226","2","1970","3470","4208","2984","1015","0","666","1721","1981","1401","654","2","1304","1749","2227","1583","361"
"20214","11140645","청구동","3499","1911","1588","0","513","932","821","751","482","0","172","480","517","462","280","0","341","452","304","289","202"
"20214","11200690","성수2가3동","22812","14637","8175","40","3750","5812","5711","4572","2927","40","2083","3889","3844","2757","2024","0","1667","1923","1867","1815","903"
"20214","11200560","행당1동","1507","1031","476","0","184","316","391","432","184","0","92","197","272","332","138","0","92","119","119","100","46"
"20214","11230600","답십리1동","2154","1028","1126","0","313","440","606","580","215","0","212","297","217","153","149","0","101","143","389","427","66"
"20214","11200620","금호4가동","716","433","283","0","76","166","207","175","92","0","27","85","136","112","73","0","49","81","71","63","19"
"20214","11230705","청량리동","2521","1355","1166","0","438","753","486","469","375","0","155","435","274","271","220","0","283","318","212","198","155"
"20214","11260590","상봉2동","4445","3111","1334","0","532","1156","1480","1019","258","0","309","819","998","752","233","0","223","337","482","267","25"
"20214","11290555","삼선동","4526","2265","2261","0","463","1094","1379","1142","448","0","154","471","664","715","261","0","309","623","715","427","187"
"20214","11290715","월곡1동","1542","964","578","0","81","183","316","334","628","0","21","88","168","225","462","0","60","95","148","109","166"
"20214","11350695","상계6?7동","4587","2025","2562","0","640","1082","1188","1170","507","0","165","410","533","634","283","0","475","672","655","536","224"
"20214","11350665","상계3?4동","716","521","195","0","23","48","187","288","170","0","5","24","120","221","151","0","18","24","67","67","19"
"20214","11380552","갈현2동","3042","1564","1478","0","284","605","824","825","504","0","133","338","388","361","344","0","151","267","436","464","160"
"20214","11380631","신사1동","1335","711","624","0","131","282","307","334","281","0","47","140","167","160","197","0","84","142","140","174","84"
"20214","11320521","도봉1동","1591","1095","496","0","29","150","386","605","421","0","0","80","228","440","347","0","29","70","158","165","74"
"20214","11380625","역촌동","3286","1578","1708","0","535","676","859","762","454","0","182","301","399","370","326","0","353","375","460","392","128"
"20214","11380690","진관동","579","305","274","0","53","144","160","141","81","0","25","91","91","57","41","0","28","53","69","84","40"
"20214","11410685","홍은2동","1246","806","440","0","201","345","307","267","126","0","112","226","199","175","94","0","89","119","108","92","32"
"20214","11410690","남가좌1동","1684","1016","668","2","123","214","294","420","631","2","83","145","187","223","376","0","40","69","107","197","255"
"20214","11350621","중계1동","1095","604","491","0","143","241","329","274","108","0","61","132","174","151","86","0","82","109","155","123","22"
"20214","11440700","망원2동","4460","2671","1789","0","564","828","960","1358","750","0","313","614","676","631","437","0","251","214","284","727","313"
"20214","11470520","목2동","3478","1955","1523","0","480","855","933","800","410","0","225","469","520","464","277","0","255","386","413","336","133"
"20214","11470510","목1동","15358","9986","5372","16","2655","4194","3845","3134","1514","11","1239","2760","2734","2254","988","5","1416","1434","1111","880","526"
"20214","11500611","발산1동","4028","2354","1674","0","228","574","1087","1341","798","0","94","288","522","786","664","0","134","286","565","555","134"
"20214","11500590","화곡본동","2614","1517","1097","0","249","508","652","651","554","0","85","297","376","345","414","0","164","211","276","306","140"
"20214","11530790","수궁동","1801","1237","564","0","169","345","421","520","346","0","106","223","266","357","285","0","63","122","155","163","61"
"20214","11560550","당산1동","6841","4115","2726","0","1171","1938","1530","1252","950","0","468","1086","961","876","724","0","703","852","569","376","226"
"20214","11545690","시흥3동","1638","972","666","0","118","240","376","430","474","0","63","155","219","235","300","0","55","85","157","195","174"
"20214","11545640","독산4동","1411","816","595","0","162","242","298","333","376","0","105","146","182","161","222","0","57","96","116","172","154"
"20214","11560700","대림1동","1513","564","949","0","507","351","324","242","89","0","93","120","160","122","69","0","414","231","164","120","20"
"20214","11590620","사당1동","3631","1926","1705","0","597","912","992","662","468","0","179","445","498","405","399","0","418","467","494","257","69"
"20214","11560670","신길5동","974","470","504","0","74","213","336","250","101","0","34","96","122","126","92","0","40","117","214","124","9"
"20214","11560680","신길6동","1838","1151","687","0","187","445","486","396","324","0","93","273","290","250","245","0","94","172","196","146","79"
"20214","11560620","양평2동","12638","7239","5399","4","2309","3448","3483","2185","1209","0","1010","2076","1978","1284","891","4","1299","1372","1505","901","318"
"20214","11620630","남현동","3481","2312","1169","0","579","875","949","683","395","0","316","595","672","448","281","0","263","280","277","235","114"
"20214","11620615","중앙동","1189","552","637","0","126","210","278","339","236","0","49","102","130","159","112","0","77","108","148","180","124"
"20214","11650530","서초3동","60960","36224","24736","79","10474","18312","15643","11115","5337","25","4429","10668","10012","7263","3827","54","6045","7644","5631","3852","1510"
"20214","11650560","반포1동","8126","5018","3108","0","1488","2713","2045","1236","644","0","704","1775","1363","690","486","0","784","938","682","546","158"
"20214","11650580","반포3동","2930","1635","1295","3","464","748","648","586","481","0","197","441","429","340","228","3","267","307","219","246","253"
"20214","11680730","일원1동","1871","1020","851","0","242","353","427","411","438","0","102","189","219","213","297","0","140","164","208","198","141"
"20214","11680600","대치1동","18253","9723","8530","24","3341","5959","4549","2842","1538","8","1255","2956","2574","1816","1114","16","2086","3003","1975","1026","424"
"20214","11680660","개포1동","466","287","179","2","73","123","122","96","50","1","33","68","84","65","36","1","40","55","38","31","14"
"20214","11740610","천호2동","3076","1590","1486","0","342","661","781","737","555","0","130","304","386","368","402","0","212","357","395","369","153"
"20214","11710670","잠실2동","3901","2603","1298","4","748","1135","1024","778","212","4","470","797","696","513","123","0","278","338","328","265","89"
"20221","11170560","원효로1동","2023","1386","637","0","310","559","530","372","252","0","181","406","372","254","173","0","129","153","158","118","79"
"20221","11110670","창신1동","1867","797","1070","0","100","321","609","493","344","0","30","97","198","224","248","0","70","224","411","269","96"
"20221","11110540","삼청동","3999","3283","716","0","482","1069","1251","952","245","0","310","823","1073","855","222","0","172","246","178","97","23"
"20221","11140540","회현동","77872","48127","29745","192","14598","27478","21314","11322","2968","51","6817","16400","13882","8906","2071","141","7781","11078","7432","2416","897"
"20221","11200670","성수2가1동","8111","5172","2939","40","1871","2353","1877","1317","653","22","839","1526","1290","940","555","18","1032","827","587","377","98"
"20221","11140635","약수동","10507","4063","6444","24","1693","3926","2910","1439","515","0","519","1381","966","826","371","24","1174","2545","1944","613","144"
"20221","11140520","소공동","93326","49557","43769","492","27002","29460","20528","12349","3495","132","8777","14658","14642","9018","2330","360","18225","14802","5886","3331","1165"
"20221","11215847","자양4동","677","503","174","0","14","84","175","196","208","0","5","53","113","138","194","0","9","31","62","58","14"
"20221","11230536","용신동","19675","10187","9488","0","2385","4375","4870","4853","3192","0","1128","2514","2567","2221","1757","0","1257","1861","2303","2632","1435"
"20221","11230660","장안2동","5138","2766","2372","0","1600","996","1044","965","533","0","827","577","483","469","410","0","773","419","561","496","123"
"20221","11230730","휘경2동","1142","588","554","0","150","254","299","276","163","0","39","120","159","146","124","0","111","134","140","130","39"
"20221","11260620","묵1동","977","460","517","0","97","232","289","239","120","0","29","110","124","110","87","0","68","122","165","129","33"
"20221","11260630","묵2동","1381","961","420","0","196","345","332","390","118","0","117","237","218","290","99","0","79","108","114","100","19"
"20221","11260580","상봉1동","1976","1410","566","1","221","337","408","540","469","1","150","212","234","381","432","0","71","125","174","159","37"
"20221","11290660","길음1동","4493","2197","2296","294","1579","1107","754","486","273","123","682","583","373","223","213","171","897","524","381","263","60"
"20221","11260610","중화2동","731","450","281","0","51","85","218","175","202","0","25","40","109","109","167","0","26","45","109","66","35"
"20221","11290705","종암동","15332","8090","7242","1","1306","3888","5438","4380","319","0","563","1426","2486","3420","195","1","743","2462","2952","960","124"
"20221","11290650","정릉4동","966","603","363","0","66","138","240","322","200","0","15","69","156","220","143","0","51","69","84","102","57"
"20221","11305635","수유3동","2985","1527","1458","0","268","739","799","815","364","0","88","310","370","507","252","0","180","429","429","308","112"
"20221","11350611","하계1동","609","385","224","0","71","126","151","177","84","0","33","72","91","124","65","0","38","54","60","53","19"
"20221","11350619","중계본동","831","400","431","0","93","167","206","247","118","0","44","85","88","111","72","0","49","82","118","136","46"
"20221","11380530","불광2동","4506","2155","2351","0","184","596","734","983","2009","0","49","307","289","392","1118","0","135","289","445","591","891"
"20221","11320710","방학3동","1084","649","435","0","187","246","255","252","144","0","118","140","161","121","109","0","69","106","94","131","35"
"20221","11440600","대흥동","3465","1712","1753","1","1417","792","498","479","278","0","549","412","272","286","193","1","868","380","226","193","85"
"20221","11350624","중계4동","1445","794","651","0","134","296","338","386","291","0","47","141","178","206","222","0","87","155","160","180","69"
"20221","11350580","월계3동","437","219","218","0","47","75","117","128","70","0","18","39","54","66","42","0","29","36","63","62","28"
"20221","11380510","녹번동","2163","1152","1011","0","243","504","592","580","244","0","116","241","284","347","164","0","127","263","308","233","80"
"20221","11440590","용강동","12882","7654","5228","0","1888","3179","3052","2552","2211","0","916","1886","2020","1484","1348","0","972","1293","1032","1068","863"
"20221","11470570","신월2동","1863","1075","788","0","138","298","515","519","393","0","78","179","265","272","281","0","60","119","250","247","112"
"20221","11470540","목4동","2018","1254","764","0","228","452","601","515","222","0","90","278","359","336","191","0","138","174","242","179","31"
"20221","11500570","화곡4동","2146","941","1205","0","512","593","443","397","201","0","109","252","212","213","155","0","403","341","231","184","46"
"20221","11530730","고척2동","1686","1075","611","0","162","381","447","474","222","0","108","244","267","273","183","0","54","137","180","201","39"
"20221","11500510","염창동","3311","1536","1775","1","517","975","987","557","274","1","187","425","397","308","218","0","330","550","590","249","56"
"20221","11530550","구로4동","1750","997","753","0","154","357","449","447","343","0","63","204","239","239","252","0","91","153","210","208","91"
"20221","11545670","시흥1동","4584","2467","2117","0","641","1107","1093","1159","584","0","295","550","550","659","413","0","346","557","543","500","171"
"20221","11530510","신도림동","9297","6118","3179","6","1519","2887","2275","1688","922","3","633","1970","1644","1168","700","3","886","917","631","520","222"
"20221","11545700","시흥4동","1307","794","513","0","203","276","389","326","113","0","126","196","234","149","89","0","77","80","155","177","24"
"20221","11545610","독산1동","11210","7201","4009","5","856","1524","1880","2470","4475","5","507","1022","1203","1522","2942","0","349","502","677","948","1533"
"20221","11545620","독산2동","1576","904","672","0","173","325","376","482","220","0","95","148","188","292","181","0","78","177","188","190","39"
"20221","11560720","대림3동","5117","3332","1785","0","505","1076","1325","1233","978","0","260","759","953","778","582","0","245","317","372","455","396"
"20221","11590670","신대방1동","3759","2390","1369","0","721","1207","883","602","346","0","367","781","612","394","236","0","354","426","271","208","110"
"20221","11620585","낙성대동","5270","2903","2367","0","849","1817","1134","809","661","0","384","952","591","465","511","0","465","865","543","344","150"
"20221","11620745","삼성동","910","510","400","0","87","179","256","251","137","0","38","89","132","133","118","0","49","90","124","118","19"
"20221","11620725","조원동","2890","1810","1080","0","552","709","707","620","302","0","254","463","453","419","221","0","298","246","254","201","81"
"20221","11620625","인헌동","1498","869","629","0","310","445","389","226","128","0","141","276","233","116","103","0","169","169","156","110","25"
"20221","11650651","양재1동","25679","16609","9070","299","6028","7122","5820","3831","2579","143","3056","4788","4114","2560","1948","156","2972","2334","1706","1271","631"
"20221","11650540","잠원동","11715","6789","4926","14","2442","3464","2893","1806","1096","8","962","2028","1920","1132","739","6","1480","1436","973","674","357"
"20221","11680510","신사동","26570","15843","10727","10","5533","8047","6772","4051","2157","0","2147","4915","4531","2650","1600","10","3386","3132","2241","1401","557"
"20221","11680670","개포2동","9957","6532","3425","12","1746","2838","2389","1848","1124","2","932","1900","1647","1180","871","10","814","938","742","668","253"
"20221","11710531","거여1동","3417","2556","861","0","862","977","828","454","296","0","602","780","639","311","224","0","260","197","189","143","72"
"20221","11710610","삼전동","3736","2535","1201","0","437","854","846","754","845","0","252","562","556","464","701","0","185","292","290","290","144"
"20221","11710532","거여2동","1508","782","726","0","189","247","373","456","243","0","104","147","190","207","134","0","85","100","183","249","109"
"20221","11710580","송파1동","15471","9710","5761","0","2191","3473","3853","3380","2574","0","939","2059","2519","2282","1911","0","1252","1414","1334","1098","663"
"20221","11740580","암사2동","2007","731","1276","0","198","334","477","601","397","0","69","156","192","174","140","0","129","178","285","427","257"
"20221","11740570","암사1동","2678","1639","1039","0","343","577","567","537","654","0","166","376","357","364","376","0","177","201","210","173","278"
"20221","11740640","성내1동","10609","7203","3406","1","1262","2227","2282","2734","2103","0","726","1390","1496","1976","1615","1","536","837","786","758","488"
"20221","11710680","잠실3동","29138","19755","9383","134","5319","7304","7256","5526","3599","61","2773","5053","5370","3958","2540","73","2546","2251","1886","1568","1059"
"20221","11110690","창신3동","129","60","69","0","13","37","34","38","7","0","5","15","15","19","6","0","8","22","19","19","1"
"20221","11110515","청운효자동","6024","3890","2134","11","1105","1745","1679","1077","407","0","482","1090","1250","777","291","11","623","655","429","300","116"
"20221","11170530","남영동","17331","7295","10036","138","6595","4274","3302","2216","806","8","1240","2293","1960","1189","605","130","5355","1981","1342","1027","201"
"20221","11170660","이태원2동","976","553","423","0","153","340","268","145","70","0","70","187","143","83","70","0","83","153","125","62","0"
"20221","11170640","이촌2동","2211","1497","714","0","318","605","653","482","153","0","145","380","490","370","112","0","173","225","163","112","41"
"20221","11260575","면목3?8동","1762","1134","628","0","138","316","470","491","347","0","38","163","281","370","282","0","100","153","189","121","65"
"20221","11260655","망우본동","1514","797","717","0","144","279","350","476","265","0","34","104","163","262","234","0","110","175","187","214","31"
"20221","11305534","삼양동","288","182","106","0","28","49","70","77","64","0","7","23","37","54","61","0","21","26","33","23","3"
"20221","11305645","우이동","1954","1236","718","0","61","124","265","485","1019","0","5","58","146","345","682","0","56","66","119","140","337"
"20221","11290620","정릉1동","631","346","285","0","73","113","138","178","129","0","13","39","69","111","114","0","60","74","69","67","15"
"20221","11320660","쌍문1동","753","359","394","0","76","122","211","220","124","0","8","41","82","114","114","0","68","81","129","106","10"
"20221","11320681","쌍문4동","314","162","152","0","31","77","88","82","36","0","8","36","44","44","30","0","23","41","44","38","6"
"20221","11440610","염리동","2041","1359","682","17","385","463","414","453","309","7","194","315","313","315","215","10","191","148","101","138","94"
"20221","11350595","공릉1동","7314","3944","3370","0","771","1132","1606","2020","1785","0","346","617","798","1052","1131","0","425","515","808","968","654"
"20221","11350640","상계2동","1909","931","978","0","230","322","493","504","360","0","71","188","231","238","203","0","159","134","262","266","157"
"20221","11380520","불광1동","2024","874","1150","0","281","487","549","470","237","0","98","211","239","206","120","0","183","276","310","264","117"
"20221","11470560","신월1동","2065","1362","703","0","171","336","487","696","375","0","93","209","298","471","291","0","78","127","189","225","84"
"20221","11470610","신월6동","665","395","270","0","67","123","154","181","140","0","25","65","85","103","117","0","42","58","69","78","23"
"20221","11470680","신정7동","229","136","93","0","26","56","70","52","25","0","12","31","43","32","18","0","14","25","27","20","7"
"20221","11500535","등촌3동","11934","6321","5613","10","1490","2538","2667","2950","2279","5","656","1385","1560","1435","1280","5","834","1153","1107","1515","999"
"20221","11500640","방화2동","2178","1461","717","1","204","414","498","596","465","1","119","256","329","385","371","0","85","158","169","211","94"
"20221","11500615","우장산동","3743","2072","1671","0","817","846","798","789","493","0","305","492","477","474","324","0","512","354","321","315","169"
"20221","11530540","구로3동","60830","39887","20943","213","12649","20498","15414","7563","4493","143","6394","13598","10865","5281","3606","70","6255","6900","4549","2282","887"
"20221","11470620","신정1동","8070","4711","3359","32","1429","2022","2026","1719","842","32","594","1258","1214","998","615","0","835","764","812","721","227"
"20221","11470630","신정2동","13393","7695","5698","14","2422","4365","3588","2362","642","2","980","2399","2224","1575","515","12","1442","1966","1364","787","127"
"20221","11530780","오류2동","627","393","234","0","58","144","167","160","98","0","26","83","99","103","82","0","32","61","68","57","16"
"20221","11530770","오류1동","3696","2364","1332","0","475","682","912","1084","543","0","343","466","549","626","380","0","132","216","363","458","163"
"20221","11590560","상도4동","1213","728","485","0","152","289","310","301","161","0","75","167","185","217","84","0","77","122","125","84","77"
"20221","11590510","노량진1동","3339","1859","1480","0","438","797","839","799","466","0","183","454","507","431","284","0","255","343","332","368","182"
"20221","11620645","서원동","2096","855","1241","0","400","452","383","471","390","0","94","178","193","171","219","0","306","274","190","300","171"
"20243","11620775","난곡동","847","489","358","0","45","187","211","290","114","0","10","96","105","174","104","0","35","91","106","116","10"
"20221","11590680","신대방2동","13749","8759","4990","23","2512","2859","2578","3224","2553","12","1903","2198","1645","1642","1359","11","609","661","933","1582","1194"
"20221","11590605","흑석동","110","68","42","0","10","26","35","26","13","0","5","15","22","14","12","0","5","11","13","12","1"
"20221","11650660","내곡동","1187","773","414","0","177","243","250","257","260","0","124","178","172","148","151","0","53","65","78","109","109"
"20221","11650590","방배본동","24123","13354","10769","69","4526","6227","6422","4314","2565","59","1537","3253","3738","2802","1965","10","2989","2974","2684","1512","600"
"20221","11590640","사당3동","920","541","379","0","106","207","247","219","141","0","39","113","153","130","106","0","67","94","94","89","35"
"20221","11590651","사당5동","1687","921","766","0","200","422","520","410","135","0","89","194","271","238","129","0","111","228","249","172","6"
"20221","11590530","상도1동","3332","1942","1390","0","509","832","819","742","430","0","218","465","501","462","296","0","291","367","318","280","134"
"20221","11650510","서초1동","43719","24480","19239","23","9186","11347","9650","10688","2825","6","3291","6109","5602","7411","2061","17","5895","5238","4048","3277","764"
"20221","11680655","도곡1동","29691","21044","8647","50","5072","6918","8284","7519","1848","45","2572","4533","6229","6161","1504","5","2500","2385","2055","1358","344"
"20221","11680521","논현1동","40861","23907","16954","39","10700","12307","8710","5662","3443","5","4557","7311","5875","3655","2504","34","6143","4996","2835","2007","939"
"20221","11650550","반포본동","11741","6398","5343","18","1941","3874","3358","2009","541","11","710","2115","1883","1258","421","7","1231","1759","1475","751","120"
"20221","11710620","가락본동","28995","17557","11438","15","3936","6989","6650","5680","5725","5","1888","4368","4461","3299","3536","10","2048","2621","2189","2381","2189"
"20221","11710561","방이1동","8235","6032","2203","0","851","1616","2160","2202","1406","0","406","1031","1613","1766","1216","0","445","585","547","436","190"
"20221","11710646","장지동","5321","3640","1681","0","568","847","1266","1406","1234","0","320","569","848","988","915","0","248","278","418","418","319"
"20221","11710510","풍납1동","719","412","307","0","83","162","195","197","82","0","44","90","105","105","68","0","39","72","90","92","14"
"20221","11740550","고덕1동","799","416","383","0","91","177","206","189","136","0","40","101","102","87","86","0","51","76","104","102","50"
"20221","11740660","성내3동","4116","2497","1619","0","564","934","1042","864","712","0","297","599","633","493","475","0","267","335","409","371","237"
"20221","11710566","오륜동","17367","10066","7301","26","2818","5250","4508","3474","1291","8","1134","2733","2899","2302","990","18","1684","2517","1609","1172","301"
"20221","11140590","광희동","58515","29158","29357","524","16826","15439","12037","9255","4434","216","8180","8986","6965","3139","1672","308","8646","6453","5072","6116","2762"
"20221","11140625","다산동","6650","4221","2429","0","1171","2147","1616","1161","555","0","479","1478","1141","714","409","0","692","669","475","447","146"
"20221","11110600","가회동","13017","9707","3310","2","1389","4496","3916","2440","774","2","716","3308","3068","2014","599","0","673","1188","848","426","175"
"20221","11110640","이화동","1918","1059","859","0","287","484","495","407","245","0","88","218","291","272","190","0","199","266","204","135","55"
"20221","11170570","원효로2동","3070","2231","839","2","480","939","863","495","291","1","276","674","668","372","240","1","204","265","195","123","51"
"20221","11170510","후암동","2018","1192","826","0","298","452","571","475","222","0","100","271","373","279","169","0","198","181","198","196","53"
"20221","11170630","이촌1동","5718","3664","2054","18","925","1542","1605","1168","460","14","458","949","1133","788","322","4","467","593","472","380","138"
"20221","11230610","답십리2동","2968","2199","769","0","473","681","701","609","504","0","362","530","516","424","367","0","111","151","185","185","137"
"20221","11215780","능동","1400","868","532","0","201","324","366","285","224","0","98","191","233","171","175","0","103","133","133","114","49"
"20221","11230740","이문1동","937","419","518","0","175","251","254","182","75","0","28","97","127","110","57","0","147","154","127","72","18"
"20221","11230750","이문2동","294","156","138","0","34","64","66","78","52","0","11","30","31","43","41","0","23","34","35","35","11"
"20221","11260520","면목2동","1036","593","443","0","56","169","236","336","239","0","2","77","122","199","193","0","54","92","114","137","46"
"20221","11215750","중곡2동","2299","1342","957","0","293","465","604","553","384","0","194","271","324","293","260","0","99","194","280","260","124"
"20221","11215710","화양동","1130","765","365","0","134","167","289","361","179","0","51","93","202","258","161","0","83","74","87","103","18"
"20221","11260680","신내1동","1561","743","818","0","277","341","279","417","247","0","72","140","133","206","192","0","205","201","146","211","55"
"20221","11320511","창1동","1149","523","626","0","157","232","310","317","133","0","58","91","139","149","86","0","99","141","171","168","47"
"20221","11350560","월계1동","1739","950","789","0","268","424","467","332","248","0","120","262","235","168","165","0","148","162","232","164","83"
"20221","11410720","북가좌2동","1369","700","669","0","194","275","312","350","238","0","45","140","176","191","148","0","149","135","136","159","90"
"20221","11410565","충현동","11615","7222","4393","2","1448","2959","3070","2760","1376","2","684","1796","1952","1813","975","0","764","1163","1118","947","401"
"20221","11440555","아현동","5614","3089","2525","3","1068","1810","1591","954","188","0","465","1012","895","580","137","3","603","798","696","374","51"
"20221","11470580","신월3동","1027","610","417","0","89","187","235","324","192","0","28","78","126","210","168","0","61","109","109","114","24"
"20221","11470611","신월7동","2510","1637","873","0","271","418","510","596","715","0","199","315","336","360","427","0","72","103","174","236","288"
"20221","11470650","신정4동","5292","2926","2366","0","888","938","1019","1120","1327","0","254","456","519","610","1087","0","634","482","500","510","240"
"20221","11500560","화곡3동","3512","2167","1345","0","483","848","900","812","469","0","261","563","544","457","342","0","222","285","356","355","127"
"20221","11530560","구로5동","11842","7494","4348","12","1664","2787","3081","2631","1667","11","940","1925","2042","1562","1014","1","724","862","1039","1069","653"
"20221","11530530","구로2동","11788","7296","4492","12","1415","2737","2953","2981","1690","6","661","1620","1777","1965","1267","6","754","1117","1176","1016","423"
"20221","11560630","신길1동","2758","1203","1555","0","485","667","617","545","444","0","140","321","290","227","225","0","345","346","327","318","219"
"20221","11560710","대림2동","3597","1831","1766","0","666","862","805","549","715","0","257","458","347","308","461","0","409","404","458","241","254"
"20221","11560560","당산2동","11914","8003","3911","4","1859","2687","2897","2642","1825","2","948","1678","2026","1940","1409","2","911","1009","871","702","416"
"20221","11560660","신길4동","1041","519","522","0","173","247","269","244","108","0","61","115","130","132","81","0","112","132","139","112","27"
"20221","11560540","여의동","193775","137506","56269","459","35625","69449","49825","29711","8706","171","19666","49643","38480","23649","5897","288","15959","19806","11345","6062","2809"
"20221","11560515","영등포본동","3990","2286","1704","2","550","1004","1036","979","419","1","229","507","602","620","327","1","321","497","434","359","92"
"20221","11590540","상도2동","1151","588","563","0","126","278","310","290","147","0","54","146","163","145","80","0","72","132","147","145","67"
"20221","11650620","방배3동","15415","10109","5306","72","2413","4593","4181","2509","1647","23","1229","2881","3008","1732","1236","49","1184","1712","1173","777","411"
"20221","11590550","상도3동","1093","639","454","0","61","215","303","269","245","0","38","154","183","134","130","0","23","61","120","135","115"
"20221","11620775","난곡동","1030","581","449","0","78","219","257","330","146","0","24","112","127","194","124","0","54","107","130","136","22"
"20221","11620765","미성동","2922","1751","1171","0","255","507","706","783","671","0","169","304","398","409","471","0","86","203","308","374","200"
"20221","11680531","논현2동","50355","32162","18193","35","9660","14596","12150","8182","5732","0","4197","8723","8632","6205","4405","35","5463","5873","3518","1977","1327"
"20221","11710570","오금동","23886","16727","7159","0","3151","5689","6045","5775","3226","0","1851","3844","4464","4377","2191","0","1300","1845","1581","1398","1035"
"20221","11710590","송파2동","6409","4050","2359","19","1010","1590","1681","1531","578","18","488","1010","1211","960","363","1","522","580","470","571","215"
"20221","11740560","고덕2동","1034","659","375","0","56","132","224","364","258","0","9","59","129","252","210","0","47","73","95","112","48"
"20221","11110650","혜화동","5022","2454","2568","0","812","1386","1228","994","602","0","277","676","655","512","334","0","535","710","573","482","268"
"20221","11110550","부암동","1636","918","718","0","272","478","444","313","129","0","112","265","257","192","92","0","160","213","187","121","37"
"20221","11110530","사직동","44521","27874","16647","20","5884","12594","13421","8829","3773","1","2462","7742","9182","6164","2323","19","3422","4852","4239","2665","1450"
"20221","11110710","숭인2동","1586","814","772","0","231","279","378","384","314","0","67","134","212","231","170","0","164","145","166","153","144"
"20221","11140615","신당동","5055","2739","2316","13","1485","1078","955","912","612","2","655","565","493","600","424","11","830","513","462","312","188"
"20221","11140670","황학동","768","540","228","0","112","224","208","146","78","0","74","146","134","108","78","0","38","78","74","38","0"
"20221","11170690","서빙고동","7751","5088","2663","4","1381","2313","2395","1225","433","1","664","1353","1750","980","340","3","717","960","645","245","93"
"20221","11200645","옥수동","3459","1340","2119","0","886","1027","786","519","241","0","224","381","367","243","125","0","662","646","419","276","116"
"20221","11200535","왕십리도선동","3200","1469","1731","0","532","618","668","788","594","0","181","343","362","332","251","0","351","275","306","456","343"
"20221","11215820","자양1동","9561","7566","1995","0","648","1345","2600","3908","1060","0","287","871","2091","3400","917","0","361","474","509","508","143"
"20221","11215840","자양3동","2198","1609","589","0","256","574","623","559","186","0","159","410","465","419","156","0","97","164","158","140","30"
"20221","11230545","제기동","5383","3256","2127","0","653","1364","1349","1149","868","0","251","813","874","684","634","0","402","551","475","465","234"
"20221","11260550","면목5동","1081","783","298","0","79","171","306","284","241","0","64","144","150","192","233","0","15","27","156","92","8"
"20221","11230570","전농2동","920","484","436","0","104","196","245","246","129","0","42","93","132","129","88","0","62","103","113","117","41"
"20221","11260570","면목7동","717","412","305","0","68","127","186","213","123","0","12","57","102","129","112","0","56","70","84","84","11"
"20221","11260600","중화1동","1214","645","569","0","121","266","320","298","209","0","40","106","153","167","179","0","81","160","167","131","30"
"20221","11305535","미아동","1307","751","556","0","107","230","398","386","186","0","39","112","225","241","134","0","68","118","173","145","52"
"20221","11305615","수유1동","1076","479","597","0","84","186","288","339","179","0","12","70","117","145","135","0","72","116","171","194","44"
"20221","11320690","방학1동","3254","1891","1363","0","325","720","802","977","430","0","176","418","417","554","326","0","149","302","385","423","104"
"20221","11290780","장위3동","421","261","160","0","54","80","93","112","82","0","13","43","52","71","82","0","41","37","41","41","0"
"20221","11290760","장위1동","511","274","237","0","91","107","122","111","80","0","42","61","61","55","55","0","49","46","61","56","25"
"20221","11290640","정릉3동","350","264","86","0","51","106","87","68","38","0","33","79","69","56","27","0","18","27","18","12","11"
"20221","11320512","창2동","1105","631","474","0","122","255","309","264","155","0","52","154","170","133","122","0","70","101","139","131","33"
"20221","11320515","창5동","5148","3263","1885","0","580","1155","1265","1099","1049","0","299","797","855","605","707","0","281","358","410","494","342"
"20221","11350700","상계8동","761","399","362","0","106","222","187","171","75","0","37","141","78","93","50","0","69","81","109","78","25"
"20221","11350670","상계5동","1030","520","510","0","23","81","183","275","468","0","5","48","78","126","263","0","18","33","105","149","205"
"20221","11350710","상계9동","1445","913","532","0","183","363","363","408","128","0","101","230","213","270","99","0","82","133","150","138","29"
"20221","11410585","신촌동","1807","952","855","0","282","496","461","392","176","0","102","212","235","261","142","0","180","284","226","131","34"
"20221","11410555","북아현동","1212","906","306","0","111","288","338","348","127","0","42","222","269","273","100","0","69","66","69","75","27"
"20221","11440585","도화동","12595","7658","4937","2","2324","3073","3171","2815","1210","1","1214","2111","2086","1468","778","1","1110","962","1085","1347","432"
"20221","11380570","대조동","2133","1063","1070","0","234","467","583","506","343","0","80","228","280","226","249","0","154","239","303","280","94"
"20221","11380650","수색동","259","166","93","0","33","70","63","51","42","0","16","45","39","33","33","0","17","25","24","18","9"
"20221","11440660","서교동","26146","13366","12780","1","5476","7412","6084","4290","2883","1","2239","3706","3345","2268","1807","0","3237","3706","2739","2022","1076"
"20221","11440630","신수동","2396","1364","1032","0","290","669","673","584","180","0","109","315","385","411","144","0","181","354","288","173","36"
"20221","11470590","신월4동","1264","861","403","0","52","149","301","417","345","0","19","82","172","282","306","0","33","67","129","135","39"
"20221","11500530","등촌2동","3208","1900","1308","0","381","632","774","829","592","0","157","344","465","528","406","0","224","288","309","301","186"
"20221","11500540","화곡1동","4201","2364","1837","0","393","877","1054","1195","682","0","172","514","573","670","435","0","221","363","481","525","247"
"20221","11500591","화곡6동","7963","5084","2879","1","1115","2139","2048","1815","845","0","552","1366","1311","1206","649","1","563","773","737","609","196"
"20221","11500641","방화3동","2479","1607","872","0","237","530","625","684","403","0","120","281","387","482","337","0","117","249","238","202","66"
"20221","11590520","노량진2동","4035","2106","1929","2","637","1189","986","825","396","0","334","523","452","534","263","2","303","666","534","291","133"
"20221","11545680","시흥2동","954","561","393","0","95","191","238","288","142","0","54","110","134","167","96","0","41","81","104","121","46"
"20221","11620735","대학동","608","489","119","0","71","153","183","159","42","0","45","112","155","137","40","0","26","41","28","22","2"
"20221","11620665","서림동","1862","1072","790","0","254","327","484","409","388","0","127","175","260","249","261","0","127","152","224","160","127"
"20221","11680630","대치4동","31644","19451","12193","95","5084","9426","8602","5375","3062","1","2187","5704","5889","3765","1905","94","2897","3722","2713","1610","1157"
"20221","11650581","반포4동","56426","49808","6618","24","5644","11981","15221","20982","2574","9","4284","9971","13507","19943","2094","15","1360","2010","1714","1039","480"
"20221","11650570","반포2동","2973","1770","1203","4","499","923","772","499","276","2","218","558","497","301","194","2","281","365","275","198","82"
"20221","11710632","가락2동","7197","4851","2346","0","953","1528","1426","1347","1943","0","564","1043","948","804","1492","0","389","485","478","543","451"
"20221","11680750","수서동","17525","9247","8278","21","2495","4725","4712","3482","2090","14","1118","2539","2470","1850","1256","7","1377","2186","2242","1632","834"
"20221","11710562","방이2동","41991","24157","17834","30","6770","10782","9488","8965","5956","30","3797","7028","5822","4194","3286","0","2973","3754","3666","4771","2670"
"20221","11740515","강일동","156","104","52","0","22","34","44","39","17","0","11","24","29","25","15","0","11","10","15","14","2"
"20221","11740600","천호1동","2261","1333","928","0","182","418","577","544","540","0","62","217","294","332","428","0","120","201","283","212","112"
"20221","11740685","길동","8563","4337","4226","0","1222","1712","1943","2092","1594","0","472","909","1039","958","959","0","750","803","904","1134","635"
"20221","11710520","풍납2동","505","248","257","0","109","174","126","76","20","0","29","90","66","47","16","0","80","84","60","29","4"
"20221","11740520","상일동","1403","710","693","0","205","316","349","371","162","0","71","158","207","170","104","0","134","158","142","201","58"
"20221","11710600","석촌동","8871","5871","3000","0","1070","2023","2069","1824","1885","0","614","1460","1406","1069","1322","0","456","563","663","755","563"
"20221","11710690","잠실4동","4342","3486","856","21","580","1364","1260","920","197","8","417","1119","1039","751","152","13","163","245","221","169","45"
"20221","11110630","종로5?6가동","21618","13515","8103","534","5065","6248","5321","3262","1188","128","2096","4026","3898","2536","831","406","2969","2222","1423","726","357"
"20221","11140550","명동","124112","71858","52254","81","20305","41834","33685","22095","6112","19","8121","21572","21716","16291","4139","62","12184","20262","11969","5804","1973"
"20221","11170590","용문동","3635","2111","1524","0","718","994","1006","676","241","0","295","585","597","461","173","0","423","409","409","215","68"
"20221","11200590","금호1가동","1721","636","1085","9","201","568","706","196","41","0","61","190","278","77","30","9","140","378","428","119","11"
"20221","11170685","한남동","36498","26742","9756","43","6012","10823","9595","8392","1633","37","2849","7212","7785","7533","1326","6","3163","3611","1810","859","307"
"20221","11170520","용산2가동","413","305","108","0","18","71","158","154","12","0","2","41","127","124","11","0","16","30","31","30","1"
"20221","11215860","구의2동","2079","1320","759","1","288","355","537","577","321","0","147","199","360","382","232","1","141","156","177","195","89"
"20221","11170650","이태원1동","22318","9800","12518","0","6552","8576","4360","2157","673","0","1700","3587","2418","1562","533","0","4852","4989","1942","595","140"
"20221","11170625","한강로동","41872","20679","21193","100","8559","13053","11946","6161","2053","46","3491","6113","5940","3741","1348","54","5068","6940","6006","2420","705"
"20221","11200790","용답동","3262","2002","1260","12","827","928","671","509","315","0","356","608","452","329","257","12","471","320","219","180","58"
"20221","11200570","행당2동","11","0","11","0","0","1","5","5","0","0","0","0","0","0","0","0","0","1","5","5","0"
"20221","11215810","광장동","7266","4415","2851","60","2259","1915","1409","1121","502","17","1082","1237","957","750","372","43","1177","678","452","371","130"
"20221","11215730","군자동","1273","701","572","0","147","268","294","289","275","0","56","141","171","154","179","0","91","127","123","135","96"
"20221","11215740","중곡1동","3767","1830","1937","20","992","730","758","892","375","2","422","392","374","360","280","18","570","338","384","532","95"
"20221","11230560","전농1동","687","481","206","0","55","102","208","218","104","0","40","70","156","154","61","0","15","32","52","64","43"
"20221","11260540","면목4동","818","653","165","0","31","119","239","327","102","0","13","82","175","285","98","0","18","37","64","42","4"
"20221","11230710","회기동","103","45","58","0","6","25","31","25","16","0","0","7","13","9","16","0","6","18","18","16","0"
"20221","11215770","중곡4동","3655","1788","1867","0","623","901","954","860","317","0","161","414","466","470","277","0","462","487","488","390","40"
"20221","11260690","신내2동","734","409","325","0","98","184","180","182","90","0","42","87","93","118","69","0","56","97","87","64","21"
"20221","11290685","길음2동","466","187","279","0","36","90","133","142","65","0","15","33","61","46","32","0","21","57","72","96","33"
"20221","11305595","번1동","2055","1244","811","0","229","419","408","550","449","0","97","265","254","363","265","0","132","154","154","187","184"
"20221","11305603","번2동","340","159","181","0","39","41","99","111","50","0","14","22","42","53","28","0","25","19","57","58","22"
"20221","11305625","수유2동","1277","692","585","0","25","60","248","399","545","0","0","34","162","283","213","0","25","26","86","116","332"
"20221","11290770","장위2동","836","534","302","0","36","136","215","214","235","0","3","68","123","141","199","0","33","68","92","73","36"
"20221","11290630","정릉2동","1296","545","751","0","196","325","365","288","122","0","31","131","140","136","107","0","165","194","225","152","15"
"20221","11320680","쌍문3동","1010","471","539","0","222","233","245","248","62","0","46","108","126","142","49","0","176","125","119","106","13"
"20221","11350630","상계1동","3568","2267","1301","0","414","743","856","907","648","0","244","498","560","569","396","0","170","245","296","338","252"
"20221","11320513","창3동","661","365","296","0","32","138","250","196","45","0","0","83","150","89","43","0","32","55","100","107","2"
"20221","11380551","갈현1동","2156","1101","1055","0","362","506","514","484","290","0","141","262","258","245","195","0","221","244","256","239","95"
"20221","11350720","상계10동","357","150","207","0","55","76","95","103","28","0","11","32","37","49","21","0","44","44","58","54","7"
"20221","11380600","응암3동","1511","727","784","0","131","366","456","370","188","0","41","182","205","165","134","0","90","184","251","205","54"
"20221","11380640","증산동","1928","1257","671","0","244","513","528","444","199","0","115","341","350","294","157","0","129","172","178","150","42"
"20221","11380590","응암2동","443","299","144","0","52","53","104","131","103","0","31","31","63","81","93","0","21","22","41","50","10"
"20221","11410710","북가좌1동","450","364","86","0","5","17","49","93","286","0","1","5","22","64","272","0","4","12","27","29","14"
"20221","11410620","홍제1동","2998","1538","1460","0","324","453","771","1025","425","0","91","205","400","571","271","0","233","248","371","454","154"
"20221","11410700","남가좌2동","970","503","467","0","84","205","285","293","103","0","18","96","136","166","87","0","66","109","149","127","16"
"20221","11440565","공덕동","10155","5866","4289","17","2264","2784","2763","1784","543","4","899","1477","1758","1328","400","13","1365","1307","1005","456","143"
"20221","11440690","망원1동","2880","1610","1270","0","796","808","609","420","247","0","461","430","293","252","174","0","335","378","316","168","73"
"20221","11410520","천연동","1067","584","483","0","85","172","280","384","146","0","26","79","159","227","93","0","59","93","121","157","53"
"20221","11440740","상암동","11548","7100","4448","22","2441","4206","3142","1303","434","9","1074","2651","2090","915","361","13","1367","1555","1052","388","73"
"20221","11500620","공항동","5500","2884","2616","0","918","1819","1516","1071","176","0","210","759","887","890","138","0","708","1060","629","181","38"
"20221","11500603","가양1동","1970","1232","738","0","214","412","447","478","419","0","89","254","269","310","310","0","125","158","178","168","109"
"20221","11500550","화곡2동","2498","1535","963","0","304","704","654","601","235","0","185","467","405","315","163","0","119","237","249","286","72"
"20221","11500630","방화1동","4120","3293","827","0","410","876","1020","1203","611","0","306","731","828","1011","417","0","104","145","192","192","194"
"20221","11545630","독산3동","3389","2461","928","0","258","514","599","669","1349","0","138","315","327","403","1278","0","120","199","272","266","71"
"20221","11590630","사당2동","1925","1067","858","0","293","589","536","352","155","0","140","361","322","158","86","0","153","228","214","194","69"
"20221","11560610","양평1동","10467","6077","4390","14","2081","2412","2323","2111","1526","6","1061","1544","1390","1082","994","8","1020","868","933","1029","532"
"20221","11620685","신사동","3706","2583","1123","0","583","1089","1109","668","257","0","251","750","885","518","179","0","332","339","224","150","78"
"20221","11620715","난향동","319","154","165","0","34","71","90","71","53","0","5","32","37","36","44","0","29","39","53","35","9"
"20221","11620595","청룡동","3414","1875","1539","0","555","975","824","783","277","0","215","496","457","510","197","0","340","479","367","273","80"
"20221","11620655","신원동","540","329","211","0","32","124","147","143","94","0","20","72","91","87","59","0","12","52","56","56","35"
"20221","11590650","사당4동","1404","726","678","0","132","211","319","274","468","0","51","108","134","125","308","0","81","103","185","149","160"
"20221","11680656","도곡2동","95884","65569","30315","453","18326","37677","27542","9933","1953","289","9791","25806","21173","7227","1283","164","8535","11871","6369","2706","670"
"20221","11650652","양재2동","34416","25873","8543","10","4564","8443","9688","9100","2611","7","2768","6224","7450","7428","1996","3","1796","2219","2238","1672","615"
"20221","11680640","역삼1동","169288","100194","69094","320","34193","51527","43622","29575","10051","103","16376","32145","28487","16020","7063","217","17817","19382","15135","13555","2988"
"20221","11650600","방배1동","16153","10683","5470","62","3196","4965","3924","2935","1071","46","1516","3026","2889","2404","802","16","1680","1939","1035","531","269"
"20221","11710641","문정1동","34806","26912","7894","0","3158","6504","10030","13148","1966","0","1864","4693","7811","11263","1281","0","1294","1811","2219","1885","685"
"20221","11710550","마천2동","1523","985","538","0","123","363","436","407","194","0","75","232","250","247","181","0","48","131","186","160","13"
"20221","11110680","창신2동","129","30","99","0","0","4","36","64","25","0","0","0","10","16","4","0","0","4","26","48","21"
"20221","11110560","평창동","11829","6644","5185","0","1457","3183","3892","2574","723","0","699","1629","2299","1547","470","0","758","1554","1593","1027","253"
"20221","11170700","보광동","510","261","249","0","50","107","149","137","67","0","0","50","79","82","50","0","50","57","70","55","17"
"20221","11170580","효창동","1378","794","584","0","183","353","388","304","150","0","90","205","234","153","112","0","93","148","154","151","38"
"20221","11170555","청파동","3008","1612","1396","0","457","773","724","644","410","0","152","354","382","399","325","0","305","419","342","245","85"
"20221","11200720","송정동","896","557","339","0","118","218","228","184","148","0","57","135","129","110","126","0","61","83","99","74","22"
"20221","11200650","성수1가1동","2080","1303","777","0","260","440","465","557","358","0","122","274","297","378","232","0","138","166","168","179","126"
"20221","11140650","신당5동","708","384","324","0","54","164","190","170","130","0","23","71","97","93","100","0","31","93","93","77","30"
"20221","11140580","장충동","5367","2826","2541","11","1232","1475","1389","1027","233","0","436","822","822","591","155","11","796","653","567","436","78"
"20221","11140680","중림동","3121","1743","1378","0","658","1005","817","428","213","0","299","546","454","286","158","0","359","459","363","142","55"
"20221","11215830","자양2동","2163","1352","811","0","298","491","566","566","242","0","202","317","337","310","186","0","96","174","229","256","56"
"20221","11215870","구의3동","9627","5870","3757","3","1129","2028","2328","2417","1722","0","646","1417","1580","1246","981","3","483","611","748","1171","741"
"20221","11230720","휘경1동","740","445","295","0","69","147","188","195","141","0","20","87","123","135","80","0","49","60","65","60","61"
"20221","11260660","망우3동","320","173","147","0","12","37","87","111","73","0","1","11","39","61","61","0","11","26","48","50","12"
"20221","11215760","중곡3동","841","556","285","0","79","206","247","201","108","0","44","154","149","131","78","0","35","52","98","70","30"
"20221","11260565","면목본동","1074","597","477","0","104","266","301","274","129","0","24","134","161","161","117","0","80","132","140","113","12"
"20221","11290575","동선동","1974","984","990","0","254","412","455","503","350","0","84","175","224","277","224","0","170","237","231","226","126"
"20221","11290590","돈암2동","723","438","285","1","111","174","231","128","78","0","51","104","154","94","35","1","60","70","77","34","43"
"20221","11290525","성북동","18657","14227","4430","0","2430","4586","5425","5405","811","0","1342","3207","4298","4812","568","0","1088","1379","1127","593","243"
"20221","11320670","쌍문2동","982","561","421","0","96","169","238","292","187","0","18","78","123","187","155","0","78","91","115","105","32"
"20221","11305575","삼각산동","354","193","161","0","60","96","117","56","25","0","24","54","64","28","23","0","36","42","53","28","2"
"20221","11305545","송중동","1276","634","642","0","98","201","389","351","237","0","31","78","171","171","183","0","67","123","218","180","54"
"20221","11290600","안암동","2171","1454","717","0","279","583","626","475","208","0","143","369","408","352","182","0","136","214","218","123","26"
"20221","11380632","신사2동","980","707","273","0","99","194","257","250","180","0","81","136","150","171","169","0","18","58","107","79","11"
"20221","11410615","연희동","8584","5655","2929","2","1367","2137","1846","2386","846","1","758","1427","1153","1713","603","1","609","710","693","673","243"
"20221","11350625","중계2?3동","1261","708","553","0","163","329","324","327","118","0","98","196","167","172","75","0","65","133","157","155","43"
"20221","11440720","성산1동","5214","3491","1723","0","648","1088","1199","1015","1264","0","320","679","768","714","1010","0","328","409","431","301","254"
"20221","11470600","신월5동","1638","918","720","0","185","426","425","421","181","0","83","213","220","252","150","0","102","213","205","169","31"
"20221","11470550","목5동","15139","9214","5925","48","2457","3914","3668","3172","1880","23","1133","2360","2317","2077","1304","25","1324","1554","1351","1095","576"
"20221","11410640","홍제3동","793","390","403","0","57","93","156","217","270","0","11","35","71","116","157","0","46","58","85","101","113"
"20221","11500520","등촌1동","5353","3223","2130","0","1066","1388","1187","966","746","0","392","879","821","633","498","0","674","509","366","333","248"
"20221","11530720","고척1동","2678","1906","772","0","231","543","708","817","379","0","120","365","495","614","312","0","111","178","213","203","67"
"20221","11545710","시흥5동","1501","913","588","0","190","359","401","325","226","0","101","244","243","167","158","0","89","115","158","158","68"
"20221","11545510","가산동","92197","60654","31543","295","18174","28659","22817","13508","8744","190","9640","19252","16462","8977","6133","105","8534","9407","6355","4531","2611"
"20221","11560605","문래동","56252","40893","15359","49","8684","18402","17353","8849","2915","15","4846","14013","14186","6001","1832","34","3838","4389","3167","2848","1083"
"20221","11560585","도림동","654","448","206","0","31","104","171","185","163","0","11","69","117","123","128","0","20","35","54","62","35"
"20221","11560650","신길3동","585","444","141","0","10","76","146","165","188","0","1","53","106","119","165","0","9","23","40","46","23"
"20221","11560690","신길7동","2622","1809","813","0","300","497","594","761","470","0","187","345","403","488","386","0","113","152","191","273","84"
"20221","11620695","신림동","1587","973","614","0","103","214","390","373","507","0","29","113","217","217","397","0","74","101","173","156","110"
"20221","11620575","행운동","2641","1483","1158","0","387","656","633","606","359","0","190","373","338","313","269","0","197","283","295","293","90"
"20243","11620715","난향동","325","158","167","0","35","73","93","72","52","0","5","33","39","37","44","0","30","40","54","35","8"
"20221","11650520","서초2동","59592","39584","20008","112","12487","19660","14921","9139","3273","28","6822","13281","10262","6848","2343","84","5665","6379","4659","2291","930"
"20221","11650531","서초4동","34065","19478","14587","113","6654","10434","8561","6034","2269","49","2530","5963","5553","3784","1599","64","4124","4471","3008","2250","670"
"20221","11680580","삼성1동","169509","114410","55099","382","34150","50842","45429","30095","8611","188","18352","33614","33509","23594","5153","194","15798","17228","11920","6501","3458"
"20221","11680545","압구정동","39740","22369","17371","179","8846","12438","9135","5956","3186","62","3275","6994","6148","3919","1971","117","5571","5444","2987","2037","1215"
"20221","11680590","삼성2동","57932","33308","24624","91","11684","18806","14726","8191","4434","35","4846","11067","9833","4604","2923","56","6838","7739","4893","3587","1511"
"20221","11710642","문정2동","36301","22822","13479","66","5198","11048","11125","6433","2431","29","2491","6237","7626","4925","1514","37","2707","4811","3499","1508","917"
"20221","11680565","청담동","54272","31088","23184","70","11304","17978","13491","8159","3270","19","4253","10268","8869","5396","2283","51","7051","7710","4622","2763","987"
"20221","11740530","명일1동","4140","2315","1825","0","610","1118","1050","743","619","0","280","679","691","380","285","0","330","439","359","363","334"
"20221","11740650","성내2동","2005","1289","716","0","326","417","457","408","397","0","230","268","269","266","256","0","96","149","188","142","141"
"20221","11740540","명일2동","2429","1666","763","0","289","691","654","514","281","0","148","491","476","329","222","0","141","200","178","185","59"
"20221","11710710","잠실6동","54446","29008","25438","107","8666","14450","15529","13884","1810","34","4010","8880","8963","5759","1362","73","4656","5570","6566","8125","448"
"20221","11110615","종로1?2?3?4가동","112601","62063","50538","1528","22838","34287","30861","17676","5411","646","9957","17210","18097","12464","3689","882","12881","17077","12764","5212","1722"
"20221","11140665","동화동","1157","519","638","0","182","280","308","245","142","0","48","94","149","134","94","0","134","186","159","111","48"
"20221","11110580","교남동","846","502","344","0","88","225","230","171","132","0","27","113","136","119","107","0","61","112","94","52","25"
"20221","11140605","을지로동","15737","8590","7147","8","3807","3827","3437","2749","1909","0","992","2113","2235","1908","1342","8","2815","1714","1202","841","567"
"20221","11200660","성수1가2동","5470","3787","1683","0","867","1121","1157","1192","1133","0","520","749","751","855","912","0","347","372","406","337","221"
"20221","11200550","사근동","350","254","96","0","9","58","123","114","46","0","1","36","88","88","41","0","8","22","35","26","5"
"20221","11200615","금호2?3가동","373","199","174","0","34","67","88","93","91","0","0","25","44","54","76","0","34","42","44","39","15"
"20221","11200520","왕십리2동","1350","817","533","0","164","348","402","302","134","0","82","187","246","190","112","0","82","161","156","112","22"
"20221","11200580","응봉동","696","290","406","0","166","187","151","119","73","0","40","66","69","62","53","0","126","121","82","57","20"
"20221","11215850","구의1동","3276","1971","1305","0","459","830","919","757","311","0","242","481","512","489","247","0","217","349","407","268","64"
"20221","11200540","마장동","6750","4827","1923","0","536","1190","1556","2250","1218","0","328","820","1144","1616","919","0","208","370","412","634","299"
"20221","11230650","장안1동","9744","6150","3594","0","1322","1918","2114","2156","2234","0","795","1234","1321","1299","1501","0","527","684","793","857","733"
"20221","11290580","돈암1동","151","71","80","0","44","46","31","21","9","0","11","23","17","12","8","0","33","23","14","9","1"
"20221","11290810","석관동","2355","1634","721","0","143","333","429","493","957","0","70","215","250","325","774","0","73","118","179","168","183"
"20221","11290610","보문동","3405","2585","820","0","322","1009","715","712","647","0","177","808","575","575","450","0","145","201","140","137","197"
"20221","11290725","월곡2동","2659","1686","973","0","428","756","653","468","354","0","214","496","396","279","301","0","214","260","257","189","53"
"20221","11305660","인수동","2841","1700","1141","0","235","558","751","860","437","0","70","312","466","517","335","0","165","246","285","343","102"
"20221","11305608","번3동","240","133","107","0","22","40","60","69","49","0","8","19","34","38","34","0","14","21","26","31","15"
"20221","11305555","송천동","720","376","344","0","16","92","149","214","249","0","1","37","64","131","143","0","15","55","85","83","106"
"20221","11320700","방학2동","719","318","401","0","36","150","183","151","199","0","6","75","81","75","81","0","30","75","102","76","118"
"20221","11320514","창4동","1768","1120","648","0","180","335","438","490","325","0","76","178","261","333","272","0","104","157","177","157","53"
"20221","11350570","월계2동","54","25","29","0","6","13","15","16","4","0","2","4","6","9","4","0","4","9","9","7","0"
"20221","11350600","공릉2동","1067","490","577","0","178","268","259","253","109","0","54","121","121","124","70","0","124","147","138","129","39"
"20221","11320522","도봉2동","820","528","292","0","30","96","145","210","339","0","10","48","80","139","251","0","20","48","65","71","88"
"20221","11380580","응암1동","2332","1301","1031","0","232","385","558","543","614","0","101","182","294","277","447","0","131","203","264","266","167"
"20221","11410660","홍은1동","3248","637","2611","0","106","239","889","1563","451","0","35","80","165","188","169","0","71","159","724","1375","282"
"20221","11380560","구산동","1741","926","815","0","206","325","390","555","265","0","78","142","186","342","178","0","128","183","204","213","87"
"20221","11440655","서강동","3033","1912","1121","0","522","743","728","600","440","0","255","442","483","400","332","0","267","301","245","200","108"
"20221","11440680","합정동","5202","2910","2292","0","863","1504","1368","946","521","0","329","742","855","620","364","0","534","762","513","326","157"
"20221","11440710","연남동","2729","1712","1017","0","433","651","681","590","374","0","194","349","409","414","346","0","239","302","272","176","28"
"20221","11440730","성산2동","2020","904","1116","0","177","385","541","632","285","0","58","190","244","246","166","0","119","195","297","386","119"
"20221","11470530","목3동","2011","1113","898","0","256","446","539","490","280","0","128","263","291","248","183","0","128","183","248","242","97"
"20221","11500605","가양3동","344","222","122","0","58","76","97","72","41","0","38","51","62","43","28","0","20","25","35","29","13"
"20221","11410655","홍제2동","415","207","208","0","58","88","106","97","66","0","18","55","53","48","33","0","40","33","53","49","33"
"20243","11650620","방배3동","10742","7029","3713","48","1697","3188","2906","1747","1156","14","863","1997","2084","1205","866","34","834","1191","822","542","290"
"20221","11530760","개봉3동","1488","914","574","0","187","375","385","327","214","0","92","235","235","187","165","0","95","140","150","140","49"
"20221","11530740","개봉1동","9334","5445","3889","0","781","2010","2250","2500","1793","0","404","1118","1146","1421","1356","0","377","892","1104","1079","437"
"20221","11530750","개봉2동","8545","4233","4312","5","1516","2075","2043","2036","870","1","862","1325","907","684","454","4","654","750","1136","1352","416"
"20221","11500593","화곡8동","1794","986","808","0","253","483","516","321","221","0","115","259","258","200","154","0","138","224","258","121","67"
"20221","11560535","영등포동","13253","7410","5843","1","2438","3300","3144","2628","1742","0","899","1840","1953","1549","1169","1","1539","1460","1191","1079","573"
"20221","11470640","신정3동","2165","1557","608","0","167","415","545","464","574","0","78","255","371","329","524","0","89","160","174","135","50"
"20221","11530595","가리봉동","853","389","464","0","43","143","205","190","272","0","12","67","87","72","151","0","31","76","118","118","121"
"20221","11590660","대방동","8638","5761","2877","0","1441","2353","2021","1939","884","0","771","1613","1413","1400","564","0","670","740","608","539","320"
"20221","11620565","성현동","1766","668","1098","3","252","310","408","536","257","3","115","163","186","145","56","0","137","147","222","391","201"
"20221","11620525","보라매동","2630","1358","1272","1","328","605","631","671","394","0","128","307","324","320","279","1","200","298","307","351","115"
"20221","11650610","방배2동","16039","7805","8234","2","2707","4122","4433","3081","1694","0","931","1849","2047","1827","1151","2","1776","2273","2386","1254","543"
"20221","11650621","방배4동","15039","9307","5732","1","2600","4166","3753","2874","1645","0","1099","2456","2547","2017","1188","1","1501","1710","1206","857","457"
"20221","11620605","은천동","1006","477","529","0","135","188","211","279","193","0","44","87","107","125","114","0","91","101","104","154","79"
"20221","11680610","대치2동","91102","50967","40135","516","16551","25079","21006","17182","10768","223","7622","15359","13502","8870","5391","293","8929","9720","7504","8312","5377"
"20221","11680690","개포4동","7461","5406","2055","0","903","1691","2116","1785","966","0","450","1140","1609","1397","810","0","453","551","507","388","156"
"20221","11620545","청림동","304","173","131","0","46","101","99","46","12","0","20","56","59","30","8","0","26","45","40","16","4"
"20221","11680700","세곡동","360","209","151","0","17","65","76","109","93","0","6","33","44","65","61","0","11","32","32","44","32"
"20221","11680650","역삼2동","48339","28663","19676","154","11137","13438","11497","8552","3561","54","5372","8608","7650","4471","2508","100","5765","4830","3847","4081","1053"
"20221","11710631","가락1동","5833","4080","1753","0","398","1085","1605","1672","1073","0","267","831","1182","1097","703","0","131","254","423","575","370"
"20221","11710540","마천1동","666","327","339","0","46","151","215","201","53","0","9","71","102","99","46","0","37","80","113","102","7"
"20221","11710650","잠실본동","11115","7148","3967","6","1499","2123","2609","2478","2400","0","665","1297","1638","1716","1832","6","834","826","971","762","568"
"20221","11740620","천호3동","1309","752","557","0","58","135","221","231","664","0","18","62","110","118","444","0","40","73","111","113","220"
"20221","11740700","둔촌2동","2597","1165","1432","0","487","684","571","541","314","0","132","286","285","255","207","0","355","398","286","286","107"
"20221","11110570","무악동","519","135","384","0","146","149","134","66","24","0","30","30","42","20","13","0","116","119","92","46","11"
"20221","11110700","숭인1동","258","114","144","0","47","58","58","59","36","0","2","24","29","32","27","0","45","34","29","27","9"
"20221","11140570","필동","13649","6423","7226","2","1970","3470","4208","2984","1015","0","666","1721","1981","1401","654","2","1304","1749","2227","1583","361"
"20221","11140645","청구동","3499","1911","1588","0","513","932","821","751","482","0","172","480","517","462","280","0","341","452","304","289","202"
"20221","11200690","성수2가3동","22812","14637","8175","40","3750","5812","5711","4572","2927","40","2083","3889","3844","2757","2024","0","1667","1923","1867","1815","903"
"20221","11200560","행당1동","1507","1031","476","0","184","316","391","432","184","0","92","197","272","332","138","0","92","119","119","100","46"
"20221","11230600","답십리1동","2154","1028","1126","0","313","440","606","580","215","0","212","297","217","153","149","0","101","143","389","427","66"
"20221","11200620","금호4가동","716","433","283","0","76","166","207","175","92","0","27","85","136","112","73","0","49","81","71","63","19"
"20221","11230705","청량리동","2521","1355","1166","0","438","753","486","469","375","0","155","435","274","271","220","0","283","318","212","198","155"
"20221","11260590","상봉2동","4445","3111","1334","0","532","1156","1480","1019","258","0","309","819","998","752","233","0","223","337","482","267","25"
"20221","11290555","삼선동","4526","2265","2261","0","463","1094","1379","1142","448","0","154","471","664","715","261","0","309","623","715","427","187"
"20221","11290715","월곡1동","1542","964","578","0","81","183","316","334","628","0","21","88","168","225","462","0","60","95","148","109","166"
"20221","11350695","상계6?7동","4587","2025","2562","0","640","1082","1188","1170","507","0","165","410","533","634","283","0","475","672","655","536","224"
"20221","11350665","상계3?4동","716","521","195","0","23","48","187","288","170","0","5","24","120","221","151","0","18","24","67","67","19"
"20221","11380552","갈현2동","3042","1564","1478","0","284","605","824","825","504","0","133","338","388","361","344","0","151","267","436","464","160"
"20221","11380631","신사1동","1335","711","624","0","131","282","307","334","281","0","47","140","167","160","197","0","84","142","140","174","84"
"20221","11320521","도봉1동","1591","1095","496","0","29","150","386","605","421","0","0","80","228","440","347","0","29","70","158","165","74"
"20221","11380625","역촌동","3286","1578","1708","0","535","676","859","762","454","0","182","301","399","370","326","0","353","375","460","392","128"
"20221","11380690","진관동","579","305","274","0","53","144","160","141","81","0","25","91","91","57","41","0","28","53","69","84","40"
"20221","11410685","홍은2동","1246","806","440","0","201","345","307","267","126","0","112","226","199","175","94","0","89","119","108","92","32"
"20221","11410690","남가좌1동","1684","1016","668","2","123","214","294","420","631","2","83","145","187","223","376","0","40","69","107","197","255"
"20221","11350621","중계1동","1095","604","491","0","143","241","329","274","108","0","61","132","174","151","86","0","82","109","155","123","22"
"20221","11440700","망원2동","4460","2671","1789","0","564","828","960","1358","750","0","313","614","676","631","437","0","251","214","284","727","313"
"20221","11470520","목2동","3478","1955","1523","0","480","855","933","800","410","0","225","469","520","464","277","0","255","386","413","336","133"
"20221","11470510","목1동","15358","9986","5372","16","2655","4194","3845","3134","1514","11","1239","2760","2734","2254","988","5","1416","1434","1111","880","526"
"20221","11500611","발산1동","4028","2354","1674","0","228","574","1087","1341","798","0","94","288","522","786","664","0","134","286","565","555","134"
"20221","11500590","화곡본동","2614","1517","1097","0","249","508","652","651","554","0","85","297","376","345","414","0","164","211","276","306","140"
"20221","11530790","수궁동","1801","1237","564","0","169","345","421","520","346","0","106","223","266","357","285","0","63","122","155","163","61"
"20221","11560550","당산1동","6841","4115","2726","0","1171","1938","1530","1252","950","0","468","1086","961","876","724","0","703","852","569","376","226"
"20221","11545690","시흥3동","1638","972","666","0","118","240","376","430","474","0","63","155","219","235","300","0","55","85","157","195","174"
"20221","11545640","독산4동","1411","816","595","0","162","242","298","333","376","0","105","146","182","161","222","0","57","96","116","172","154"
"20221","11560700","대림1동","1513","564","949","0","507","351","324","242","89","0","93","120","160","122","69","0","414","231","164","120","20"
"20221","11590620","사당1동","3631","1926","1705","0","597","912","992","662","468","0","179","445","498","405","399","0","418","467","494","257","69"
"20221","11560670","신길5동","974","470","504","0","74","213","336","250","101","0","34","96","122","126","92","0","40","117","214","124","9"
"20221","11560680","신길6동","1838","1151","687","0","187","445","486","396","324","0","93","273","290","250","245","0","94","172","196","146","79"
"20221","11560620","양평2동","12638","7239","5399","4","2309","3448","3483","2185","1209","0","1010","2076","1978","1284","891","4","1299","1372","1505","901","318"
"20221","11620630","남현동","3481","2312","1169","0","579","875","949","683","395","0","316","595","672","448","281","0","263","280","277","235","114"
"20221","11620615","중앙동","1189","552","637","0","126","210","278","339","236","0","49","102","130","159","112","0","77","108","148","180","124"
"20221","11650530","서초3동","60960","36224","24736","79","10474","18312","15643","11115","5337","25","4429","10668","10012","7263","3827","54","6045","7644","5631","3852","1510"
"20221","11650560","반포1동","8126","5018","3108","0","1488","2713","2045","1236","644","0","704","1775","1363","690","486","0","784","938","682","546","158"
"20221","11650580","반포3동","2930","1635","1295","3","464","748","648","586","481","0","197","441","429","340","228","3","267","307","219","246","253"
"20221","11680730","일원1동","1871","1020","851","0","242","353","427","411","438","0","102","189","219","213","297","0","140","164","208","198","141"
"20221","11680600","대치1동","18253","9723","8530","24","3341","5959","4549","2842","1538","8","1255","2956","2574","1816","1114","16","2086","3003","1975","1026","424"
"20221","11680660","개포1동","466","287","179","2","73","123","122","96","50","1","33","68","84","65","36","1","40","55","38","31","14"
"20221","11740610","천호2동","3076","1590","1486","0","342","661","781","737","555","0","130","304","386","368","402","0","212","357","395","369","153"
"20221","11710670","잠실2동","3901","2603","1298","4","748","1135","1024","778","212","4","470","797","696","513","123","0","278","338","328","265","89"
"20222","11170560","원효로1동","2023","1386","637","0","310","559","530","372","252","0","181","406","372","254","173","0","129","153","158","118","79"
"20222","11110670","창신1동","1867","797","1070","0","100","321","609","493","344","0","30","97","198","224","248","0","70","224","411","269","96"
"20222","11110540","삼청동","3999","3283","716","0","482","1069","1251","952","245","0","310","823","1073","855","222","0","172","246","178","97","23"
"20222","11140540","회현동","77872","48127","29745","192","14598","27478","21314","11322","2968","51","6817","16400","13882","8906","2071","141","7781","11078","7432","2416","897"
"20222","11200670","성수2가1동","8111","5172","2939","40","1871","2353","1877","1317","653","22","839","1526","1290","940","555","18","1032","827","587","377","98"
"20222","11140635","약수동","10507","4063","6444","24","1693","3926","2910","1439","515","0","519","1381","966","826","371","24","1174","2545","1944","613","144"
"20222","11140520","소공동","93326","49557","43769","492","27002","29460","20528","12349","3495","132","8777","14658","14642","9018","2330","360","18225","14802","5886","3331","1165"
"20222","11215847","자양4동","677","503","174","0","14","84","175","196","208","0","5","53","113","138","194","0","9","31","62","58","14"
"20222","11230536","용신동","19675","10187","9488","0","2385","4375","4870","4853","3192","0","1128","2514","2567","2221","1757","0","1257","1861","2303","2632","1435"
"20222","11230660","장안2동","5138","2766","2372","0","1600","996","1044","965","533","0","827","577","483","469","410","0","773","419","561","496","123"
"20222","11230730","휘경2동","1142","588","554","0","150","254","299","276","163","0","39","120","159","146","124","0","111","134","140","130","39"
"20222","11260620","묵1동","977","460","517","0","97","232","289","239","120","0","29","110","124","110","87","0","68","122","165","129","33"
"20222","11260630","묵2동","1381","961","420","0","196","345","332","390","118","0","117","237","218","290","99","0","79","108","114","100","19"
"20222","11260580","상봉1동","1976","1410","566","1","221","337","408","540","469","1","150","212","234","381","432","0","71","125","174","159","37"
"20222","11290660","길음1동","4493","2197","2296","294","1579","1107","754","486","273","123","682","583","373","223","213","171","897","524","381","263","60"
"20222","11260610","중화2동","731","450","281","0","51","85","218","175","202","0","25","40","109","109","167","0","26","45","109","66","35"
"20222","11290705","종암동","15332","8090","7242","1","1306","3888","5438","4380","319","0","563","1426","2486","3420","195","1","743","2462","2952","960","124"
"20222","11290650","정릉4동","966","603","363","0","66","138","240","322","200","0","15","69","156","220","143","0","51","69","84","102","57"
"20222","11305635","수유3동","2985","1527","1458","0","268","739","799","815","364","0","88","310","370","507","252","0","180","429","429","308","112"
"20222","11350611","하계1동","609","385","224","0","71","126","151","177","84","0","33","72","91","124","65","0","38","54","60","53","19"
"20222","11350619","중계본동","831","400","431","0","93","167","206","247","118","0","44","85","88","111","72","0","49","82","118","136","46"
"20222","11380530","불광2동","4506","2155","2351","0","184","596","734","983","2009","0","49","307","289","392","1118","0","135","289","445","591","891"
"20222","11320710","방학3동","1084","649","435","0","187","246","255","252","144","0","118","140","161","121","109","0","69","106","94","131","35"
"20222","11440600","대흥동","3465","1712","1753","1","1417","792","498","479","278","0","549","412","272","286","193","1","868","380","226","193","85"
"20222","11350624","중계4동","1445","794","651","0","134","296","338","386","291","0","47","141","178","206","222","0","87","155","160","180","69"
"20222","11350580","월계3동","437","219","218","0","47","75","117","128","70","0","18","39","54","66","42","0","29","36","63","62","28"
"20222","11380510","녹번동","2163","1152","1011","0","243","504","592","580","244","0","116","241","284","347","164","0","127","263","308","233","80"
"20222","11440590","용강동","12882","7654","5228","0","1888","3179","3052","2552","2211","0","916","1886","2020","1484","1348","0","972","1293","1032","1068","863"
"20222","11470570","신월2동","1863","1075","788","0","138","298","515","519","393","0","78","179","265","272","281","0","60","119","250","247","112"
"20222","11470540","목4동","2018","1254","764","0","228","452","601","515","222","0","90","278","359","336","191","0","138","174","242","179","31"
"20222","11500570","화곡4동","2146","941","1205","0","512","593","443","397","201","0","109","252","212","213","155","0","403","341","231","184","46"
"20222","11530730","고척2동","1686","1075","611","0","162","381","447","474","222","0","108","244","267","273","183","0","54","137","180","201","39"
"20222","11500510","염창동","3311","1536","1775","1","517","975","987","557","274","1","187","425","397","308","218","0","330","550","590","249","56"
"20222","11530550","구로4동","1750","997","753","0","154","357","449","447","343","0","63","204","239","239","252","0","91","153","210","208","91"
"20222","11545670","시흥1동","4584","2467","2117","0","641","1107","1093","1159","584","0","295","550","550","659","413","0","346","557","543","500","171"
"20222","11530510","신도림동","9297","6118","3179","6","1519","2887","2275","1688","922","3","633","1970","1644","1168","700","3","886","917","631","520","222"
"20222","11545700","시흥4동","1307","794","513","0","203","276","389","326","113","0","126","196","234","149","89","0","77","80","155","177","24"
"20222","11545610","독산1동","11210","7201","4009","5","856","1524","1880","2470","4475","5","507","1022","1203","1522","2942","0","349","502","677","948","1533"
"20222","11545620","독산2동","1576","904","672","0","173","325","376","482","220","0","95","148","188","292","181","0","78","177","188","190","39"
"20222","11560720","대림3동","5117","3332","1785","0","505","1076","1325","1233","978","0","260","759","953","778","582","0","245","317","372","455","396"
"20222","11590670","신대방1동","3759","2390","1369","0","721","1207","883","602","346","0","367","781","612","394","236","0","354","426","271","208","110"
"20222","11620585","낙성대동","5270","2903","2367","0","849","1817","1134","809","661","0","384","952","591","465","511","0","465","865","543","344","150"
"20222","11620745","삼성동","910","510","400","0","87","179","256","251","137","0","38","89","132","133","118","0","49","90","124","118","19"
"20222","11620725","조원동","2890","1810","1080","0","552","709","707","620","302","0","254","463","453","419","221","0","298","246","254","201","81"
"20222","11620625","인헌동","1498","869","629","0","310","445","389","226","128","0","141","276","233","116","103","0","169","169","156","110","25"
"20222","11650651","양재1동","25679","16609","9070","299","6028","7122","5820","3831","2579","143","3056","4788","4114","2560","1948","156","2972","2334","1706","1271","631"
"20222","11650540","잠원동","11715","6789","4926","14","2442","3464","2893","1806","1096","8","962","2028","1920","1132","739","6","1480","1436","973","674","357"
"20222","11680510","신사동","26570","15843","10727","10","5533","8047","6772","4051","2157","0","2147","4915","4531","2650","1600","10","3386","3132","2241","1401","557"
"20222","11680670","개포2동","9957","6532","3425","12","1746","2838","2389","1848","1124","2","932","1900","1647","1180","871","10","814","938","742","668","253"
"20222","11710531","거여1동","3417","2556","861","0","862","977","828","454","296","0","602","780","639","311","224","0","260","197","189","143","72"
"20222","11710610","삼전동","3736","2535","1201","0","437","854","846","754","845","0","252","562","556","464","701","0","185","292","290","290","144"
"20222","11710532","거여2동","1508","782","726","0","189","247","373","456","243","0","104","147","190","207","134","0","85","100","183","249","109"
"20222","11710580","송파1동","15471","9710","5761","0","2191","3473","3853","3380","2574","0","939","2059","2519","2282","1911","0","1252","1414","1334","1098","663"
"20222","11740580","암사2동","2007","731","1276","0","198","334","477","601","397","0","69","156","192","174","140","0","129","178","285","427","257"
"20222","11740570","암사1동","2678","1639","1039","0","343","577","567","537","654","0","166","376","357","364","376","0","177","201","210","173","278"
"20222","11740640","성내1동","10609","7203","3406","1","1262","2227","2282","2734","2103","0","726","1390","1496","1976","1615","1","536","837","786","758","488"
"20222","11710680","잠실3동","29138","19755","9383","134","5319","7304","7256","5526","3599","61","2773","5053","5370","3958","2540","73","2546","2251","1886","1568","1059"
"20222","11110690","창신3동","129","60","69","0","13","37","34","38","7","0","5","15","15","19","6","0","8","22","19","19","1"
"20222","11110515","청운효자동","6024","3890","2134","11","1105","1745","1679","1077","407","0","482","1090","1250","777","291","11","623","655","429","300","116"
"20222","11170530","남영동","17331","7295","10036","138","6595","4274","3302","2216","806","8","1240","2293","1960","1189","605","130","5355","1981","1342","1027","201"
"20222","11170660","이태원2동","976","553","423","0","153","340","268","145","70","0","70","187","143","83","70","0","83","153","125","62","0"
"20222","11170640","이촌2동","2211","1497","714","0","318","605","653","482","153","0","145","380","490","370","112","0","173","225","163","112","41"
"20222","11260575","면목3?8동","1762","1134","628","0","138","316","470","491","347","0","38","163","281","370","282","0","100","153","189","121","65"
"20222","11260655","망우본동","1514","797","717","0","144","279","350","476","265","0","34","104","163","262","234","0","110","175","187","214","31"
"20222","11305534","삼양동","288","182","106","0","28","49","70","77","64","0","7","23","37","54","61","0","21","26","33","23","3"
"20222","11305645","우이동","1954","1236","718","0","61","124","265","485","1019","0","5","58","146","345","682","0","56","66","119","140","337"
"20222","11290620","정릉1동","631","346","285","0","73","113","138","178","129","0","13","39","69","111","114","0","60","74","69","67","15"
"20222","11320660","쌍문1동","753","359","394","0","76","122","211","220","124","0","8","41","82","114","114","0","68","81","129","106","10"
"20222","11320681","쌍문4동","314","162","152","0","31","77","88","82","36","0","8","36","44","44","30","0","23","41","44","38","6"
"20222","11440610","염리동","2041","1359","682","17","385","463","414","453","309","7","194","315","313","315","215","10","191","148","101","138","94"
"20222","11350595","공릉1동","7314","3944","3370","0","771","1132","1606","2020","1785","0","346","617","798","1052","1131","0","425","515","808","968","654"
"20222","11350640","상계2동","1909","931","978","0","230","322","493","504","360","0","71","188","231","238","203","0","159","134","262","266","157"
"20222","11380520","불광1동","2024","874","1150","0","281","487","549","470","237","0","98","211","239","206","120","0","183","276","310","264","117"
"20222","11470560","신월1동","2065","1362","703","0","171","336","487","696","375","0","93","209","298","471","291","0","78","127","189","225","84"
"20222","11470610","신월6동","665","395","270","0","67","123","154","181","140","0","25","65","85","103","117","0","42","58","69","78","23"
"20222","11470680","신정7동","229","136","93","0","26","56","70","52","25","0","12","31","43","32","18","0","14","25","27","20","7"
"20222","11500535","등촌3동","11934","6321","5613","10","1490","2538","2667","2950","2279","5","656","1385","1560","1435","1280","5","834","1153","1107","1515","999"
"20222","11500640","방화2동","2178","1461","717","1","204","414","498","596","465","1","119","256","329","385","371","0","85","158","169","211","94"
"20222","11500615","우장산동","3743","2072","1671","0","817","846","798","789","493","0","305","492","477","474","324","0","512","354","321","315","169"
"20222","11530540","구로3동","60830","39887","20943","213","12649","20498","15414","7563","4493","143","6394","13598","10865","5281","3606","70","6255","6900","4549","2282","887"
"20222","11470620","신정1동","8070","4711","3359","32","1429","2022","2026","1719","842","32","594","1258","1214","998","615","0","835","764","812","721","227"
"20222","11470630","신정2동","13393","7695","5698","14","2422","4365","3588","2362","642","2","980","2399","2224","1575","515","12","1442","1966","1364","787","127"
"20222","11530780","오류2동","627","393","234","0","58","144","167","160","98","0","26","83","99","103","82","0","32","61","68","57","16"
"20222","11530770","오류1동","3696","2364","1332","0","475","682","912","1084","543","0","343","466","549","626","380","0","132","216","363","458","163"
"20222","11590560","상도4동","1213","728","485","0","152","289","310","301","161","0","75","167","185","217","84","0","77","122","125","84","77"
"20222","11590510","노량진1동","3339","1859","1480","0","438","797","839","799","466","0","183","454","507","431","284","0","255","343","332","368","182"
"20222","11620645","서원동","2096","855","1241","0","400","452","383","471","390","0","94","178","193","171","219","0","306","274","190","300","171"
"20222","11590680","신대방2동","13749","8759","4990","23","2512","2859","2578","3224","2553","12","1903","2198","1645","1642","1359","11","609","661","933","1582","1194"
"20222","11590605","흑석동","110","68","42","0","10","26","35","26","13","0","5","15","22","14","12","0","5","11","13","12","1"
"20222","11650660","내곡동","1187","773","414","0","177","243","250","257","260","0","124","178","172","148","151","0","53","65","78","109","109"
"20222","11650590","방배본동","24123","13354","10769","69","4526","6227","6422","4314","2565","59","1537","3253","3738","2802","1965","10","2989","2974","2684","1512","600"
"20222","11590640","사당3동","920","541","379","0","106","207","247","219","141","0","39","113","153","130","106","0","67","94","94","89","35"
"20222","11590651","사당5동","1687","921","766","0","200","422","520","410","135","0","89","194","271","238","129","0","111","228","249","172","6"
"20222","11590530","상도1동","3332","1942","1390","0","509","832","819","742","430","0","218","465","501","462","296","0","291","367","318","280","134"
"20222","11650510","서초1동","43719","24480","19239","23","9186","11347","9650","10688","2825","6","3291","6109","5602","7411","2061","17","5895","5238","4048","3277","764"
"20222","11680655","도곡1동","29691","21044","8647","50","5072","6918","8284","7519","1848","45","2572","4533","6229","6161","1504","5","2500","2385","2055","1358","344"
"20222","11680521","논현1동","40861","23907","16954","39","10700","12307","8710","5662","3443","5","4557","7311","5875","3655","2504","34","6143","4996","2835","2007","939"
"20222","11650550","반포본동","11741","6398","5343","18","1941","3874","3358","2009","541","11","710","2115","1883","1258","421","7","1231","1759","1475","751","120"
"20222","11710620","가락본동","28995","17557","11438","15","3936","6989","6650","5680","5725","5","1888","4368","4461","3299","3536","10","2048","2621","2189","2381","2189"
"20222","11710561","방이1동","8235","6032","2203","0","851","1616","2160","2202","1406","0","406","1031","1613","1766","1216","0","445","585","547","436","190"
"20222","11710646","장지동","5321","3640","1681","0","568","847","1266","1406","1234","0","320","569","848","988","915","0","248","278","418","418","319"
"20222","11710510","풍납1동","719","412","307","0","83","162","195","197","82","0","44","90","105","105","68","0","39","72","90","92","14"
"20222","11740550","고덕1동","799","416","383","0","91","177","206","189","136","0","40","101","102","87","86","0","51","76","104","102","50"
"20222","11740660","성내3동","4116","2497","1619","0","564","934","1042","864","712","0","297","599","633","493","475","0","267","335","409","371","237"
"20222","11710566","오륜동","17367","10066","7301","26","2818","5250","4508","3474","1291","8","1134","2733","2899","2302","990","18","1684","2517","1609","1172","301"
"20222","11140590","광희동","58515","29158","29357","524","16826","15439","12037","9255","4434","216","8180","8986","6965","3139","1672","308","8646","6453","5072","6116","2762"
"20222","11140625","다산동","6650","4221","2429","0","1171","2147","1616","1161","555","0","479","1478","1141","714","409","0","692","669","475","447","146"
"20222","11110600","가회동","13017","9707","3310","2","1389","4496","3916","2440","774","2","716","3308","3068","2014","599","0","673","1188","848","426","175"
"20222","11110640","이화동","1918","1059","859","0","287","484","495","407","245","0","88","218","291","272","190","0","199","266","204","135","55"
"20222","11170570","원효로2동","3070","2231","839","2","480","939","863","495","291","1","276","674","668","372","240","1","204","265","195","123","51"
"20222","11170510","후암동","2018","1192","826","0","298","452","571","475","222","0","100","271","373","279","169","0","198","181","198","196","53"
"20222","11170630","이촌1동","5718","3664","2054","18","925","1542","1605","1168","460","14","458","949","1133","788","322","4","467","593","472","380","138"
"20222","11230610","답십리2동","2968","2199","769","0","473","681","701","609","504","0","362","530","516","424","367","0","111","151","185","185","137"
"20222","11215780","능동","1400","868","532","0","201","324","366","285","224","0","98","191","233","171","175","0","103","133","133","114","49"
"20222","11230740","이문1동","937","419","518","0","175","251","254","182","75","0","28","97","127","110","57","0","147","154","127","72","18"
"20222","11230750","이문2동","294","156","138","0","34","64","66","78","52","0","11","30","31","43","41","0","23","34","35","35","11"
"20222","11260520","면목2동","1036","593","443","0","56","169","236","336","239","0","2","77","122","199","193","0","54","92","114","137","46"
"20222","11215750","중곡2동","2299","1342","957","0","293","465","604","553","384","0","194","271","324","293","260","0","99","194","280","260","124"
"20222","11215710","화양동","1130","765","365","0","134","167","289","361","179","0","51","93","202","258","161","0","83","74","87","103","18"
"20222","11260680","신내1동","1561","743","818","0","277","341","279","417","247","0","72","140","133","206","192","0","205","201","146","211","55"
"20222","11320511","창1동","1149","523","626","0","157","232","310","317","133","0","58","91","139","149","86","0","99","141","171","168","47"
"20222","11350560","월계1동","1739","950","789","0","268","424","467","332","248","0","120","262","235","168","165","0","148","162","232","164","83"
"20222","11410720","북가좌2동","1369","700","669","0","194","275","312","350","238","0","45","140","176","191","148","0","149","135","136","159","90"
"20222","11410565","충현동","11615","7222","4393","2","1448","2959","3070","2760","1376","2","684","1796","1952","1813","975","0","764","1163","1118","947","401"
"20222","11440555","아현동","5614","3089","2525","3","1068","1810","1591","954","188","0","465","1012","895","580","137","3","603","798","696","374","51"
"20222","11470580","신월3동","1027","610","417","0","89","187","235","324","192","0","28","78","126","210","168","0","61","109","109","114","24"
"20222","11470611","신월7동","2510","1637","873","0","271","418","510","596","715","0","199","315","336","360","427","0","72","103","174","236","288"
"20222","11470650","신정4동","5292","2926","2366","0","888","938","1019","1120","1327","0","254","456","519","610","1087","0","634","482","500","510","240"
"20222","11500560","화곡3동","3512","2167","1345","0","483","848","900","812","469","0","261","563","544","457","342","0","222","285","356","355","127"
"20222","11530560","구로5동","11842","7494","4348","12","1664","2787","3081","2631","1667","11","940","1925","2042","1562","1014","1","724","862","1039","1069","653"
"20222","11530530","구로2동","11788","7296","4492","12","1415","2737","2953","2981","1690","6","661","1620","1777","1965","1267","6","754","1117","1176","1016","423"
"20222","11560630","신길1동","2758","1203","1555","0","485","667","617","545","444","0","140","321","290","227","225","0","345","346","327","318","219"
"20222","11560710","대림2동","3597","1831","1766","0","666","862","805","549","715","0","257","458","347","308","461","0","409","404","458","241","254"
"20222","11560560","당산2동","11914","8003","3911","4","1859","2687","2897","2642","1825","2","948","1678","2026","1940","1409","2","911","1009","871","702","416"
"20222","11560660","신길4동","1041","519","522","0","173","247","269","244","108","0","61","115","130","132","81","0","112","132","139","112","27"
"20222","11560540","여의동","193775","137506","56269","459","35625","69449","49825","29711","8706","171","19666","49643","38480","23649","5897","288","15959","19806","11345","6062","2809"
"20222","11560515","영등포본동","3990","2286","1704","2","550","1004","1036","979","419","1","229","507","602","620","327","1","321","497","434","359","92"
"20222","11590540","상도2동","1151","588","563","0","126","278","310","290","147","0","54","146","163","145","80","0","72","132","147","145","67"
"20222","11650620","방배3동","15415","10109","5306","72","2413","4593","4181","2509","1647","23","1229","2881","3008","1732","1236","49","1184","1712","1173","777","411"
"20222","11590550","상도3동","1093","639","454","0","61","215","303","269","245","0","38","154","183","134","130","0","23","61","120","135","115"
"20222","11620775","난곡동","1030","581","449","0","78","219","257","330","146","0","24","112","127","194","124","0","54","107","130","136","22"
"20222","11620765","미성동","2922","1751","1171","0","255","507","706","783","671","0","169","304","398","409","471","0","86","203","308","374","200"
"20222","11680531","논현2동","50355","32162","18193","35","9660","14596","12150","8182","5732","0","4197","8723","8632","6205","4405","35","5463","5873","3518","1977","1327"
"20222","11710570","오금동","23886","16727","7159","0","3151","5689","6045","5775","3226","0","1851","3844","4464","4377","2191","0","1300","1845","1581","1398","1035"
"20222","11710590","송파2동","6409","4050","2359","19","1010","1590","1681","1531","578","18","488","1010","1211","960","363","1","522","580","470","571","215"
"20222","11740560","고덕2동","1034","659","375","0","56","132","224","364","258","0","9","59","129","252","210","0","47","73","95","112","48"
"20222","11110650","혜화동","5022","2454","2568","0","812","1386","1228","994","602","0","277","676","655","512","334","0","535","710","573","482","268"
"20222","11110550","부암동","1636","918","718","0","272","478","444","313","129","0","112","265","257","192","92","0","160","213","187","121","37"
"20222","11110530","사직동","44521","27874","16647","20","5884","12594","13421","8829","3773","1","2462","7742","9182","6164","2323","19","3422","4852","4239","2665","1450"
"20222","11110710","숭인2동","1586","814","772","0","231","279","378","384","314","0","67","134","212","231","170","0","164","145","166","153","144"
"20222","11140615","신당동","5055","2739","2316","13","1485","1078","955","912","612","2","655","565","493","600","424","11","830","513","462","312","188"
"20222","11140670","황학동","768","540","228","0","112","224","208","146","78","0","74","146","134","108","78","0","38","78","74","38","0"
"20222","11170690","서빙고동","7751","5088","2663","4","1381","2313","2395","1225","433","1","664","1353","1750","980","340","3","717","960","645","245","93"
"20222","11200645","옥수동","3459","1340","2119","0","886","1027","786","519","241","0","224","381","367","243","125","0","662","646","419","276","116"
"20222","11200535","왕십리도선동","3200","1469","1731","0","532","618","668","788","594","0","181","343","362","332","251","0","351","275","306","456","343"
"20222","11215820","자양1동","9561","7566","1995","0","648","1345","2600","3908","1060","0","287","871","2091","3400","917","0","361","474","509","508","143"
"20222","11215840","자양3동","2198","1609","589","0","256","574","623","559","186","0","159","410","465","419","156","0","97","164","158","140","30"
"20222","11230545","제기동","5383","3256","2127","0","653","1364","1349","1149","868","0","251","813","874","684","634","0","402","551","475","465","234"
"20222","11260550","면목5동","1081","783","298","0","79","171","306","284","241","0","64","144","150","192","233","0","15","27","156","92","8"
"20222","11230570","전농2동","920","484","436","0","104","196","245","246","129","0","42","93","132","129","88","0","62","103","113","117","41"
"20222","11260570","면목7동","717","412","305","0","68","127","186","213","123","0","12","57","102","129","112","0","56","70","84","84","11"
"20222","11260600","중화1동","1214","645","569","0","121","266","320","298","209","0","40","106","153","167","179","0","81","160","167","131","30"
"20222","11305535","미아동","1307","751","556","0","107","230","398","386","186","0","39","112","225","241","134","0","68","118","173","145","52"
"20222","11305615","수유1동","1076","479","597","0","84","186","288","339","179","0","12","70","117","145","135","0","72","116","171","194","44"
"20222","11320690","방학1동","3254","1891","1363","0","325","720","802","977","430","0","176","418","417","554","326","0","149","302","385","423","104"
"20222","11290780","장위3동","421","261","160","0","54","80","93","112","82","0","13","43","52","71","82","0","41","37","41","41","0"
"20222","11290760","장위1동","511","274","237","0","91","107","122","111","80","0","42","61","61","55","55","0","49","46","61","56","25"
"20222","11290640","정릉3동","350","264","86","0","51","106","87","68","38","0","33","79","69","56","27","0","18","27","18","12","11"
"20222","11320512","창2동","1105","631","474","0","122","255","309","264","155","0","52","154","170","133","122","0","70","101","139","131","33"
"20222","11320515","창5동","5148","3263","1885","0","580","1155","1265","1099","1049","0","299","797","855","605","707","0","281","358","410","494","342"
"20222","11350700","상계8동","761","399","362","0","106","222","187","171","75","0","37","141","78","93","50","0","69","81","109","78","25"
"20222","11350670","상계5동","1030","520","510","0","23","81","183","275","468","0","5","48","78","126","263","0","18","33","105","149","205"
"20222","11350710","상계9동","1445","913","532","0","183","363","363","408","128","0","101","230","213","270","99","0","82","133","150","138","29"
"20222","11410585","신촌동","1807","952","855","0","282","496","461","392","176","0","102","212","235","261","142","0","180","284","226","131","34"
"20222","11410555","북아현동","1212","906","306","0","111","288","338","348","127","0","42","222","269","273","100","0","69","66","69","75","27"
"20222","11440585","도화동","12595","7658","4937","2","2324","3073","3171","2815","1210","1","1214","2111","2086","1468","778","1","1110","962","1085","1347","432"
"20222","11380570","대조동","2133","1063","1070","0","234","467","583","506","343","0","80","228","280","226","249","0","154","239","303","280","94"
"20222","11380650","수색동","259","166","93","0","33","70","63","51","42","0","16","45","39","33","33","0","17","25","24","18","9"
"20222","11440660","서교동","26146","13366","12780","1","5476","7412","6084","4290","2883","1","2239","3706","3345","2268","1807","0","3237","3706","2739","2022","1076"
"20222","11440630","신수동","2396","1364","1032","0","290","669","673","584","180","0","109","315","385","411","144","0","181","354","288","173","36"
"20222","11470590","신월4동","1264","861","403","0","52","149","301","417","345","0","19","82","172","282","306","0","33","67","129","135","39"
"20222","11500530","등촌2동","3208","1900","1308","0","381","632","774","829","592","0","157","344","465","528","406","0","224","288","309","301","186"
"20222","11500540","화곡1동","4201","2364","1837","0","393","877","1054","1195","682","0","172","514","573","670","435","0","221","363","481","525","247"
"20222","11500591","화곡6동","7963","5084","2879","1","1115","2139","2048","1815","845","0","552","1366","1311","1206","649","1","563","773","737","609","196"
"20222","11500641","방화3동","2479","1607","872","0","237","530","625","684","403","0","120","281","387","482","337","0","117","249","238","202","66"
"20222","11590520","노량진2동","4035","2106","1929","2","637","1189","986","825","396","0","334","523","452","534","263","2","303","666","534","291","133"
"20222","11545680","시흥2동","954","561","393","0","95","191","238","288","142","0","54","110","134","167","96","0","41","81","104","121","46"
"20222","11620735","대학동","608","489","119","0","71","153","183","159","42","0","45","112","155","137","40","0","26","41","28","22","2"
"20222","11620665","서림동","1862","1072","790","0","254","327","484","409","388","0","127","175","260","249","261","0","127","152","224","160","127"
"20222","11680630","대치4동","31644","19451","12193","95","5084","9426","8602","5375","3062","1","2187","5704","5889","3765","1905","94","2897","3722","2713","1610","1157"
"20222","11650581","반포4동","56426","49808","6618","24","5644","11981","15221","20982","2574","9","4284","9971","13507","19943","2094","15","1360","2010","1714","1039","480"
"20222","11650570","반포2동","2973","1770","1203","4","499","923","772","499","276","2","218","558","497","301","194","2","281","365","275","198","82"
"20222","11710632","가락2동","7197","4851","2346","0","953","1528","1426","1347","1943","0","564","1043","948","804","1492","0","389","485","478","543","451"
"20222","11680750","수서동","17525","9247","8278","21","2495","4725","4712","3482","2090","14","1118","2539","2470","1850","1256","7","1377","2186","2242","1632","834"
"20222","11710562","방이2동","41991","24157","17834","30","6770","10782","9488","8965","5956","30","3797","7028","5822","4194","3286","0","2973","3754","3666","4771","2670"
"20222","11740515","강일동","156","104","52","0","22","34","44","39","17","0","11","24","29","25","15","0","11","10","15","14","2"
"20222","11740600","천호1동","2261","1333","928","0","182","418","577","544","540","0","62","217","294","332","428","0","120","201","283","212","112"
"20222","11740685","길동","8563","4337","4226","0","1222","1712","1943","2092","1594","0","472","909","1039","958","959","0","750","803","904","1134","635"
"20222","11710520","풍납2동","505","248","257","0","109","174","126","76","20","0","29","90","66","47","16","0","80","84","60","29","4"
"20222","11740520","상일동","1403","710","693","0","205","316","349","371","162","0","71","158","207","170","104","0","134","158","142","201","58"
"20222","11710600","석촌동","8871","5871","3000","0","1070","2023","2069","1824","1885","0","614","1460","1406","1069","1322","0","456","563","663","755","563"
"20222","11710690","잠실4동","4342","3486","856","21","580","1364","1260","920","197","8","417","1119","1039","751","152","13","163","245","221","169","45"
"20222","11110630","종로5?6가동","21618","13515","8103","534","5065","6248","5321","3262","1188","128","2096","4026","3898","2536","831","406","2969","2222","1423","726","357"
"20222","11140550","명동","124112","71858","52254","81","20305","41834","33685","22095","6112","19","8121","21572","21716","16291","4139","62","12184","20262","11969","5804","1973"
"20222","11170590","용문동","3635","2111","1524","0","718","994","1006","676","241","0","295","585","597","461","173","0","423","409","409","215","68"
"20222","11200590","금호1가동","1721","636","1085","9","201","568","706","196","41","0","61","190","278","77","30","9","140","378","428","119","11"
"20222","11170685","한남동","36498","26742","9756","43","6012","10823","9595","8392","1633","37","2849","7212","7785","7533","1326","6","3163","3611","1810","859","307"
"20222","11170520","용산2가동","413","305","108","0","18","71","158","154","12","0","2","41","127","124","11","0","16","30","31","30","1"
"20222","11215860","구의2동","2079","1320","759","1","288","355","537","577","321","0","147","199","360","382","232","1","141","156","177","195","89"
"20222","11170650","이태원1동","22318","9800","12518","0","6552","8576","4360","2157","673","0","1700","3587","2418","1562","533","0","4852","4989","1942","595","140"
"20222","11170625","한강로동","41872","20679","21193","100","8559","13053","11946","6161","2053","46","3491","6113","5940","3741","1348","54","5068","6940","6006","2420","705"
"20222","11200790","용답동","3262","2002","1260","12","827","928","671","509","315","0","356","608","452","329","257","12","471","320","219","180","58"
"20222","11200570","행당2동","11","0","11","0","0","1","5","5","0","0","0","0","0","0","0","0","0","1","5","5","0"
"20222","11215810","광장동","7266","4415","2851","60","2259","1915","1409","1121","502","17","1082","1237","957","750","372","43","1177","678","452","371","130"
"20222","11215730","군자동","1273","701","572","0","147","268","294","289","275","0","56","141","171","154","179","0","91","127","123","135","96"
"20222","11215740","중곡1동","3767","1830","1937","20","992","730","758","892","375","2","422","392","374","360","280","18","570","338","384","532","95"
"20222","11230560","전농1동","687","481","206","0","55","102","208","218","104","0","40","70","156","154","61","0","15","32","52","64","43"
"20222","11260540","면목4동","818","653","165","0","31","119","239","327","102","0","13","82","175","285","98","0","18","37","64","42","4"
"20222","11230710","회기동","103","45","58","0","6","25","31","25","16","0","0","7","13","9","16","0","6","18","18","16","0"
"20222","11215770","중곡4동","3655","1788","1867","0","623","901","954","860","317","0","161","414","466","470","277","0","462","487","488","390","40"
"20222","11260690","신내2동","734","409","325","0","98","184","180","182","90","0","42","87","93","118","69","0","56","97","87","64","21"
"20222","11290685","길음2동","466","187","279","0","36","90","133","142","65","0","15","33","61","46","32","0","21","57","72","96","33"
"20222","11305595","번1동","2055","1244","811","0","229","419","408","550","449","0","97","265","254","363","265","0","132","154","154","187","184"
"20222","11305603","번2동","340","159","181","0","39","41","99","111","50","0","14","22","42","53","28","0","25","19","57","58","22"
"20222","11305625","수유2동","1277","692","585","0","25","60","248","399","545","0","0","34","162","283","213","0","25","26","86","116","332"
"20222","11290770","장위2동","836","534","302","0","36","136","215","214","235","0","3","68","123","141","199","0","33","68","92","73","36"
"20222","11290630","정릉2동","1296","545","751","0","196","325","365","288","122","0","31","131","140","136","107","0","165","194","225","152","15"
"20222","11320680","쌍문3동","1010","471","539","0","222","233","245","248","62","0","46","108","126","142","49","0","176","125","119","106","13"
"20222","11350630","상계1동","3568","2267","1301","0","414","743","856","907","648","0","244","498","560","569","396","0","170","245","296","338","252"
"20222","11320513","창3동","661","365","296","0","32","138","250","196","45","0","0","83","150","89","43","0","32","55","100","107","2"
"20222","11380551","갈현1동","2156","1101","1055","0","362","506","514","484","290","0","141","262","258","245","195","0","221","244","256","239","95"
"20222","11350720","상계10동","357","150","207","0","55","76","95","103","28","0","11","32","37","49","21","0","44","44","58","54","7"
"20222","11380600","응암3동","1511","727","784","0","131","366","456","370","188","0","41","182","205","165","134","0","90","184","251","205","54"
"20222","11380640","증산동","1928","1257","671","0","244","513","528","444","199","0","115","341","350","294","157","0","129","172","178","150","42"
"20222","11380590","응암2동","443","299","144","0","52","53","104","131","103","0","31","31","63","81","93","0","21","22","41","50","10"
"20222","11410710","북가좌1동","450","364","86","0","5","17","49","93","286","0","1","5","22","64","272","0","4","12","27","29","14"
"20222","11410620","홍제1동","2998","1538","1460","0","324","453","771","1025","425","0","91","205","400","571","271","0","233","248","371","454","154"
"20222","11410700","남가좌2동","970","503","467","0","84","205","285","293","103","0","18","96","136","166","87","0","66","109","149","127","16"
"20222","11440565","공덕동","10155","5866","4289","17","2264","2784","2763","1784","543","4","899","1477","1758","1328","400","13","1365","1307","1005","456","143"
"20222","11440690","망원1동","2880","1610","1270","0","796","808","609","420","247","0","461","430","293","252","174","0","335","378","316","168","73"
"20222","11410520","천연동","1067","584","483","0","85","172","280","384","146","0","26","79","159","227","93","0","59","93","121","157","53"
"20222","11440740","상암동","11548","7100","4448","22","2441","4206","3142","1303","434","9","1074","2651","2090","915","361","13","1367","1555","1052","388","73"
"20222","11500620","공항동","5500","2884","2616","0","918","1819","1516","1071","176","0","210","759","887","890","138","0","708","1060","629","181","38"
"20222","11500603","가양1동","1970","1232","738","0","214","412","447","478","419","0","89","254","269","310","310","0","125","158","178","168","109"
"20222","11500550","화곡2동","2498","1535","963","0","304","704","654","601","235","0","185","467","405","315","163","0","119","237","249","286","72"
"20222","11500630","방화1동","4120","3293","827","0","410","876","1020","1203","611","0","306","731","828","1011","417","0","104","145","192","192","194"
"20222","11545630","독산3동","3389","2461","928","0","258","514","599","669","1349","0","138","315","327","403","1278","0","120","199","272","266","71"
"20222","11590630","사당2동","1925","1067","858","0","293","589","536","352","155","0","140","361","322","158","86","0","153","228","214","194","69"
"20222","11560610","양평1동","10467","6077","4390","14","2081","2412","2323","2111","1526","6","1061","1544","1390","1082","994","8","1020","868","933","1029","532"
"20222","11620685","신사동","3706","2583","1123","0","583","1089","1109","668","257","0","251","750","885","518","179","0","332","339","224","150","78"
"20222","11620715","난향동","319","154","165","0","34","71","90","71","53","0","5","32","37","36","44","0","29","39","53","35","9"
"20222","11620595","청룡동","3414","1875","1539","0","555","975","824","783","277","0","215","496","457","510","197","0","340","479","367","273","80"
"20222","11620655","신원동","540","329","211","0","32","124","147","143","94","0","20","72","91","87","59","0","12","52","56","56","35"
"20222","11590650","사당4동","1404","726","678","0","132","211","319","274","468","0","51","108","134","125","308","0","81","103","185","149","160"
"20222","11680656","도곡2동","95884","65569","30315","453","18326","37677","27542","9933","1953","289","9791","25806","21173","7227","1283","164","8535","11871","6369","2706","670"
"20222","11650652","양재2동","34416","25873","8543","10","4564","8443","9688","9100","2611","7","2768","6224","7450","7428","1996","3","1796","2219","2238","1672","615"
"20222","11680640","역삼1동","169288","100194","69094","320","34193","51527","43622","29575","10051","103","16376","32145","28487","16020","7063","217","17817","19382","15135","13555","2988"
"20222","11650600","방배1동","16153","10683","5470","62","3196","4965","3924","2935","1071","46","1516","3026","2889","2404","802","16","1680","1939","1035","531","269"
"20222","11710641","문정1동","34806","26912","7894","0","3158","6504","10030","13148","1966","0","1864","4693","7811","11263","1281","0","1294","1811","2219","1885","685"
"20222","11710550","마천2동","1523","985","538","0","123","363","436","407","194","0","75","232","250","247","181","0","48","131","186","160","13"
"20222","11110680","창신2동","129","30","99","0","0","4","36","64","25","0","0","0","10","16","4","0","0","4","26","48","21"
"20222","11110560","평창동","11829","6644","5185","0","1457","3183","3892","2574","723","0","699","1629","2299","1547","470","0","758","1554","1593","1027","253"
"20222","11170700","보광동","510","261","249","0","50","107","149","137","67","0","0","50","79","82","50","0","50","57","70","55","17"
"20222","11170580","효창동","1378","794","584","0","183","353","388","304","150","0","90","205","234","153","112","0","93","148","154","151","38"
"20222","11170555","청파동","3008","1612","1396","0","457","773","724","644","410","0","152","354","382","399","325","0","305","419","342","245","85"
"20222","11200720","송정동","896","557","339","0","118","218","228","184","148","0","57","135","129","110","126","0","61","83","99","74","22"
"20222","11200650","성수1가1동","2080","1303","777","0","260","440","465","557","358","0","122","274","297","378","232","0","138","166","168","179","126"
"20222","11140650","신당5동","708","384","324","0","54","164","190","170","130","0","23","71","97","93","100","0","31","93","93","77","30"
"20222","11140580","장충동","5367","2826","2541","11","1232","1475","1389","1027","233","0","436","822","822","591","155","11","796","653","567","436","78"
"20222","11140680","중림동","3121","1743","1378","0","658","1005","817","428","213","0","299","546","454","286","158","0","359","459","363","142","55"
"20222","11215830","자양2동","2163","1352","811","0","298","491","566","566","242","0","202","317","337","310","186","0","96","174","229","256","56"
"20222","11215870","구의3동","9627","5870","3757","3","1129","2028","2328","2417","1722","0","646","1417","1580","1246","981","3","483","611","748","1171","741"
"20222","11230720","휘경1동","740","445","295","0","69","147","188","195","141","0","20","87","123","135","80","0","49","60","65","60","61"
"20222","11260660","망우3동","320","173","147","0","12","37","87","111","73","0","1","11","39","61","61","0","11","26","48","50","12"
"20222","11215760","중곡3동","841","556","285","0","79","206","247","201","108","0","44","154","149","131","78","0","35","52","98","70","30"
"20222","11260565","면목본동","1074","597","477","0","104","266","301","274","129","0","24","134","161","161","117","0","80","132","140","113","12"
"20222","11290575","동선동","1974","984","990","0","254","412","455","503","350","0","84","175","224","277","224","0","170","237","231","226","126"
"20222","11290590","돈암2동","723","438","285","1","111","174","231","128","78","0","51","104","154","94","35","1","60","70","77","34","43"
"20222","11290525","성북동","18657","14227","4430","0","2430","4586","5425","5405","811","0","1342","3207","4298","4812","568","0","1088","1379","1127","593","243"
"20222","11320670","쌍문2동","982","561","421","0","96","169","238","292","187","0","18","78","123","187","155","0","78","91","115","105","32"
"20222","11305575","삼각산동","354","193","161","0","60","96","117","56","25","0","24","54","64","28","23","0","36","42","53","28","2"
"20222","11305545","송중동","1276","634","642","0","98","201","389","351","237","0","31","78","171","171","183","0","67","123","218","180","54"
"20222","11290600","안암동","2171","1454","717","0","279","583","626","475","208","0","143","369","408","352","182","0","136","214","218","123","26"
"20222","11380632","신사2동","980","707","273","0","99","194","257","250","180","0","81","136","150","171","169","0","18","58","107","79","11"
"20222","11410615","연희동","8584","5655","2929","2","1367","2137","1846","2386","846","1","758","1427","1153","1713","603","1","609","710","693","673","243"
"20222","11350625","중계2?3동","1261","708","553","0","163","329","324","327","118","0","98","196","167","172","75","0","65","133","157","155","43"
"20222","11440720","성산1동","5214","3491","1723","0","648","1088","1199","1015","1264","0","320","679","768","714","1010","0","328","409","431","301","254"
"20222","11470600","신월5동","1638","918","720","0","185","426","425","421","181","0","83","213","220","252","150","0","102","213","205","169","31"
"20222","11470550","목5동","15139","9214","5925","48","2457","3914","3668","3172","1880","23","1133","2360","2317","2077","1304","25","1324","1554","1351","1095","576"
"20222","11410640","홍제3동","793","390","403","0","57","93","156","217","270","0","11","35","71","116","157","0","46","58","85","101","113"
"20222","11500520","등촌1동","5353","3223","2130","0","1066","1388","1187","966","746","0","392","879","821","633","498","0","674","509","366","333","248"
"20222","11530720","고척1동","2678","1906","772","0","231","543","708","817","379","0","120","365","495","614","312","0","111","178","213","203","67"
"20222","11545710","시흥5동","1501","913","588","0","190","359","401","325","226","0","101","244","243","167","158","0","89","115","158","158","68"
"20222","11545510","가산동","92197","60654","31543","295","18174","28659","22817","13508","8744","190","9640","19252","16462","8977","6133","105","8534","9407","6355","4531","2611"
"20222","11560605","문래동","56252","40893","15359","49","8684","18402","17353","8849","2915","15","4846","14013","14186","6001","1832","34","3838","4389","3167","2848","1083"
"20222","11560585","도림동","654","448","206","0","31","104","171","185","163","0","11","69","117","123","128","0","20","35","54","62","35"
"20222","11560650","신길3동","585","444","141","0","10","76","146","165","188","0","1","53","106","119","165","0","9","23","40","46","23"
"20222","11560690","신길7동","2622","1809","813","0","300","497","594","761","470","0","187","345","403","488","386","0","113","152","191","273","84"
"20222","11620695","신림동","1587","973","614","0","103","214","390","373","507","0","29","113","217","217","397","0","74","101","173","156","110"
"20222","11620575","행운동","2641","1483","1158","0","387","656","633","606","359","0","190","373","338","313","269","0","197","283","295","293","90"
"20222","11650520","서초2동","59592","39584","20008","112","12487","19660","14921","9139","3273","28","6822","13281","10262","6848","2343","84","5665","6379","4659","2291","930"
"20222","11650531","서초4동","34065","19478","14587","113","6654","10434","8561","6034","2269","49","2530","5963","5553","3784","1599","64","4124","4471","3008","2250","670"
"20222","11680580","삼성1동","169509","114410","55099","382","34150","50842","45429","30095","8611","188","18352","33614","33509","23594","5153","194","15798","17228","11920","6501","3458"
"20222","11680545","압구정동","39740","22369","17371","179","8846","12438","9135","5956","3186","62","3275","6994","6148","3919","1971","117","5571","5444","2987","2037","1215"
"20222","11680590","삼성2동","57932","33308","24624","91","11684","18806","14726","8191","4434","35","4846","11067","9833","4604","2923","56","6838","7739","4893","3587","1511"
"20222","11710642","문정2동","36301","22822","13479","66","5198","11048","11125","6433","2431","29","2491","6237","7626","4925","1514","37","2707","4811","3499","1508","917"
"20222","11680565","청담동","54272","31088","23184","70","11304","17978","13491","8159","3270","19","4253","10268","8869","5396","2283","51","7051","7710","4622","2763","987"
"20222","11740530","명일1동","4140","2315","1825","0","610","1118","1050","743","619","0","280","679","691","380","285","0","330","439","359","363","334"
"20222","11740650","성내2동","2005","1289","716","0","326","417","457","408","397","0","230","268","269","266","256","0","96","149","188","142","141"
"20222","11740540","명일2동","2429","1666","763","0","289","691","654","514","281","0","148","491","476","329","222","0","141","200","178","185","59"
"20222","11710710","잠실6동","54446","29008","25438","107","8666","14450","15529","13884","1810","34","4010","8880","8963","5759","1362","73","4656","5570","6566","8125","448"
"20222","11110615","종로1?2?3?4가동","112601","62063","50538","1528","22838","34287","30861","17676","5411","646","9957","17210","18097","12464","3689","882","12881","17077","12764","5212","1722"
"20222","11140665","동화동","1157","519","638","0","182","280","308","245","142","0","48","94","149","134","94","0","134","186","159","111","48"
"20222","11110580","교남동","846","502","344","0","88","225","230","171","132","0","27","113","136","119","107","0","61","112","94","52","25"
"20222","11140605","을지로동","15737","8590","7147","8","3807","3827","3437","2749","1909","0","992","2113","2235","1908","1342","8","2815","1714","1202","841","567"
"20222","11200660","성수1가2동","5470","3787","1683","0","867","1121","1157","1192","1133","0","520","749","751","855","912","0","347","372","406","337","221"
"20222","11200550","사근동","350","254","96","0","9","58","123","114","46","0","1","36","88","88","41","0","8","22","35","26","5"
"20222","11200615","금호2?3가동","373","199","174","0","34","67","88","93","91","0","0","25","44","54","76","0","34","42","44","39","15"
"20222","11200520","왕십리2동","1350","817","533","0","164","348","402","302","134","0","82","187","246","190","112","0","82","161","156","112","22"
"20222","11200580","응봉동","696","290","406","0","166","187","151","119","73","0","40","66","69","62","53","0","126","121","82","57","20"
"20222","11215850","구의1동","3276","1971","1305","0","459","830","919","757","311","0","242","481","512","489","247","0","217","349","407","268","64"
"20222","11200540","마장동","6750","4827","1923","0","536","1190","1556","2250","1218","0","328","820","1144","1616","919","0","208","370","412","634","299"
"20222","11230650","장안1동","9744","6150","3594","0","1322","1918","2114","2156","2234","0","795","1234","1321","1299","1501","0","527","684","793","857","733"
"20222","11290580","돈암1동","151","71","80","0","44","46","31","21","9","0","11","23","17","12","8","0","33","23","14","9","1"
"20222","11290810","석관동","2355","1634","721","0","143","333","429","493","957","0","70","215","250","325","774","0","73","118","179","168","183"
"20222","11290610","보문동","3405","2585","820","0","322","1009","715","712","647","0","177","808","575","575","450","0","145","201","140","137","197"
"20222","11290725","월곡2동","2659","1686","973","0","428","756","653","468","354","0","214","496","396","279","301","0","214","260","257","189","53"
"20222","11305660","인수동","2841","1700","1141","0","235","558","751","860","437","0","70","312","466","517","335","0","165","246","285","343","102"
"20222","11305608","번3동","240","133","107","0","22","40","60","69","49","0","8","19","34","38","34","0","14","21","26","31","15"
"20222","11305555","송천동","720","376","344","0","16","92","149","214","249","0","1","37","64","131","143","0","15","55","85","83","106"
"20222","11320700","방학2동","719","318","401","0","36","150","183","151","199","0","6","75","81","75","81","0","30","75","102","76","118"
"20222","11320514","창4동","1768","1120","648","0","180","335","438","490","325","0","76","178","261","333","272","0","104","157","177","157","53"
"20222","11350570","월계2동","54","25","29","0","6","13","15","16","4","0","2","4","6","9","4","0","4","9","9","7","0"
"20222","11350600","공릉2동","1067","490","577","0","178","268","259","253","109","0","54","121","121","124","70","0","124","147","138","129","39"
"20222","11320522","도봉2동","820","528","292","0","30","96","145","210","339","0","10","48","80","139","251","0","20","48","65","71","88"
"20222","11380580","응암1동","2332","1301","1031","0","232","385","558","543","614","0","101","182","294","277","447","0","131","203","264","266","167"
"20222","11410660","홍은1동","3248","637","2611","0","106","239","889","1563","451","0","35","80","165","188","169","0","71","159","724","1375","282"
"20222","11380560","구산동","1741","926","815","0","206","325","390","555","265","0","78","142","186","342","178","0","128","183","204","213","87"
"20222","11440655","서강동","3033","1912","1121","0","522","743","728","600","440","0","255","442","483","400","332","0","267","301","245","200","108"
"20222","11440680","합정동","5202","2910","2292","0","863","1504","1368","946","521","0","329","742","855","620","364","0","534","762","513","326","157"
"20222","11440710","연남동","2729","1712","1017","0","433","651","681","590","374","0","194","349","409","414","346","0","239","302","272","176","28"
"20222","11440730","성산2동","2020","904","1116","0","177","385","541","632","285","0","58","190","244","246","166","0","119","195","297","386","119"
"20222","11470530","목3동","2011","1113","898","0","256","446","539","490","280","0","128","263","291","248","183","0","128","183","248","242","97"
"20222","11500605","가양3동","344","222","122","0","58","76","97","72","41","0","38","51","62","43","28","0","20","25","35","29","13"
"20222","11410655","홍제2동","415","207","208","0","58","88","106","97","66","0","18","55","53","48","33","0","40","33","53","49","33"
"20222","11530760","개봉3동","1488","914","574","0","187","375","385","327","214","0","92","235","235","187","165","0","95","140","150","140","49"
"20222","11530740","개봉1동","9334","5445","3889","0","781","2010","2250","2500","1793","0","404","1118","1146","1421","1356","0","377","892","1104","1079","437"
"20222","11530750","개봉2동","8545","4233","4312","5","1516","2075","2043","2036","870","1","862","1325","907","684","454","4","654","750","1136","1352","416"
"20222","11500593","화곡8동","1794","986","808","0","253","483","516","321","221","0","115","259","258","200","154","0","138","224","258","121","67"
"20222","11560535","영등포동","13253","7410","5843","1","2438","3300","3144","2628","1742","0","899","1840","1953","1549","1169","1","1539","1460","1191","1079","573"
"20222","11470640","신정3동","2165","1557","608","0","167","415","545","464","574","0","78","255","371","329","524","0","89","160","174","135","50"
"20222","11530595","가리봉동","853","389","464","0","43","143","205","190","272","0","12","67","87","72","151","0","31","76","118","118","121"
"20222","11590660","대방동","8638","5761","2877","0","1441","2353","2021","1939","884","0","771","1613","1413","1400","564","0","670","740","608","539","320"
"20222","11620565","성현동","1766","668","1098","3","252","310","408","536","257","3","115","163","186","145","56","0","137","147","222","391","201"
"20222","11620525","보라매동","2630","1358","1272","1","328","605","631","671","394","0","128","307","324","320","279","1","200","298","307","351","115"
"20222","11650610","방배2동","16039","7805","8234","2","2707","4122","4433","3081","1694","0","931","1849","2047","1827","1151","2","1776","2273","2386","1254","543"
"20222","11650621","방배4동","15039","9307","5732","1","2600","4166","3753","2874","1645","0","1099","2456","2547","2017","1188","1","1501","1710","1206","857","457"
"20222","11620605","은천동","1006","477","529","0","135","188","211","279","193","0","44","87","107","125","114","0","91","101","104","154","79"
"20222","11680610","대치2동","91102","50967","40135","516","16551","25079","21006","17182","10768","223","7622","15359","13502","8870","5391","293","8929","9720","7504","8312","5377"
"20222","11680690","개포4동","7461","5406","2055","0","903","1691","2116","1785","966","0","450","1140","1609","1397","810","0","453","551","507","388","156"
"20222","11620545","청림동","304","173","131","0","46","101","99","46","12","0","20","56","59","30","8","0","26","45","40","16","4"
"20222","11680700","세곡동","360","209","151","0","17","65","76","109","93","0","6","33","44","65","61","0","11","32","32","44","32"
"20222","11680650","역삼2동","48339","28663","19676","154","11137","13438","11497","8552","3561","54","5372","8608","7650","4471","2508","100","5765","4830","3847","4081","1053"
"20222","11710631","가락1동","5833","4080","1753","0","398","1085","1605","1672","1073","0","267","831","1182","1097","703","0","131","254","423","575","370"
"20222","11710540","마천1동","666","327","339","0","46","151","215","201","53","0","9","71","102","99","46","0","37","80","113","102","7"
"20222","11710650","잠실본동","11115","7148","3967","6","1499","2123","2609","2478","2400","0","665","1297","1638","1716","1832","6","834","826","971","762","568"
"20222","11740620","천호3동","1309","752","557","0","58","135","221","231","664","0","18","62","110","118","444","0","40","73","111","113","220"
"20222","11740700","둔촌2동","2597","1165","1432","0","487","684","571","541","314","0","132","286","285","255","207","0","355","398","286","286","107"
"20222","11110570","무악동","519","135","384","0","146","149","134","66","24","0","30","30","42","20","13","0","116","119","92","46","11"
"20222","11110700","숭인1동","258","114","144","0","47","58","58","59","36","0","2","24","29","32","27","0","45","34","29","27","9"
"20222","11140570","필동","13649","6423","7226","2","1970","3470","4208","2984","1015","0","666","1721","1981","1401","654","2","1304","1749","2227","1583","361"
"20222","11140645","청구동","3499","1911","1588","0","513","932","821","751","482","0","172","480","517","462","280","0","341","452","304","289","202"
"20222","11200690","성수2가3동","22812","14637","8175","40","3750","5812","5711","4572","2927","40","2083","3889","3844","2757","2024","0","1667","1923","1867","1815","903"
"20222","11200560","행당1동","1507","1031","476","0","184","316","391","432","184","0","92","197","272","332","138","0","92","119","119","100","46"
"20222","11230600","답십리1동","2154","1028","1126","0","313","440","606","580","215","0","212","297","217","153","149","0","101","143","389","427","66"
"20222","11200620","금호4가동","716","433","283","0","76","166","207","175","92","0","27","85","136","112","73","0","49","81","71","63","19"
"20222","11230705","청량리동","2521","1355","1166","0","438","753","486","469","375","0","155","435","274","271","220","0","283","318","212","198","155"
"20222","11260590","상봉2동","4445","3111","1334","0","532","1156","1480","1019","258","0","309","819","998","752","233","0","223","337","482","267","25"
"20222","11290555","삼선동","4526","2265","2261","0","463","1094","1379","1142","448","0","154","471","664","715","261","0","309","623","715","427","187"
"20222","11290715","월곡1동","1542","964","578","0","81","183","316","334","628","0","21","88","168","225","462","0","60","95","148","109","166"
"20222","11350695","상계6?7동","4587","2025","2562","0","640","1082","1188","1170","507","0","165","410","533","634","283","0","475","672","655","536","224"
"20222","11350665","상계3?4동","716","521","195","0","23","48","187","288","170","0","5","24","120","221","151","0","18","24","67","67","19"
"20222","11380552","갈현2동","3042","1564","1478","0","284","605","824","825","504","0","133","338","388","361","344","0","151","267","436","464","160"
"20222","11380631","신사1동","1335","711","624","0","131","282","307","334","281","0","47","140","167","160","197","0","84","142","140","174","84"
"20222","11320521","도봉1동","1591","1095","496","0","29","150","386","605","421","0","0","80","228","440","347","0","29","70","158","165","74"
"20222","11380625","역촌동","3286","1578","1708","0","535","676","859","762","454","0","182","301","399","370","326","0","353","375","460","392","128"
"20222","11380690","진관동","579","305","274","0","53","144","160","141","81","0","25","91","91","57","41","0","28","53","69","84","40"
"20222","11410685","홍은2동","1246","806","440","0","201","345","307","267","126","0","112","226","199","175","94","0","89","119","108","92","32"
"20222","11410690","남가좌1동","1684","1016","668","2","123","214","294","420","631","2","83","145","187","223","376","0","40","69","107","197","255"
"20222","11350621","중계1동","1095","604","491","0","143","241","329","274","108","0","61","132","174","151","86","0","82","109","155","123","22"
"20222","11440700","망원2동","4460","2671","1789","0","564","828","960","1358","750","0","313","614","676","631","437","0","251","214","284","727","313"
"20222","11470520","목2동","3478","1955","1523","0","480","855","933","800","410","0","225","469","520","464","277","0","255","386","413","336","133"
"20222","11470510","목1동","15358","9986","5372","16","2655","4194","3845","3134","1514","11","1239","2760","2734","2254","988","5","1416","1434","1111","880","526"
"20222","11500611","발산1동","4028","2354","1674","0","228","574","1087","1341","798","0","94","288","522","786","664","0","134","286","565","555","134"
"20222","11500590","화곡본동","2614","1517","1097","0","249","508","652","651","554","0","85","297","376","345","414","0","164","211","276","306","140"
"20222","11530790","수궁동","1801","1237","564","0","169","345","421","520","346","0","106","223","266","357","285","0","63","122","155","163","61"
"20222","11560550","당산1동","6841","4115","2726","0","1171","1938","1530","1252","950","0","468","1086","961","876","724","0","703","852","569","376","226"
"20222","11545690","시흥3동","1638","972","666","0","118","240","376","430","474","0","63","155","219","235","300","0","55","85","157","195","174"
"20222","11545640","독산4동","1411","816","595","0","162","242","298","333","376","0","105","146","182","161","222","0","57","96","116","172","154"
"20222","11560700","대림1동","1513","564","949","0","507","351","324","242","89","0","93","120","160","122","69","0","414","231","164","120","20"
"20222","11590620","사당1동","3631","1926","1705","0","597","912","992","662","468","0","179","445","498","405","399","0","418","467","494","257","69"
"20222","11560670","신길5동","974","470","504","0","74","213","336","250","101","0","34","96","122","126","92","0","40","117","214","124","9"
"20222","11560680","신길6동","1838","1151","687","0","187","445","486","396","324","0","93","273","290","250","245","0","94","172","196","146","79"
"20222","11560620","양평2동","12638","7239","5399","4","2309","3448","3483","2185","1209","0","1010","2076","1978","1284","891","4","1299","1372","1505","901","318"
"20222","11620630","남현동","3481","2312","1169","0","579","875","949","683","395","0","316","595","672","448","281","0","263","280","277","235","114"
"20222","11620615","중앙동","1189","552","637","0","126","210","278","339","236","0","49","102","130","159","112","0","77","108","148","180","124"
"20222","11650530","서초3동","60960","36224","24736","79","10474","18312","15643","11115","5337","25","4429","10668","10012","7263","3827","54","6045","7644","5631","3852","1510"
"20222","11650560","반포1동","8126","5018","3108","0","1488","2713","2045","1236","644","0","704","1775","1363","690","486","0","784","938","682","546","158"
"20243","11620605","은천동","843","405","438","0","113","160","177","233","160","0","36","77","92","105","95","0","77","83","85","128","65"
"20243","11650540","잠원동","11344","6577","4767","0","2364","3351","2810","1755","1064","0","930","1966","1864","1099","718","0","1434","1385","946","656","346"
"20243","11710642","문정2동","37090","23328","13762","56","5321","11298","11371","6570","2474","22","2550","6380","7795","5037","1544","34","2771","4918","3576","1533","930"
"20243","11710550","마천2동","1272","838","434","0","86","304","378","351","153","0","54","196","220","215","153","0","32","108","158","136","0"
"20243","11710650","잠실본동","10964","7018","3946","0","1485","2111","2566","2444","2358","0","650","1283","1612","1681","1792","0","835","828","954","763","566"
"20243","11710690","잠실4동","4260","3421","839","21","570","1338","1237","902","192","9","410","1097","1020","736","149","12","160","241","217","166","43"
"20243","11110570","무악동","423","113","310","0","120","120","109","52","22","0","27","27","35","13","11","0","93","93","74","39","11"
"20243","11110530","사직동","38826","24316","14510","10","5130","10990","11706","7710","3280","0","2146","6755","8012","5381","2022","10","2984","4235","3694","2329","1258"
"20243","11140570","필동","14869","6999","7870","0","2139","3778","4591","3258","1103","0","724","1871","2163","1529","712","0","1415","1907","2428","1729","391"
"20243","11170650","이태원1동","18256","8052","10204","0","5359","6986","3593","1768","550","0","1406","2928","1988","1280","450","0","3953","4058","1605","488","100"
"20243","11170630","이촌1동","4473","2865","1608","12","724","1207","1253","917","360","10","358","742","884","618","253","2","366","465","369","299","107"
"20243","11140645","청구동","13042","7126","5916","0","1893","3441","3080","2805","1823","0","638","1782","1928","1713","1065","0","1255","1659","1152","1092","758"
"20243","11200535","왕십리도선동","2960","1359","1601","0","490","569","619","733","549","0","167","315","335","308","234","0","323","254","284","425","315"
"20243","11200580","응봉동","419","177","242","0","101","110","89","76","43","0","26","40","40","38","33","0","75","70","49","38","10"
"20243","11230740","이문1동","1176","518","658","0","221","317","334","218","86","0","31","118","166","134","69","0","190","199","168","84","17"
"20243","11230545","제기동","9210","5573","3637","0","1096","2349","2329","1982","1454","0","413","1404","1509","1170","1077","0","683","945","820","812","377"
"20243","11260655","망우본동","1159","615","544","0","98","215","274","379","193","0","10","83","129","209","184","0","88","132","145","170","9"
"20243","11215750","중곡2동","1991","1168","823","0","249","400","529","485","328","0","167","233","283","259","226","0","82","167","246","226","102"
"20243","11215760","중곡3동","634","445","189","0","46","161","198","157","72","0","30","127","120","108","60","0","16","34","78","49","12"
"20222","11650580","반포3동","2930","1635","1295","3","464","748","648","586","481","0","197","441","429","340","228","3","267","307","219","246","253"
"20222","11680730","일원1동","1871","1020","851","0","242","353","427","411","438","0","102","189","219","213","297","0","140","164","208","198","141"
"20243","11260630","묵2동","1139","798","341","0","164","286","278","323","88","0","98","195","182","241","82","0","66","91","96","82","6"
"20243","11290660","길음1동","3566","1740","1826","234","1248","878","599","389","218","95","538","463","296","179","169","139","710","415","303","210","49"
"20243","11305545","송중동","918","450","468","0","50","139","298","264","167","0","9","50","126","126","139","0","41","89","172","138","28"
"20243","11305555","송천동","437","246","191","0","3","40","75","139","180","0","0","13","30","95","108","0","3","27","45","44","72"
"20243","11320521","도봉1동","1270","908","362","0","2","94","323","508","343","0","0","52","189","369","298","0","2","42","134","139","45"
"20243","11380590","응암2동","429","287","142","0","47","47","109","131","95","0","27","27","65","79","89","0","20","20","44","52","6"
"20243","11410660","홍은1동","2739","539","2200","0","84","203","752","1311","389","0","28","66","141","159","145","0","56","137","611","1152","244"
"20243","11350621","중계1동","1073","591","482","0","141","235","322","269","106","0","61","128","170","148","84","0","80","107","152","121","22"
"20243","11440590","용강동","12219","7268","4951","0","1787","3015","2894","2427","2096","0","873","1790","1915","1413","1277","0","914","1225","979","1014","819"
"20243","11440700","망원2동","3385","2037","1348","0","424","630","726","1032","573","0","237","469","514","481","336","0","187","161","212","551","237"
"20243","11440740","상암동","13325","8216","5109","18","2819","4883","3639","1493","473","7","1235","3088","2422","1062","402","11","1584","1795","1217","431","71"
"20243","11440710","연남동","2215","1408","807","0","345","535","564","485","286","0","148","286","341","348","285","0","197","249","223","137","1"
"20243","11470610","신월6동","536","314","222","0","54","102","123","145","112","0","20","53","66","82","93","0","34","49","57","63","19"
"20243","11470520","목2동","2740","1533","1207","0","380","667","730","628","335","0","180","364","406","359","224","0","200","303","324","269","111"
"20243","11410655","홍제2동","239","120","119","0","32","51","64","56","36","0","10","33","32","27","18","0","22","18","32","29","18"
"20243","11500530","등촌2동","1806","1072","734","0","208","362","441","468","327","0","87","198","264","298","225","0","121","164","177","170","102"
"20243","11500550","화곡2동","5028","3087","1941","0","634","1386","1303","1218","487","0","384","921","806","640","336","0","250","465","497","578","151"
"20243","11530760","개봉3동","1071","671","400","0","128","273","284","235","151","0","64","174","174","136","123","0","64","99","110","99","28"
"20243","11470620","신정1동","6180","3613","2567","23","1091","1552","1551","1317","646","23","452","968","933","764","473","0","639","584","618","553","173"
"20243","11545630","독산3동","2918","2129","789","0","196","447","538","583","1154","0","105","283","289","347","1105","0","91","164","249","236","49"
"20243","11530595","가리봉동","563","259","304","0","12","95","138","127","191","0","2","46","57","46","108","0","10","49","81","81","83"
"20243","11560700","대림1동","1030","374","656","0","346","246","228","163","47","0","56","81","114","82","41","0","290","165","114","81","6"
"20243","11560690","신길7동","1873","1285","588","0","215","359","423","539","337","0","132","246","286","350","271","0","83","113","137","189","66"
"20243","11590660","대방동","6596","4405","2191","0","1090","1797","1560","1479","670","0","586","1230","1088","1073","428","0","504","567","472","406","242"
"20243","11560540","여의동","201758","143165","58593","463","37097","72314","51883","30938","9063","170","20475","51688","40070","24622","6140","293","16622","20626","11813","6316","2923"
"20243","11590510","노량진1동","2666","1489","1177","0","345","641","679","637","364","0","143","366","410","345","225","0","202","275","269","292","139"
"20243","11620585","낙성대동","4335","2394","1941","0","707","1489","929","669","541","0","320","783","481","387","423","0","387","706","448","282","118"
"20243","11620575","행운동","1975","1109","866","0","291","488","466","453","277","0","142","277","248","236","206","0","149","211","218","217","71"
"20243","11680640","역삼1동","157737","93388","64349","188","31880","48041","40695","27564","9369","45","15270","29978","26576","14929","6590","143","16610","18063","14119","12635","2779"
"20243","11620545","청림동","220","126","94","0","32","73","73","33","9","0","13","42","43","21","7","0","19","31","30","12","2"
"20243","11650580","반포3동","2501","1395","1106","1","398","637","553","502","410","0","169","375","365","292","194","1","229","262","188","210","216"
"20243","11710580","송파1동","20397","12734","7663","0","2895","4579","5069","4438","3416","0","1236","2704","3295","2981","2518","0","1659","1875","1774","1457","898"
"20243","11710590","송파2동","3402","2143","1259","3","542","847","891","810","309","3","262","537","641","506","194","0","280","310","250","304","115"
"20243","11740685","길동","7262","3689","3573","0","1013","1459","1661","1781","1348","0","388","781","888","816","816","0","625","678","773","965","532"
"20243","11710520","풍납2동","372","182","190","0","81","126","92","57","16","0","22","65","48","35","12","0","59","61","44","22","4"
"20243","11740560","고덕2동","888","563","325","0","44","111","200","312","221","0","4","48","116","215","180","0","40","63","84","97","41"
"20243","11110650","혜화동","4341","2119","2222","0","699","1189","1063","871","519","0","235","582","565","449","288","0","464","607","498","422","231"
"20243","11140590","광희동","52790","26286","26504","469","15141","13894","10859","8353","4074","187","7353","8084","6266","2845","1551","282","7788","5810","4593","5508","2523"
"20243","11110600","가회동","10719","7983","2736","1","1143","3698","3218","2018","641","1","592","2713","2522","1658","497","0","551","985","696","360","144"
"20243","11110700","숭인1동","195","87","108","0","35","43","48","45","24","0","0","18","24","24","21","0","35","25","24","21","3"
"20243","11170530","남영동","16969","7145","9824","127","6466","4190","3236","2179","771","4","1220","2248","1917","1172","584","123","5246","1942","1319","1007","187"
"20243","11170690","서빙고동","7358","4832","2526","0","1309","2194","2273","1168","414","0","630","1283","1661","931","327","0","679","911","612","237","87"
"20243","11200720","송정동","720","467","253","0","89","177","189","148","117","0","42","113","110","94","108","0","47","64","79","54","9"
"20243","11140650","신당5동","604","327","277","0","23","140","177","156","108","0","6","53","90","87","91","0","17","87","87","69","17"
"20243","11215810","광장동","5323","3225","2098","34","1657","1406","1035","822","369","5","794","905","699","551","271","29","863","501","336","271","98"
"20243","11215780","능동","1102","700","402","0","153","264","292","222","171","0","72","161","189","137","141","0","81","103","103","85","30"
"20243","11215840","자양3동","1581","1164","417","0","181","419","449","403","129","0","117","298","335","303","111","0","64","121","114","100","18"
"20243","11230536","용신동","16487","8520","7967","0","2055","3648","4057","4032","2695","0","970","2096","2140","1845","1469","0","1085","1552","1917","2187","1226"
"20243","11260570","면목7동","581","344","237","0","36","88","164","191","102","0","0","37","89","116","102","0","36","51","75","75","0"
"20243","11290575","동선동","3905","1936","1969","0","490","821","897","1010","687","0","141","354","439","563","439","0","349","467","458","447","248"
"20243","11290685","길음2동","286","107","179","0","15","57","88","92","34","0","3","17","42","28","17","0","12","40","46","64","17"
"20243","11290610","보문동","2689","2024","665","0","256","800","564","563","506","0","137","635","450","450","352","0","119","165","114","113","154"
"20243","11290525","성북동","15450","11773","3677","0","2024","3799","4489","4473","665","0","1117","2658","3552","3982","464","0","907","1141","937","491","201"
"20243","11290705","종암동","12167","6414","5753","0","1062","3086","4289","3464","266","0","462","1143","1961","2686","162","0","600","1943","2328","778","104"
"20243","11305595","번1동","1761","1098","663","0","177","360","344","496","384","0","73","233","217","342","233","0","104","127","127","154","151"
"20243","11305660","인수동","2202","1334","868","0","166","434","598","681","323","0","37","246","377","410","264","0","129","188","221","271","59"
"20243","11320513","창3동","529","295","234","0","9","101","227","170","22","0","0","64","138","71","22","0","9","37","89","99","0"
"20243","11320514","창4동","1452","913","539","0","156","276","355","401","264","0","66","146","211","271","219","0","90","130","144","130","45"
"20243","11350665","상계3?4동","419","316","103","0","7","18","115","179","100","0","0","9","75","139","93","0","7","9","40","40","7"
"20243","11380631","신사1동","1154","619","535","0","103","247","272","297","235","0","36","121","151","143","168","0","67","126","121","154","67"
"20243","11380520","불광1동","1687","719","968","0","233","406","462","394","192","0","80","174","196","171","98","0","153","232","266","223","94"
"20243","11380530","불광2동","10488","5018","5470","0","421","1495","1788","2315","4469","0","99","764","731","950","2474","0","322","731","1057","1365","1995"
"20243","11350720","상계10동","386","161","225","0","60","82","103","111","30","0","12","34","39","53","23","0","48","48","64","58","7"
"20243","11380580","응암1동","1751","972","779","0","169","291","418","407","466","0","70","141","217","205","339","0","99","150","201","202","127"
"20243","11380690","진관동","640","337","303","0","56","161","179","158","86","0","24","102","102","65","44","0","32","59","77","93","42"
"20243","11410555","북아현동","938","686","252","0","98","217","259","266","98","0","40","161","201","205","79","0","58","56","58","61","19"
"20243","11440565","공덕동","12823","7440","5383","4","2870","3550","3515","2252","632","0","1131","1885","2247","1701","476","4","1739","1665","1268","551","156"
"20243","11440600","대흥동","3136","1546","1590","0","1294","715","453","431","243","0","498","369","248","262","169","0","796","346","205","169","74"
"20243","11380570","대조동","1501","744","757","0","145","336","421","365","234","0","34","166","202","163","179","0","111","170","219","202","55"
"20243","11440660","서교동","24904","12720","12184","0","5217","7000","5782","4116","2789","0","2141","3500","3181","2168","1730","0","3076","3500","2601","1948","1059"
"20243","11440555","아현동","4414","2432","1982","0","838","1434","1260","748","134","0","366","802","704","456","104","0","472","632","556","292","30"
"20243","11440730","성산2동","1476","660","816","0","112","280","410","480","194","0","34","138","184","188","116","0","78","142","226","292","78"
"20243","11500540","화곡1동","3969","2254","1715","0","349","832","1008","1149","631","0","153","490","555","647","409","0","196","342","453","502","222"
"20243","11500570","화곡4동","1640","727","913","0","382","457","340","309","152","0","75","195","168","168","121","0","307","262","172","141","31"
"20243","11500630","방화1동","3439","2722","717","0","337","736","859","997","510","0","258","605","691","829","339","0","79","131","168","168","171"
"20243","11530720","고척1동","2225","1591","634","0","191","454","593","674","313","0","100","308","414","509","260","0","91","146","179","165","53"
"20243","11545690","시흥3동","1998","1185","813","0","142","294","462","523","577","0","74","191","269","285","366","0","68","103","193","238","211"
"20243","11545620","독산2동","1302","759","543","0","131","270","316","418","167","0","73","122","158","256","150","0","58","148","158","162","17"
"20243","11590630","사당2동","1408","771","637","0","219","421","389","261","118","0","104","253","231","120","63","0","115","168","158","141","55"
"20243","11560660","신길4동","715","357","358","0","119","170","184","169","73","0","41","79","90","91","56","0","78","91","94","78","17"
"20243","11560535","영등포동","13005","7280","5725","0","2384","3229","3101","2575","1716","0","876","1800","1932","1515","1157","0","1508","1429","1169","1060","559"
"20243","11620645","서원동","1726","698","1028","0","315","377","319","391","324","0","66","147","161","142","182","0","249","230","158","249","142"
"20243","11620565","성현동","1199","452","747","1","174","211","274","365","174","1","80","111","124","97","39","0","94","100","150","268","135"
"20243","11590605","흑석동","76","46","30","0","0","20","26","20","10","0","0","10","16","10","10","0","0","10","10","10","0"
"20243","11620745","삼성동","713","410","303","0","57","137","210","208","101","0","24","68","110","113","95","0","33","69","100","95","6"
"20243","11650610","방배2동","32778","15950","16828","0","5555","8420","9041","6297","3465","0","1921","3769","4172","3737","2351","0","3634","4651","4869","2560","1114"
"20243","11620625","인헌동","909","532","377","0","187","277","240","135","70","0","83","173","145","69","62","0","104","104","95","66","8"
"20243","11590651","사당5동","1281","702","579","0","146","324","393","314","104","0","62","148","205","183","104","0","84","176","188","131","0"
"20243","11650510","서초1동","41721","23337","18384","2","8767","10822","9223","10183","2724","0","3149","5819","5339","7051","1979","2","5618","5003","3884","3132","745"
"20243","11680655","도곡1동","28100","19906","8194","41","4805","6545","7823","7121","1765","41","2437","4289","5882","5824","1433","0","2368","2256","1941","1297","332"
"20243","11650600","방배1동","17414","11559","5855","41","3449","5375","4250","3161","1138","39","1636","3280","3137","2605","862","2","1813","2095","1113","556","276"
"20243","11710531","거여1동","3002","2255","747","0","756","872","726","395","253","0","526","699","562","273","195","0","230","173","164","122","58"
"20243","11680600","대치1동","14138","7534","6604","16","2582","4621","3529","2200","1190","5","970","2293","1994","1405","867","11","1612","2328","1535","795","323"
"20243","11740530","명일1동","2757","1540","1217","0","409","742","700","494","412","0","186","454","459","252","189","0","223","288","241","242","223"
"20243","11740700","둔촌2동","2158","970","1188","0","412","568","471","449","258","0","112","236","235","213","174","0","300","332","236","236","84"
"20243","11740660","성내3동","5543","3369","2174","0","751","1257","1404","1173","958","0","392","807","860","669","641","0","359","450","544","504","317"
"20243","11110560","평창동","10316","5791","4525","0","1273","2770","3382","2246","645","0","613","1416","1999","1349","414","0","660","1354","1383","897","231"
"20243","11110580","교남동","689","411","278","0","68","180","196","143","102","0","18","91","117","98","87","0","50","89","79","45","15"
"20243","11140605","을지로동","15636","8536","7100","0","3783","3785","3429","2735","1904","0","986","2093","2230","1893","1334","0","2797","1692","1199","842","570"
"20243","11170685","한남동","28708","21055","7653","15","4744","8508","7564","6602","1275","15","2258","5674","6131","5934","1043","0","2486","2834","1433","668","232"
"20243","11140635","약수동","9944","3844","6100","19","1603","3722","2752","1363","485","0","491","1311","913","781","348","19","1112","2411","1839","582","137"
"20243","11200690","성수2가3동","40575","25998","14577","49","6680","10329","10153","8152","5212","49","3704","6900","6833","4917","3595","0","2976","3429","3320","3235","1617"
"20243","11200550","사근동","324","243","81","0","5","56","119","106","38","0","0","37","83","85","38","0","5","19","36","21","0"
"20243","11215830","자양2동","1864","1164","700","0","259","417","499","494","195","0","179","271","290","268","156","0","80","146","209","226","39"
"20243","11200540","마장동","6039","4290","1749","0","487","1069","1386","2007","1090","0","292","742","1009","1423","824","0","195","327","377","584","266"
"20243","11260550","면목5동","837","620","217","0","52","126","244","229","186","0","51","113","119","152","185","0","1","13","125","77","1"
"20243","11230730","휘경2동","844","434","410","0","108","190","220","206","120","0","28","90","116","108","92","0","80","100","104","98","28"
"20243","11305645","우이동","1300","825","475","0","28","71","181","335","685","0","0","30","102","236","457","0","28","41","79","99","228"
"20243","11305615","수유1동","870","390","480","0","47","138","255","294","136","0","0","42","101","129","118","0","47","96","154","165","18"
"20243","11290600","안암동","2475","1658","817","0","312","670","722","549","222","0","160","420","465","406","207","0","152","250","257","143","15"
"20243","11290760","장위1동","390","212","178","0","70","86","102","81","51","0","34","51","51","38","38","0","36","35","51","43","13"
"20243","11290630","정릉2동","1024","425","599","0","152","258","288","233","93","0","13","99","112","109","92","0","139","159","176","124","1"
"20243","11290620","정릉1동","471","264","207","0","42","88","110","141","90","0","0","31","55","89","89","0","42","57","55","52","1"
"20243","11380551","갈현1동","1802","910","892","0","301","427","432","414","228","0","107","219","216","208","160","0","194","208","216","206","68"
"20243","11380632","신사2동","775","567","208","0","75","157","208","198","137","0","64","111","121","136","135","0","11","46","87","62","2"
"20243","11440690","망원1동","2526","1428","1098","0","705","713","534","377","197","0","405","383","262","226","152","0","300","330","272","151","45"
"20243","11470510","목1동","12735","8256","4479","6","2216","3475","3185","2594","1259","4","1037","2276","2256","1863","820","2","1179","1199","929","731","439"
"20243","11500641","방화3동","1716","1110","606","0","167","368","437","471","273","0","84","195","270","329","232","0","83","173","167","142","41"
"20243","11530560","구로5동","10695","6744","3951","2","1512","2515","2776","2368","1522","2","849","1734","1834","1405","920","0","663","781","942","963","602"
"20243","11500593","화곡8동","1483","820","663","0","190","418","448","260","167","0","85","224","224","167","120","0","105","194","224","93","47"
"20243","11530530","구로2동","10444","6475","3969","2","1234","2439","2637","2650","1482","1","570","1448","1584","1747","1125","1","664","991","1053","903","357"
"20243","11545610","독산1동","9731","6253","3478","0","742","1316","1630","2147","3896","0","444","878","1050","1327","2554","0","298","438","580","820","1342"
"20243","11545640","독산4동","1104","651","453","0","118","187","231","265","303","0","83","112","143","127","186","0","35","75","88","138","117"
"20243","11560720","대림3동","4344","2834","1510","0","416","910","1139","1044","835","0","213","646","818","661","496","0","203","264","321","383","339"
"20243","11560710","대림2동","2866","1461","1405","0","532","685","636","443","570","0","210","364","272","248","367","0","322","321","364","195","203"
"20243","11590540","상도2동","805","415","390","0","85","199","217","208","96","0","38","104","113","104","56","0","47","95","104","104","40"
"20243","11170640","이촌2동","1693","1143","550","0","245","462","500","367","119","0","113","288","375","281","86","0","132","174","125","86","33"
"20243","11170625","한강로동","44336","21895","22441","62","9063","13874","12681","6513","2143","27","3691","6496","6309","3962","1410","35","5372","7378","6372","2551","733"
"20243","11140520","소공동","96440","51200","45240","498","27908","30449","21214","12761","3610","126","9073","15147","15131","9317","2406","372","18835","15302","6083","3444","1204"
"20243","11140680","중림동","2924","1636","1288","0","613","949","767","396","199","0","278","515","430","266","147","0","335","434","337","130","52"
"20243","11200560","행당1동","1334","918","416","0","164","282","346","388","154","0","82","178","242","295","121","0","82","104","104","93","33"
"20243","11200620","금호4가동","419","249","170","0","52","95","117","100","55","0","18","48","77","61","45","0","34","47","40","39","10"
"20243","11230660","장안2동","4530","2436","2094","0","1404","880","925","850","471","0","727","505","431","411","362","0","677","375","494","439","109"
"20243","11230570","전농2동","885","462","423","0","105","184","234","238","124","0","43","86","127","124","82","0","62","98","107","114","42"
"20243","11230705","청량리동","1775","954","821","0","307","538","337","325","268","0","109","313","187","186","159","0","198","225","150","139","109"
"20243","11260600","중화1동","893","475","418","0","84","197","241","218","153","0","24","75","113","128","135","0","60","122","128","90","18"
"20243","11290580","돈암1동","152","71","81","0","44","46","31","22","9","0","11","23","17","12","8","0","33","23","14","10","1"
"20243","11305535","미아동","4013","2324","1689","0","289","706","1241","1212","565","0","89","346","702","760","427","0","200","360","539","452","138"
"20243","11290650","정릉4동","948","588","360","0","56","144","234","316","198","0","10","72","151","216","139","0","46","72","83","100","59"
"20243","11320681","쌍문4동","175","92","83","0","16","40","52","47","20","0","3","19","26","26","18","0","13","21","26","21","2"
"20243","11380640","증산동","1869","1221","648","0","238","503","513","433","182","0","107","333","338","292","151","0","131","170","175","141","31"
"20243","11410700","남가좌2동","903","464","439","0","77","189","270","275","92","0","10","89","128","153","84","0","67","100","142","122","8"
"20243","11410720","북가좌2동","1266","642","624","0","165","250","294","335","222","0","26","127","171","179","139","0","139","123","123","156","83"
"20243","11410615","연희동","21401","14196","7205","0","3384","5345","4614","6001","2057","0","1892","3596","2902","4324","1482","0","1492","1749","1712","1677","575"
"20243","11410565","충현동","11306","7045","4261","0","1398","2898","3003","2692","1315","0","657","1760","1909","1774","945","0","741","1138","1094","918","370"
"20243","11410520","천연동","913","491","422","0","68","146","243","327","129","0","17","66","137","191","80","0","51","80","106","136","49"
"20243","11380560","구산동","1455","777","678","0","169","270","323","474","219","0","66","121","151","294","145","0","103","149","172","180","74"
"20243","11380650","수색동","244","158","86","0","31","66","60","48","39","0","15","43","38","31","31","0","16","23","22","17","8"
"20243","11440680","합정동","5432","3054","2378","0","887","1599","1455","984","507","0","330","786","912","657","369","0","557","813","543","327","138"
"20243","11470560","신월1동","1782","1174","608","0","137","307","419","613","306","0","76","191","250","414","243","0","61","116","169","199","63"
"20243","11470570","신월2동","1190","691","499","0","91","193","323","332","251","0","53","116","164","178","180","0","38","77","159","154","71"
"20243","11440630","신수동","2170","1233","937","0","263","605","610","533","159","0","97","284","350","371","131","0","166","321","260","162","28"
"20243","11470611","신월7동","2299","1509","790","0","248","381","469","549","652","0","186","289","313","331","390","0","62","92","156","218","262"
"20243","11500603","가양1동","2416","1516","900","0","252","505","556","588","515","0","101","310","337","384","384","0","151","195","219","204","131"
"20243","11500605","가양3동","1182","761","421","2","198","262","332","246","142","1","130","175","213","146","96","1","68","87","119","100","46"
"20243","11530770","오류1동","2151","1374","777","0","275","401","535","627","313","0","201","276","321","356","220","0","74","125","214","271","93"
"20243","11545510","가산동","95655","62951","32704","283","18856","29752","23688","14009","9067","185","10008","19990","17091","9311","6366","98","8848","9762","6597","4698","2701"
"20243","11560605","문래동","71867","52241","19626","32","11101","23517","22164","11324","3729","6","6202","17886","18113","7686","2348","26","4899","5631","4051","3638","1381"
"20243","11560680","신길6동","1442","930","512","0","138","347","388","317","252","0","69","221","237","209","194","0","69","126","151","108","58"
"20243","11560620","양평2동","11342","6502","4840","0","2061","3101","3143","1963","1074","0","894","1873","1781","1158","796","0","1167","1228","1362","805","278"
"20243","11590560","상도4동","710","424","286","0","83","171","186","177","93","0","39","99","109","128","49","0","44","72","77","49","44"
"20243","11590530","상도1동","2227","1282","945","0","354","543","540","492","298","0","152","302","327","299","202","0","202","241","213","193","96"
"20243","11680630","대치4동","31032","19078","11954","67","4984","9245","8439","5292","3005","0","2142","5591","5771","3707","1867","67","2842","3654","2668","1585","1138"
"20243","11680510","신사동","25038","14951","10087","0","5207","7580","6409","3823","2019","0","2025","4624","4287","2509","1506","0","3182","2956","2122","1314","513"
"20243","11680690","개포4동","6678","4824","1854","0","809","1516","1891","1595","867","0","402","1015","1435","1247","725","0","407","501","456","348","142"
"20243","11680670","개포2동","8731","5723","3008","4","1535","2490","2091","1621","990","0","820","1664","1440","1034","765","4","715","826","651","587","225"
"20243","11680650","역삼2동","68537","40632","27905","152","15811","19055","16307","12155","5057","43","7630","12199","10844","6356","3560","109","8181","6856","5463","5799","1497"
"20243","11710561","방이1동","8432","6181","2251","0","874","1654","2217","2258","1429","0","420","1055","1654","1811","1241","0","454","599","563","447","188"
"20243","11710562","방이2동","40058","23009","17049","7","6471","10275","9044","8561","5700","7","3632","6681","5532","4014","3143","0","2839","3594","3512","4547","2557"
"20243","11710532","거여2동","1196","618","578","0","150","198","297","359","192","0","84","117","150","163","104","0","66","81","147","196","88"
"20243","11680660","개포1동","1310","805","505","5","206","347","341","271","140","2","93","192","235","183","100","3","113","155","106","88","40"
"20243","11710646","장지동","3218","2180","1038","0","351","512","766","847","742","0","193","341","508","589","549","0","158","171","258","258","193"
"20243","11740550","고덕1동","653","337","316","0","74","143","169","156","111","0","33","80","82","71","71","0","41","63","87","85","40"
"20243","11710710","잠실6동","59905","31919","27986","111","9537","15898","17089","15283","1987","31","4414","9772","9864","6342","1496","80","5123","6126","7225","8941","491"
"20243","11710566","오륜동","15516","8991","6525","17","2517","4692","4029","3106","1155","5","1014","2440","2590","2057","885","12","1503","2252","1439","1049","270"
"20243","11110515","청운효자동","5377","3480","1897","1","988","1564","1499","958","367","0","431","980","1114","694","261","1","557","584","385","264","106"
"20243","11140665","동화동","1010","451","559","0","165","241","258","219","127","0","47","80","126","118","80","0","118","161","132","101","47"
"20243","11110540","삼청동","3669","3043","626","0","438","986","1160","876","209","0","284","763","1005","792","199","0","154","223","155","84","10"
"20243","11200590","금호1가동","1330","486","844","6","156","438","542","155","33","0","45","145","212","60","24","6","111","293","330","95","9"
"20243","11170520","용산2가동","415","312","103","0","5","69","172","164","5","0","0","37","138","132","5","0","5","32","34","32","0"
"20243","11200650","성수1가1동","2207","1375","832","0","274","467","495","593","378","0","125","290","315","403","242","0","149","177","180","190","136"
"20243","11200670","성수2가1동","7294","4668","2626","17","1689","2131","1695","1190","572","9","756","1383","1164","851","505","8","933","748","531","339","67"
"20243","11140580","장충동","5048","2670","2378","4","1160","1388","1309","970","217","0","409","777","777","561","146","4","751","611","532","409","71"
"20243","11215847","자양4동","329","275","54","0","0","22","85","104","118","0","0","18","59","80","118","0","0","4","26","24","0"
"20243","11215820","자양1동","7514","5952","1562","0","497","1061","2050","3078","828","0","218","691","1645","2673","725","0","279","370","405","405","103"
"20243","11260575","면목3?8동","1509","983","526","0","105","262","412","433","297","0","18","138","250","327","250","0","87","124","162","106","47"
"20243","11230710","회기동","40","17","23","0","0","8","14","11","7","0","0","0","6","4","7","0","0","8","8","7","0"
"20243","11230720","휘경1동","682","425","257","0","55","139","180","180","128","0","14","88","118","129","76","0","41","51","62","51","52"
"20243","11260565","면목본동","752","415","337","0","56","193","213","201","89","0","0","98","114","114","89","0","56","95","99","87","0"
"20243","11320670","쌍문2동","838","486","352","0","77","142","209","260","150","0","10","67","109","167","133","0","67","75","100","93","17"
"20243","11320660","쌍문1동","650","315","335","0","53","100","188","203","106","0","0","33","70","106","106","0","53","67","118","97","0"
"20243","11350600","공릉2동","2062","953","1109","0","342","519","504","483","214","0","103","236","236","239","139","0","239","283","268","244","75"
"20243","11320511","창1동","807","363","444","0","107","164","221","226","89","0","36","65","97","105","60","0","71","99","124","121","29"
"20243","11350611","하계1동","439","276","163","0","50","93","109","127","60","0","23","54","64","88","47","0","27","39","45","39","13"
"20243","11320710","방학3동","923","556","367","0","160","211","217","213","122","0","102","121","138","103","92","0","58","90","79","110","30"
"20243","11410685","홍은2동","1905","1237","668","0","303","524","472","411","195","0","176","340","302","271","148","0","127","184","170","140","47"
"20243","11350624","중계4동","1023","565","458","0","96","210","241","274","202","0","35","101","127","147","155","0","61","109","114","127","47"
"20243","11350580","월계3동","63","33","30","0","6","12","18","18","9","0","3","6","9","9","6","0","3","6","9","9","3"
"20243","11380510","녹번동","2119","1129","990","0","230","496","588","572","233","0","109","238","279","344","159","0","121","258","309","228","74"
"20243","11470590","신월4동","960","654","306","0","32","115","229","322","262","0","11","63","129","219","232","0","21","52","100","103","30"
"20243","11470600","신월5동","1297","733","564","0","140","342","341","338","136","0","65","171","178","201","118","0","75","171","163","137","18"
"20243","11500520","등촌1동","4511","2729","1782","0","900","1179","1002","805","625","0","330","749","698","533","419","0","570","430","304","272","206"
"20243","11500535","등촌3동","10445","5539","4906","0","1309","2231","2338","2582","1985","0","576","1217","1365","1257","1124","0","733","1014","973","1325","861"
"20243","11500640","방화2동","1685","1181","504","0","129","321","390","484","361","0","79","210","269","317","306","0","50","111","121","167","55"
"20243","11500615","우장산동","2596","1441","1155","0","570","585","557","547","337","0","213","341","332","330","225","0","357","244","225","217","112"
"20222","11680600","대치1동","18253","9723","8530","24","3341","5959","4549","2842","1538","8","1255","2956","2574","1816","1114","16","2086","3003","1975","1026","424"
"20243","11530730","고척2동","1156","743","413","0","106","267","310","325","148","0","74","170","183","187","129","0","32","97","127","138","19"
"20243","11530740","개봉1동","17477","10202","7275","0","1472","3762","4205","4673","3365","0","764","2092","2152","2663","2531","0","708","1670","2053","2010","834"
"20243","11530750","개봉2동","6326","3136","3190","0","1127","1538","1510","1508","643","0","642","983","672","506","333","0","485","555","838","1002","310"
"20243","11530550","구로4동","1050","582","468","0","85","224","270","268","203","0","28","128","140","140","146","0","57","96","130","128","57"
"20243","11470630","신정2동","20043","11522","8521","4","3632","6521","5379","3543","964","0","1470","3585","3332","2362","773","4","2162","2936","2047","1181","191"
"20243","11545670","시흥1동","3572","1926","1646","0","528","853","851","897","443","0","244","426","426","507","323","0","284","427","425","390","120"
"20243","11560670","신길5동","785","379","406","0","51","176","276","205","77","0","20","78","101","104","76","0","31","98","175","101","1"
"20243","11560610","양평1동","8546","4969","3577","4","1697","1985","1904","1717","1239","0","867","1270","1140","884","808","4","830","715","764","833","431"
"20243","11620685","신사동","3039","2125","914","0","493","903","913","537","193","0","219","619","723","418","146","0","274","284","190","119","47"
"20243","11620655","신원동","432","275","157","0","8","100","129","124","71","0","8","58","83","78","48","0","0","42","46","46","23"
"20243","11620735","대학동","396","336","60","0","40","105","122","105","24","0","27","81","109","95","24","0","13","24","13","10","0"
"20243","11620525","보라매동","8912","4593","4319","0","1090","2068","2150","2290","1314","0","417","1051","1099","1085","941","0","673","1017","1051","1205","373"
"20243","11620725","조원동","2571","1609","962","0","494","638","630","551","258","0","227","413","403","374","192","0","267","225","227","177","66"
"20243","11650621","방배4동","14768","9129","5639","0","2559","4085","3682","2821","1621","0","1082","2405","2494","1977","1171","0","1477","1680","1188","844","450"
"20243","11650590","방배본동","16801","9303","7498","36","3151","4342","4477","3005","1790","36","1068","2264","2609","1955","1371","0","2083","2078","1868","1050","419"
"20243","11590650","사당4동","793","419","374","0","70","118","180","148","277","0","29","61","75","66","188","0","41","57","105","82","89"
"20243","11680531","논현2동","56378","36111","20267","0","10816","16385","13654","9141","6382","0","4704","9805","9712","6968","4922","0","6112","6580","3942","2173","1460"
"20243","11680610","대치2동","84405","47202","37203","501","15329","23218","19449","15907","10001","217","7058","14207","12498","8214","5008","284","8271","9011","6951","7693","4993"
"20243","11680545","압구정동","37832","21271","16561","140","8406","11813","8694","5698","3081","35","3120","6640","5844","3730","1902","105","5286","5173","2850","1968","1179"
"20243","11650581","반포4동","63769","56313","7456","13","6374","13553","17207","23722","2900","3","4843","11276","15276","22550","2365","10","1531","2277","1931","1172","535"
"20243","11650550","반포본동","6068","3302","2766","12","1002","2001","1732","1039","282","7","366","1091","971","650","217","5","636","910","761","389","65"
"20243","11710620","가락본동","24272","14661","9611","0","3301","5848","5560","4765","4798","0","1578","3644","3720","2761","2958","0","1723","2204","1840","2004","1840"
"20243","11680590","삼성2동","54523","31356","23167","51","11003","17708","13865","7714","4182","16","4563","10420","9261","4333","2763","35","6440","7288","4604","3381","1419"
"20243","11710632","가락2동","5913","3966","1947","0","786","1251","1177","1111","1588","0","464","850","777","662","1213","0","322","401","400","449","375"
"20243","11740515","강일동","149","100","49","0","20","31","43","38","17","0","10","22","28","25","15","0","10","9","15","13","2"
"20243","11740600","천호1동","5665","3330","2335","0","439","1033","1447","1387","1359","0","133","532","732","860","1073","0","306","501","715","527","286"
"20243","11740620","천호3동","827","482","345","0","24","74","133","143","453","0","4","32","66","74","306","0","20","42","67","69","147"
"20243","11740640","성내1동","11908","8086","3822","0","1414","2494","2569","3068","2363","0","810","1558","1682","2219","1817","0","604","936","887","849","546"
"20243","11140550","명동","127964","74078","53886","25","20947","43132","34747","22800","6313","0","8365","22222","22388","16811","4292","25","12582","20910","12359","5989","2021"
"20243","11110710","숭인2동","1439","731","708","0","204","250","348","353","284","0","53","116","196","212","154","0","151","134","152","141","130"
"20243","11140670","황학동","918","675","243","0","117","277","259","167","98","0","90","178","169","140","98","0","27","99","90","27","0"
"20243","11200660","성수1가2동","4957","3435","1522","0","790","1011","1047","1084","1025","0","474","674","677","778","832","0","316","337","370","306","193"
"20243","11215860","구의2동","1846","1169","677","0","260","317","479","506","284","0","131","177","319","333","209","0","129","140","160","173","75"
"20243","11200570","행당2동","3","0","3","0","0","1","1","1","0","0","0","0","0","0","0","0","0","1","1","1","0"
"20243","11230600","답십리1동","1771","852","919","0","255","366","493","475","182","0","173","244","177","130","128","0","82","122","316","345","54"
"20243","11230560","전농1동","387","311","76","0","17","40","138","147","45","0","15","30","119","118","29","0","2","10","19","29","16"
"20243","11260540","면목4동","396","338","58","0","6","50","122","171","47","0","2","38","96","155","47","0","4","12","26","16","0"
"20243","11260610","중화2동","372","249","123","0","10","23","122","94","123","0","4","10","61","61","113","0","6","13","61","33","10"
"20243","11290590","돈암2동","446","272","174","1","69","107","142","80","47","0","32","64","96","59","21","1","37","43","46","21","26"
"20243","11290810","석관동","1554","1144","410","0","43","191","284","332","704","0","20","138","172","226","588","0","23","53","112","106","116"
"20243","11290725","월곡2동","3056","1939","1117","0","488","877","749","536","406","0","244","572","451","321","351","0","244","305","298","215","55"
"20243","11305635","수유3동","2578","1325","1253","0","200","650","702","721","305","0","51","273","325","450","226","0","149","377","377","271","79"
"20243","11305575","삼각산동","269","146","123","0","48","74","92","38","17","0","18","42","50","19","17","0","30","32","42","19","0"
"20243","11305625","수유2동","1213","668","545","0","10","32","246","393","532","0","0","19","162","273","214","0","10","13","84","120","318"
"20243","11320700","방학2동","420","192","228","0","5","94","106","94","121","0","0","47","49","47","49","0","5","47","57","47","72"
"20243","11290780","장위3동","283","174","109","0","36","53","65","74","55","0","8","28","37","46","55","0","28","25","28","28","0"
"20243","11290640","정릉3동","238","194","44","0","29","81","60","45","23","0","21","62","52","40","19","0","8","19","8","5","4"
"20243","11350700","상계8동","526","276","250","0","73","153","129","119","52","0","26","97","54","65","34","0","47","56","75","54","18"
"20243","11320522","도봉2동","608","390","218","0","22","66","106","157","257","0","6","33","59","102","190","0","16","33","47","55","67"
"20243","11470580","신월3동","861","507","354","0","67","160","199","277","158","0","19","64","103","179","142","0","48","96","96","98","16"
"20243","11470650","신정4동","7068","3933","3135","0","1170","1243","1364","1504","1787","0","323","601","700","819","1490","0","847","642","664","685","297"
"20243","11410640","홍제3동","618","300","318","0","35","61","125","174","223","0","1","21","52","93","133","0","34","40","73","81","90"
"20243","11500591","화곡6동","5092","3250","1842","0","710","1375","1312","1159","536","0","354","876","835","771","414","0","356","499","477","388","122"
"20243","11500510","염창동","2236","1041","1195","0","350","657","664","381","184","0","126","288","268","212","147","0","224","369","396","169","37"
"20243","11545700","시흥4동","1085","662","423","0","175","230","323","274","83","0","110","161","194","126","71","0","65","69","129","148","12"
"20243","11560560","당산2동","10350","6927","3423","0","1619","2332","2517","2296","1586","0","821","1454","1754","1684","1214","0","798","878","763","612","372"
"20243","11560650","신길3동","362","307","55","0","1","42","91","107","121","0","0","37","72","82","116","0","1","5","19","25","5"
"20243","11590670","신대방1동","3097","1965","1132","0","590","993","725","496","293","0","301","642","500","322","200","0","289","351","225","174","93"
"20243","11590680","신대방2동","10847","6910","3937","14","1979","2262","2031","2543","2018","7","1499","1740","1296","1294","1074","7","480","522","735","1249","944"
"20243","11620765","미성동","2391","1432","959","0","193","418","589","648","543","0","134","252","330","334","382","0","59","166","259","314","161"
"20243","11590640","사당3동","954","562","392","0","110","214","264","224","142","0","38","115","164","134","111","0","72","99","100","90","31"
"20243","11650520","서초2동","56400","37468","18932","86","11821","18627","14132","8646","3088","15","6461","12575","9718","6487","2212","71","5360","6052","4414","2159","876"
"20243","11680521","논현1동","38707","22656","16051","0","10140","11648","8247","5387","3285","0","4325","6918","5556","3465","2392","0","5815","4730","2691","1922","893"
"20243","11680565","청담동","51520","29529","21991","14","10757","17061","12827","7753","3108","0","4054","9745","8434","5124","2172","14","6703","7316","4393","2629","936"
"20243","11710610","삼전동","3830","2573","1257","0","455","872","862","780","861","0","261","565","559","475","713","0","194","307","303","305","148"
"20243","11710631","가락1동","4765","3333","1432","0","324","885","1313","1366","877","0","218","677","967","897","574","0","106","208","346","469","303"
"20243","11710570","오금동","20030","13974","6056","0","2665","4763","5068","4822","2712","0","1563","3204","3728","3641","1838","0","1102","1559","1340","1181","874"
"20243","11710540","마천1동","503","247","256","0","25","119","168","161","30","0","0","56","83","78","30","0","25","63","85","83","0"
"20243","11740580","암사2동","1720","626","1094","0","174","282","410","512","342","0","59","131","167","148","121","0","115","151","243","364","221"
"20243","11710510","풍납1동","549","325","224","0","59","124","156","157","53","0","34","72","84","85","50","0","25","52","72","72","3"
"20243","11740570","암사1동","2183","1341","842","0","281","470","462","436","534","0","139","307","294","294","307","0","142","163","168","142","227"
"20243","11740650","성내2동","1700","1132","568","0","270","358","403","340","329","0","201","235","236","234","226","0","69","123","167","106","103"
"20243","11110615","종로1?2?3?4가동","118299","65214","53085","1530","23988","36135","32492","18536","5618","635","10442","18152","19058","13083","3844","895","13546","17983","13434","5453","1774"
"20243","11170590","용문동","2629","1529","1100","0","512","716","730","490","181","0","212","422","436","332","127","0","300","294","294","158","54"
"20243","11170560","원효로1동","2820","1931","889","0","436","773","741","524","346","0","256","554","518","360","243","0","180","219","223","164","103"
"20243","11170555","청파동","3005","1625","1380","0","451","778","729","649","398","0","147","358","391","404","325","0","304","420","338","245","73"
"20243","11200645","옥수동","4558","1770","2788","0","1170","1349","1030","689","320","0","300","499","482","325","164","0","870","850","548","364","156"
"20243","11200520","왕십리2동","1014","623","391","0","120","270","298","233","93","0","60","146","184","149","84","0","60","124","114","84","9"
"20243","11200790","용답동","2774","1712","1062","8","714","796","574","430","252","0","303","526","395","278","210","8","411","270","179","152","42"
"20243","11215850","구의1동","2605","1581","1024","0","363","675","734","605","228","0","194","393","403","396","195","0","169","282","331","209","33"
"20243","11215730","군자동","906","500","406","0","97","195","214","204","196","0","32","103","123","111","131","0","65","92","91","93","65"
"20243","11230610","답십리2동","2640","1941","699","0","408","599","628","554","451","0","321","463","453","379","325","0","87","136","175","175","126"
"20243","11215740","중곡1동","3334","1621","1713","9","889","644","665","794","333","0","379","343","328","318","253","9","510","301","337","476","80"
"20243","11230650","장안1동","12921","8194","4727","0","1731","2554","2803","2866","2967","0","1047","1656","1757","1733","2001","0","684","898","1046","1133","966"
"20243","11215770","중곡4동","2743","1354","1389","0","472","677","713","646","235","0","126","314","347","348","219","0","346","363","366","298","16"
"20243","11260620","묵1동","766","363","403","0","65","189","235","192","85","0","17","90","102","90","64","0","48","99","133","102","21"
"20243","11260690","신내2동","956","532","424","0","127","240","235","238","116","0","53","113","122","154","90","0","74","127","113","84","26"
"20243","11260580","상봉1동","1360","991","369","0","140","229","289","378","324","0","100","150","167","270","304","0","40","79","122","108","20"
"20243","11305534","삼양동","91","65","26","0","4","12","23","25","27","0","0","5","13","20","27","0","4","7","10","5","0"
"20243","11320690","방학1동","6018","3502","2516","0","594","1337","1482","1810","795","0","324","770","770","1030","608","0","270","567","712","780","187"
"20243","11320680","쌍문3동","886","401","485","0","194","207","227","215","43","0","31","93","116","123","38","0","163","114","111","92","5"
"20243","11320512","창2동","851","503","348","0","92","198","243","208","110","0","40","125","134","107","97","0","52","73","109","101","13"
"20243","11350595","공릉1동","15186","8203","6983","0","1619","2325","3307","4196","3739","0","734","1261","1642","2182","2384","0","885","1064","1665","2014","1355"
"20243","11350560","월계1동","919","497","422","0","148","220","238","180","133","0","66","131","119","91","90","0","82","89","119","89","43"
"20243","11320515","창5동","4176","2648","1528","0","477","933","1026","895","845","0","245","645","694","492","572","0","232","288","332","403","273"
"20243","11560515","영등포본동","2560","1468","1092","0","349","644","673","631","263","0","141","328","387","400","212","0","208","316","286","231","51"
"20243","11590550","상도3동","652","392","260","0","24","130","195","158","145","0","15","99","122","79","77","0","9","31","73","79","68"
"20243","11620695","신림동","1202","725","477","0","58","167","305","287","385","0","8","87","165","165","300","0","50","80","140","122","85"
"20243","11620630","남현동","3437","2290","1147","0","575","866","934","679","383","0","317","588","658","448","279","0","258","278","276","231","104"
"20243","11650660","내곡동","1190","776","414","0","170","247","252","257","264","0","120","180","172","149","155","0","50","67","80","108","109"
"20243","11620595","청룡동","3423","1885","1538","0","555","986","828","789","265","0","211","504","458","517","195","0","344","482","370","272","70"
"20243","11620615","중앙동","1013","462","551","0","104","178","235","302","194","0","35","87","108","140","92","0","69","91","127","162","102"
"20243","11650530","서초3동","55705","33079","22626","10","9598","16715","14298","10172","4912","0","4061","9736","9137","6627","3518","10","5537","6979","5161","3545","1394"
"20243","11650570","반포2동","2380","1418","962","4","400","739","618","399","220","2","175","447","398","241","155","2","225","292","220","158","65"
"20243","11680700","세곡동","224","142","82","0","4","36","45","75","64","0","1","19","28","47","47","0","3","17","17","28","17"
"20243","11680750","수서동","15898","8389","7509","16","2265","4281","4274","3160","1902","9","1013","2302","2241","1682","1142","7","1252","1979","2033","1478","760"
"20243","11680730","일원1동","1322","732","590","0","161","248","310","293","310","0","69","132","160","154","217","0","92","116","150","139","93"
"20243","11740610","천호2동","2423","1262","1161","0","249","529","629","591","425","0","90","243","312","295","322","0","159","286","317","296","103"
"20243","11740520","상일동","1339","678","661","0","197","302","328","352","160","0","71","151","196","159","101","0","126","151","132","193","59"
"20243","11710670","잠실2동","3642","2426","1216","2","699","1057","956","727","201","2","438","742","649","478","117","0","261","315","307","249","84"
"20251","11350580","월계3동","100","50","50","0","11","17","27","28","17","0","4","9","13","14","10","0","7","8","14","14","7"
"20252","11110560","평창동","14903","8370","6533","0","1838","4002","4877","3247","939","0","887","2053","2881","1947","602","0","951","1949","1996","1300","337"
"20252","11140665","동화동","1303","581","722","0","208","313","342","282","158","0","56","102","169","152","102","0","152","211","173","130","56"
"20252","11140680","중림동","3863","2163","1700","0","813","1254","1015","521","260","0","369","678","570","349","197","0","444","576","445","172","63"
"20252","11140670","황학동","796","612","184","0","87","255","233","133","88","0","78","167","155","124","88","0","9","88","78","9","0"
"20252","11170580","효창동","1419","829","590","0","195","372","395","307","150","0","97","220","241","154","117","0","98","152","154","153","33"
"20252","11200590","금호1가동","1732","633","1099","5","205","574","709","199","40","0","59","190","276","77","31","5","146","384","433","122","9"
"20252","11200550","사근동","438","330","108","0","6","73","161","145","53","0","0","50","113","115","52","0","6","23","48","30","1"
"20252","11215830","자양2동","2506","1569","937","0","346","565","672","665","258","0","241","365","388","360","215","0","105","200","284","305","43"
"20252","11215840","자양3동","1753","1311","442","0","196","468","506","452","131","0","127","338","383","345","118","0","69","130","123","107","13"
"20252","11260610","중화2동","361","262","99","0","2","11","126","87","135","0","1","3","63","63","132","0","1","8","63","24","3"
"20252","11305603","번2동","364","174","190","0","40","37","110","126","51","0","15","20","46","62","31","0","25","17","64","64","20"
"20252","11320690","방학1동","3898","2269","1629","0","390","861","959","1181","507","0","216","499","499","669","386","0","174","362","460","512","121"
"20252","11320670","쌍문2동","851","508","343","0","71","138","210","276","156","0","5","66","111","182","144","0","66","72","99","94","12"
"20252","11320511","창1동","785","351","434","0","101","161","216","220","87","0","32","63","94","102","60","0","69","98","122","118","27"
"20252","11350670","상계5동","1381","696","685","0","4","49","246","407","675","0","0","36","99","178","383","0","4","13","147","229","292"
"20252","11380560","구산동","1973","1056","917","0","225","366","445","641","296","0","86","164","209","399","198","0","139","202","236","242","98"
"20252","11440600","대흥동","3405","1675","1730","0","1423","786","486","458","252","0","543","404","270","278","180","0","880","382","216","180","72"
"20252","11440740","상암동","16189","9996","6193","11","3426","5957","4431","1808","556","3","1501","3769","2953","1290","480","8","1925","2188","1478","518","76"
"20252","11440730","성산2동","1511","675","836","0","103","292","424","501","191","0","29","144","191","194","117","0","74","148","233","307","74"
"20252","11470560","신월1동","2220","1482","738","0","145","385","531","783","376","0","81","242","317","532","310","0","64","143","214","251","66"
"20252","11500535","등촌3동","12234","6484","5750","0","1532","2610","2740","3030","2322","0","674","1424","1600","1473","1313","0","858","1186","1140","1557","1009"
"20252","11500615","우장산동","3048","1696","1352","0","663","691","659","640","395","0","244","403","394","390","265","0","419","288","265","250","130"
"20252","11530720","고척1동","2091","1505","586","0","178","424","560","637","292","0","93","289","393","484","246","0","85","135","167","153","46"
"20252","11530540","구로3동","62687","41149","21538","196","13038","21165","15911","7771","4606","136","6594","14051","11226","5433","3709","60","6444","7114","4685","2338","897"
"20252","11530790","수궁동","1732","1206","526","0","150","327","410","508","337","0","96","212","265","349","284","0","54","115","145","159","53"
"20252","11560605","문래동","65200","47342","17858","23","10086","21308","20093","10272","3418","3","5624","16203","16404","6958","2150","20","4462","5105","3689","3314","1268"
"20252","11560670","신길5동","626","304","322","0","36","140","221","168","61","0","13","62","84","84","61","0","23","78","137","84","0"
"20252","11560690","신길7동","2276","1568","708","0","256","439","512","661","408","0","157","301","349","427","334","0","99","138","163","234","74"
"20252","11560620","양평2동","14874","8538","6336","0","2707","4073","4130","2572","1392","0","1172","2463","2345","1522","1036","0","1535","1610","1785","1050","356"
"20252","11560535","영등포동","14034","7872","6162","0","2566","3490","3364","2777","1837","0","929","1950","2105","1645","1243","0","1637","1540","1259","1132","594"
"20252","11590640","사당3동","1114","648","466","0","130","250","304","264","166","0","48","132","185","153","130","0","82","118","119","111","36"
"20252","11590560","상도4동","940","584","356","0","100","228","259","243","110","0","48","135","158","185","58","0","52","93","101","58","52"
"20252","11620775","난곡동","981","573","408","0","38","216","249","354","124","0","2","110","124","215","122","0","36","106","125","139","2"
"20252","11620735","대학동","590","507","83","0","56","156","186","161","31","0","40","123","167","146","31","0","16","33","19","15","0"
"20252","11620525","보라매동","1644","847","797","0","190","388","403","431","232","0","64","198","205","203","177","0","126","190","198","228","55"
"20252","11620685","신사동","3137","2229","908","0","499","950","960","550","178","0","219","659","772","437","142","0","280","291","188","113","36"
"20252","11620625","인헌동","1623","950","673","0","339","486","428","244","126","0","152","299","260","124","115","0","187","187","168","120","11"
"20252","11650510","서초1동","47656","26664","20992","0","10020","12365","10535","11639","3097","0","3599","6646","6099","8061","2259","0","6421","5719","4436","3578","838"
"20252","11680590","삼성2동","70662","40645","30017","44","14269","22959","17969","10010","5411","11","5918","13510","12008","5622","3576","33","8351","9449","5961","4388","1835"
"20252","11680700","세곡동","379","233","146","0","5","66","79","124","105","0","0","35","48","76","74","0","5","31","31","48","31"
"20252","11710562","방이2동","40697","23384","17313","0","6579","10448","9191","8692","5787","0","3695","6803","5625","4074","3187","0","2884","3645","3566","4618","2600"
"20252","11710590","송파2동","4268","2690","1578","2","682","1065","1114","1017","388","2","332","674","804","634","244","0","350","391","310","383","144"
"20252","11740660","성내3동","3676","2235","1441","0","497","837","936","773","633","0","259","537","573","440","426","0","238","300","363","333","207"
"20252","11740610","천호2동","2893","1513","1380","0","265","627","774","728","499","0","87","284","383","364","395","0","178","343","391","364","104"
"20252","11200645","옥수동","3197","1245","1952","0","823","948","719","483","224","0","212","352","337","228","116","0","611","596","382","255","108"
"20252","11290590","돈암2동","552","334","218","1","85","133","175","99","59","0","39","79","117","73","26","1","46","54","58","26","33"
"20252","11470610","신월6동","597","353","244","0","59","112","138","161","127","0","22","58","75","92","106","0","37","54","63","69","21"
"20252","11380650","수색동","176","113","63","0","22","48","43","35","28","0","11","31","27","22","22","0","11","17","16","13","6"
"20252","11305608","번3동","262","143","119","0","26","40","65","77","54","0","8","20","36","43","36","0","18","20","29","34","18"
"20252","11710690","잠실4동","4438","3563","875","22","593","1392","1289","940","202","9","426","1142","1063","767","156","13","167","250","226","173","46"
"20252","11110700","숭인1동","211","96","115","0","37","49","52","50","23","0","0","20","26","28","22","0","37","29","26","22","1"
"20252","11110515","청운효자동","5324","3453","1871","0","976","1558","1487","952","351","0","424","979","1104","693","253","0","552","579","383","259","98"
"20252","11140635","약수동","13696","5297","8399","21","2208","5127","3798","1874","668","0","676","1807","1260","1073","481","21","1532","3320","2538","801","187"
"20252","11140605","을지로동","17430","9533","7897","0","4230","4221","3831","3039","2109","0","1096","2338","2494","2114","1491","0","3134","1883","1337","925","618"
"20252","11140580","장충동","4450","2358","2092","0","1024","1222","1151","860","193","0","365","683","683","495","132","0","659","539","468","365","61"
"20252","11140645","청구동","2178","1190","988","0","315","576","515","470","302","0","104","298","323","287","178","0","211","278","192","183","124"
"20252","11140540","회현동","69985","43262","26723","135","13133","24729","19174","10170","2644","25","6135","14755","12489","8013","1845","110","6998","9974","6685","2157","799"
"20252","11200690","성수2가3동","31123","19941","11182","42","5123","7926","7782","6246","4004","42","2840","5291","5234","3771","2763","0","2283","2635","2548","2475","1241"
"20252","11200720","송정동","748","488","260","0","83","184","205","156","120","0","37","119","118","99","115","0","46","65","87","57","5"
"20252","11200790","용답동","2556","1592","964","4","663","747","528","391","223","0","280","500","365","256","191","4","383","247","163","135","32"
"20252","11200560","행당1동","1709","1189","520","0","196","364","447","511","191","0","98","232","315","392","152","0","98","132","132","119","39"
"20252","11230536","용신동","18615","9634","8981","0","2288","4133","4595","4562","3037","0","1077","2384","2423","2091","1659","0","1211","1749","2172","2471","1378"
"20252","11230570","전농2동","713","371","342","0","81","152","190","192","98","0","33","70","102","100","66","0","48","82","88","92","32"
"20252","11230545","제기동","3687","2316","1371","0","372","976","970","811","558","0","125","595","650","495","451","0","247","381","320","316","107"
"20252","11260540","면목4동","768","656","112","0","6","95","247","328","92","0","3","74","188","299","92","0","3","21","59","29","0"
"20252","11260550","면목5동","962","720","242","0","55","141","287","260","219","0","55","132","139","175","219","0","0","9","148","85","0"
"20252","11260590","상봉2동","4607","3264","1343","0","527","1201","1578","1063","238","0","307","863","1060","796","238","0","220","338","518","267","0"
"20252","11290810","석관동","1564","1222","342","0","13","172","268","323","788","0","5","135","166","233","683","0","8","37","102","90","105"
"20252","11290600","안암동","1916","1309","607","0","234","524","570","423","165","0","123","331","372","323","160","0","111","193","198","100","5"
"20252","11290715","월곡1동","1348","854","494","0","39","147","285","292","585","0","0","71","148","198","437","0","39","76","137","94","148"
"20252","11290725","월곡2동","4503","2851","1652","0","732","1280","1101","798","592","0","366","834","663","472","516","0","366","446","438","326","76"
"20252","11305595","번1동","1944","1235","709","0","176","398","383","558","429","0","71","264","249","387","264","0","105","134","134","171","165"
"20252","11305534","삼양동","115","89","26","0","3","11","28","35","38","0","0","5","16","30","38","0","3","6","12","5","0"
"20252","11305545","송중동","998","495","503","0","39","141","339","302","177","0","3","46","144","144","158","0","36","95","195","158","19"
"20252","11305645","우이동","1810","1172","638","0","30","78","239","466","997","0","0","31","134","335","672","0","30","47","105","131","325"
"20252","11350595","공릉1동","6065","3288","2777","0","640","921","1336","1667","1501","0","291","502","664","867","964","0","349","419","672","800","537"
"20252","11350625","중계2?3동","1194","663","531","0","158","312","305","305","114","0","94","183","157","159","70","0","64","129","148","146","44"
"20252","11350619","중계본동","821","385","436","0","78","160","216","262","105","0","36","81","87","115","66","0","42","79","129","147","39"
"20252","11380552","갈현2동","3191","1660","1531","0","265","637","877","889","523","0","121","361","417","391","370","0","144","276","460","498","153"
"20252","11380520","불광1동","1769","744","1025","0","237","428","497","411","196","0","80","182","207","175","100","0","157","246","290","236","96"
"20252","11380631","신사1동","1400","758","642","0","110","304","334","363","289","0","35","148","186","175","214","0","75","156","148","188","75"
"20252","11410555","북아현동","918","674","244","0","94","212","259","262","91","0","36","157","201","202","78","0","58","55","58","60","13"
"20252","11440690","망원1동","3418","1953","1465","0","986","995","707","493","237","0","575","538","344","298","198","0","411","457","363","195","39"
"20252","11440710","연남동","3795","2412","1383","0","592","921","961","827","494","0","255","496","580","587","494","0","337","425","381","240","0"
"20252","11440610","염리동","2245","1512","733","2","431","512","456","501","343","0","218","350","349","350","245","2","213","162","107","151","98"
"20252","11470520","목2동","3311","1852","1459","0","453","814","882","764","398","0","213","443","489","440","267","0","240","371","393","324","131"
"20252","11470611","신월7동","2610","1717","893","0","272","428","535","628","747","0","207","327","356","380","447","0","65","101","179","248","300"
"20252","11500603","가양1동","5314","3339","1975","0","557","1115","1222","1290","1130","0","224","687","740","844","844","0","333","428","482","446","286"
"20252","11500611","발산1동","6493","3818","2675","0","319","922","1780","2186","1286","0","123","464","857","1284","1090","0","196","458","923","902","196"
"20252","11500640","방화2동","1301","937","364","0","83","248","306","385","279","0","53","168","215","255","246","0","30","80","91","130","33"
"20252","11530760","개봉3동","2665","1685","980","0","314","681","711","590","369","0","157","437","437","346","308","0","157","244","274","244","61"
"20252","11530730","고척2동","1601","1052","549","0","131","373","436","471","190","0","93","243","266","274","176","0","38","130","170","197","14"
"20252","11530550","구로4동","1298","735","563","0","78","277","351","346","246","0","20","165","181","181","188","0","58","112","170","165","58"
"20252","11530560","구로5동","12925","8170","4755","0","1815","3059","3363","2870","1818","0","1022","2111","2227","1706","1104","0","793","948","1136","1164","714"
"20252","11530770","오류1동","3372","2148","1224","0","430","635","834","982","491","0","312","434","501","555","346","0","118","201","333","427","145"
"20252","11545620","독산2동","1291","761","530","0","122","262","322","428","157","0","66","119","161","266","149","0","56","143","161","162","8"
"20252","11545630","독산3동","2738","2017","721","0","178","421","507","550","1082","0","96","268","275","331","1047","0","82","153","232","219","35"
"20252","11620715","난향동","344","166","178","0","35","79","102","73","55","0","5","36","41","37","47","0","30","43","61","36","8"
"20252","11620630","남현동","3701","2490","1211","0","617","939","1008","734","403","0","342","645","718","490","295","0","275","294","290","244","108"
"20252","11620545","청림동","512","288","224","0","78","169","167","78","20","0","32","95","98","49","14","0","46","74","69","29","6"
"20252","11650570","반포2동","4018","2394","1624","6","675","1248","1044","673","372","3","296","754","673","406","262","3","379","494","371","267","110"
"20252","11650581","반포4동","49942","44085","5857","6","4990","10610","13478","18579","2279","1","3789","8826","11959","17655","1855","5","1201","1784","1519","924","424"
"20252","11680670","개포2동","8854","5812","3042","2","1555","2526","2126","1643","1002","0","831","1691","1463","1050","777","2","724","835","663","593","225"
"20252","11680531","논현2동","57007","36529","20478","0","10931","16592","13817","9239","6428","0","4747","9931","9837","7043","4971","0","6184","6661","3980","2196","1457"
"20252","11680545","압구정동","50479","28382","22097","129","11239","15770","11602","7617","4122","14","4180","8864","7796","4984","2544","115","7059","6906","3806","2633","1578"
"20252","11680650","역삼2동","55876","33133","22743","109","12897","15530","13301","9915","4124","30","6229","9943","8842","5185","2904","79","6668","5587","4459","4730","1220"
"20252","11710510","풍납1동","651","394","257","0","62","146","190","192","61","0","39","86","104","106","59","0","23","60","86","86","2"
"20252","11740515","강일동","143","97","46","0","18","32","41","36","16","0","9","23","27","24","14","0","9","9","14","12","2"
"20252","11740550","고덕1동","845","437","408","0","96","186","218","201","144","0","42","106","107","91","91","0","54","80","111","110","53"
"20252","11740560","고덕2동","1176","740","436","0","57","144","265","416","294","0","2","61","153","286","238","0","55","83","112","130","56"
"20252","11710670","잠실2동","4063","2707","1356","2","779","1180","1068","810","224","2","488","829","725","532","131","0","291","351","343","278","93"
"20252","11350700","상계8동","561","295","266","0","76","163","139","128","55","0","27","104","58","70","36","0","49","59","81","58","19"
"20252","11110600","가회동","12996","9701","3295","1","1382","4493","3905","2451","764","1","716","3299","3067","2020","598","0","666","1194","838","431","166"
"20252","11110570","무악동","485","124","361","0","140","140","127","54","24","0","31","31","38","12","12","0","109","109","89","42","12"
"20252","11110540","삼청동","4210","3509","701","0","499","1132","1342","1008","229","0","324","884","1165","914","222","0","175","248","177","94","7"
"20252","11110670","창신1동","1733","744","989","0","30","288","613","492","310","0","2","60","204","228","250","0","28","228","409","264","60"
"20252","11170625","한강로동","58448","28867","29581","54","11959","18301","16734","8581","2819","23","4871","8563","8329","5223","1858","31","7088","9738","8405","3358","961"
"20252","11200650","성수1가1동","3325","2072","1253","0","412","704","746","896","567","0","185","438","475","610","364","0","227","266","271","286","203"
"20252","11215870","구의3동","11355","6943","4412","0","1329","2401","2748","2867","2010","0","756","1685","1868","1487","1147","0","573","716","880","1380","863"
"20252","11215730","군자동","1002","562","440","0","97","213","244","231","217","0","31","112","143","127","149","0","66","101","101","104","68"
"20252","11215820","자양1동","11952","9440","2512","0","822","1690","3243","4879","1318","0","365","1102","2591","4227","1155","0","457","588","652","652","163"
"20252","11215750","중곡2동","2251","1333","918","0","273","455","607","554","362","0","186","269","324","300","254","0","87","186","283","254","108"
"20252","11215710","화양동","872","621","251","0","86","118","230","300","138","0","27","64","170","226","134","0","59","54","60","74","4"
"20252","11230610","답십리2동","4714","3462","1252","0","732","1065","1115","993","809","0","580","820","799","677","586","0","152","245","316","316","223"
"20252","11260630","묵2동","1255","888","367","0","176","319","303","364","93","0","107","220","197","271","93","0","69","99","106","93","0"
"20252","11290685","길음2동","303","110","193","0","8","59","96","106","34","0","1","17","45","30","17","0","7","42","51","76","17"
"20252","11290575","동선동","2040","1007","1033","0","261","423","468","516","372","0","80","182","231","283","231","0","181","241","237","233","141"
"20252","11290610","보문동","4757","3566","1191","0","459","1409","998","996","895","0","248","1115","792","792","619","0","211","294","206","204","276"
"20252","11290555","삼선동","4986","2496","2490","0","497","1214","1546","1261","468","0","148","514","743","803","288","0","349","700","803","458","180"
"20252","11290780","장위3동","275","169","106","0","31","53","62","73","56","0","4","28","35","46","56","0","27","25","27","27","0"
"20252","11290630","정릉2동","1084","446","638","0","152","281","308","245","98","0","6","111","117","114","98","0","146","170","191","131","0"
"20252","11290705","종암동","17974","9486","8488","0","1535","4580","6381","5138","340","0","664","1688","2911","4009","214","0","871","2892","3470","1129","126"
"20252","11305660","인수동","2893","1782","1111","0","194","570","800","921","408","0","34","329","510","557","352","0","160","241","290","364","56"
"20252","11320710","방학3동","1090","659","431","0","190","249","255","254","142","0","122","143","162","123","109","0","68","106","93","131","33"
"20252","11320515","창5동","4983","3174","1809","0","554","1117","1227","1077","1008","0","285","776","835","595","683","0","269","341","392","482","325"
"20252","11350665","상계3?4동","500","392","108","0","2","16","138","223","121","0","0","8","91","176","117","0","2","8","47","47","4"
"20252","11350570","월계2동","29","12","17","0","2","7","8","10","2","0","0","2","2","6","2","0","2","5","6","4","0"
"20252","11380590","응암2동","481","332","149","0","47","47","126","151","110","0","29","29","76","93","105","0","18","18","50","58","5"
"20252","11410615","연희동","9207","6166","3041","0","1431","2325","1994","2623","834","0","806","1575","1263","1900","622","0","625","750","731","723","212"
"20252","11410520","천연동","1130","610","520","0","73","180","306","417","154","0","12","81","174","244","99","0","61","99","132","173","55"
"20252","11440720","성산1동","5565","3706","1859","0","693","1164","1282","1097","1329","0","344","726","815","763","1058","0","349","438","467","334","271"
"20252","11470580","신월3동","1178","713","465","0","85","219","272","388","214","0","18","91","144","259","201","0","67","128","128","129","13"
"20252","11470620","신정1동","12831","7494","5337","53","2263","3222","3223","2732","1338","53","936","2009","1940","1584","972","0","1327","1213","1283","1148","366"
"20252","11500620","공항동","5425","2853","2572","0","908","1800","1501","1054","162","0","213","753","876","879","132","0","695","1047","625","175","30"
"20222","11680660","개포1동","466","287","179","2","73","123","122","96","50","1","33","68","84","65","36","1","40","55","38","31","14"
"20252","11500550","화곡2동","1788","1119","669","0","215","507","473","435","158","0","131","344","295","234","115","0","84","163","178","201","43"
"20252","11530740","개봉1동","5014","2924","2090","0","400","1088","1214","1351","961","0","204","602","622","768","728","0","196","486","592","583","233"
"20252","11530530","구로2동","10594","6583","4011","0","1221","2488","2693","2703","1489","0","563","1477","1617","1787","1139","0","658","1011","1076","916","350"
"20252","11545680","시흥2동","1037","609","428","0","103","209","259","311","155","0","59","119","146","180","105","0","44","90","113","131","50"
"20252","11590530","상도1동","3543","2039","1504","0","567","862","858","783","473","0","246","477","519","476","321","0","321","385","339","307","152"
"20252","11590670","신대방1동","3411","2173","1238","0","650","1096","797","552","316","0","334","707","554","359","219","0","316","389","243","193","97"
"20252","11650560","반포1동","8508","5269","3239","0","1544","2865","2155","1282","662","0","728","1875","1448","715","503","0","816","990","707","567","159"
"20252","11650620","방배3동","13530","8866","4664","44","2139","4018","3672","2203","1454","10","1089","2518","2632","1524","1093","34","1050","1500","1040","679","361"
"20252","11680610","대치2동","102922","57561","45361","585","18687","28320","23721","19409","12200","251","8608","17328","15247","10020","6107","334","10079","10992","8474","9389","6093"
"20252","11680655","도곡1동","32403","22954","9449","39","5550","7548","9026","8211","2029","39","2816","4946","6788","6717","1648","0","2734","2602","2238","1494","381"
"20252","11680730","일원1동","1822","1008","814","0","221","342","428","401","430","0","93","184","220","210","301","0","128","158","208","191","129"
"20252","11710620","가락본동","27617","16684","10933","0","3757","6663","6325","5409","5463","0","1795","4149","4233","3136","3371","0","1962","2514","2092","2273","2092"
"20252","11710540","마천1동","586","285","301","0","19","135","210","197","25","0","0","63","103","94","25","0","19","72","107","103","0"
"20252","11710570","오금동","21434","14979","6455","0","2841","5091","5432","5171","2899","0","1667","3432","4005","3904","1971","0","1174","1659","1427","1267","928"
"20252","11710710","잠실6동","83532","44510","39022","149","13303","22172","23826","21315","2767","41","6156","13631","13753","8845","2084","108","7147","8541","10073","12470","683"
"20252","11740650","성내2동","1852","1288","564","0","290","394","449","365","354","0","227","267","268","267","259","0","63","127","181","98","95"
"20252","11740570","암사1동","3050","1889","1161","0","381","663","645","607","754","0","187","438","413","413","438","0","194","225","232","194","316"
"20252","11230750","이문2동","256","135","121","0","27","57","59","68","45","0","7","27","28","38","35","0","20","30","31","30","10"
"20252","11380690","진관동","1216","637","579","0","99","309","346","299","163","0","43","195","195","122","82","0","56","114","151","177","81"
"20252","11110710","숭인2동","1325","671","654","0","185","234","319","325","262","0","46","110","180","193","142","0","139","124","139","132","120"
"20252","11170700","보광동","254","140","114","0","24","51","82","72","25","0","0","24","46","46","24","0","24","27","36","26","1"
"20252","11170560","원효로1동","2961","2059","902","0","450","825","784","549","353","0","268","599","551","387","254","0","182","226","233","162","99"
"20252","11170555","청파동","3226","1748","1478","0","463","845","794","705","419","0","145","388","429","441","345","0","318","457","365","264","74"
"20252","11200535","왕십리도선동","3005","1379","1626","0","494","575","631","748","557","0","168","322","342","312","235","0","326","253","289","436","322"
"20252","11215810","광장동","8850","5370","3480","51","2760","2340","1714","1372","613","5","1326","1506","1160","919","454","46","1434","834","554","453","159"
"20252","11215850","구의1동","3506","2156","1350","0","481","915","1003","817","290","0","258","539","553","545","261","0","223","376","450","272","29"
"20252","11215847","자양4동","513","449","64","0","0","22","133","165","193","0","0","21","99","136","193","0","0","1","34","29","0"
"20252","11215760","중곡3동","515","378","137","0","28","136","167","130","54","0","19","114","104","91","50","0","9","22","63","39","4"
"20252","11215770","중곡4동","2743","1350","1393","0","470","682","721","653","217","0","119","315","351","353","212","0","351","367","370","300","5"
"20252","11230650","장안1동","10019","6324","3695","0","1354","1983","2166","2223","2293","0","813","1279","1355","1340","1537","0","541","704","811","883","756"
"20252","11230560","전농1동","308","267","41","0","9","22","122","129","26","0","8","19","111","111","18","0","1","3","11","18","8"
"20252","11230710","회기동","51","21","30","0","1","12","16","13","9","0","0","2","6","4","9","0","1","10","10","9","0"
"20252","11260520","면목2동","737","450","287","0","16","114","178","266","163","0","0","49","90","158","153","0","16","65","88","108","10"
"20252","11290660","길음1동","3772","1845","1927","244","1326","931","630","413","228","99","572","492","313","190","179","145","754","439","317","223","49"
"20252","11290760","장위1동","394","220","174","0","68","85","110","85","46","0","30","55","55","40","40","0","38","30","55","45","6"
"20252","11290770","장위2동","608","423","185","0","3","94","182","166","163","0","0","47","106","115","155","0","3","47","76","51","8"
"20252","11305635","수유3동","2732","1420","1312","0","178","698","755","791","310","0","35","294","351","498","242","0","143","404","404","293","68"
"20252","11320514","창4동","1820","1144","676","0","191","347","451","504","327","0","78","184","267","341","274","0","113","163","184","163","53"
"20252","11350600","공릉2동","1031","479","552","0","175","257","250","240","109","0","55","117","117","119","71","0","120","140","133","121","38"
"20252","11350720","상계10동","413","174","239","0","63","88","110","120","32","0","13","37","42","57","25","0","50","51","68","63","7"
"20252","11350611","하계1동","994","630","364","0","115","205","254","282","138","0","54","119","151","198","108","0","61","86","103","84","30"
"20252","11380510","녹번동","4336","2305","2031","0","472","1015","1194","1163","492","0","223","488","567","696","331","0","249","527","627","467","161"
"20252","11440565","공덕동","9286","5387","3899","0","2085","2579","2544","1630","448","0","825","1366","1622","1233","341","0","1260","1213","922","397","107"
"20252","11440585","도화동","13155","8000","5155","0","2428","3216","3317","2949","1245","0","1265","2209","2185","1536","805","0","1163","1007","1132","1413","440"
"20252","11440655","서강동","3223","2051","1172","0","544","797","778","639","465","0","265","477","521","430","358","0","279","320","257","209","107"
"20252","11440660","서교동","25701","13133","12568","0","5382","7250","5986","4237","2846","0","2202","3625","3300","2235","1771","0","3180","3625","2686","2002","1075"
"20252","11440555","아현동","5852","3226","2626","0","1117","1898","1674","987","176","0","488","1061","934","607","136","0","629","837","740","380","40"
"20252","11470550","목5동","15114","9195","5919","38","2457","3913","3662","3167","1877","19","1132","2356","2311","2074","1303","19","1325","1557","1351","1093","574"
"20252","11470600","신월5동","1313","750","563","0","135","346","350","349","133","0","64","173","182","210","121","0","71","173","168","139","12"
"20252","11470640","신정3동","2055","1493","562","0","155","397","525","436","542","0","74","247","359","310","503","0","81","150","166","126","39"
"20252","11470650","신정4동","6204","3442","2762","0","1036","1099","1194","1323","1552","0","282","534","611","723","1292","0","754","565","583","600","260"
"20252","11500520","등촌1동","6016","3636","2380","0","1202","1576","1339","1070","829","0","439","1000","933","708","556","0","763","576","406","362","273"
"20252","11500630","방화1동","4242","3399","843","0","401","909","1063","1240","629","0","316","759","861","1038","425","0","85","150","202","202","204"
"20252","11500641","방화3동","2019","1311","708","0","205","431","510","552","321","0","103","229","318","387","274","0","102","202","192","165","47"
"20252","11500510","염창동","2625","1223","1402","0","408","777","786","443","211","0","148","340","317","248","170","0","260","437","469","195","41"
"20252","11500540","화곡1동","3939","2263","1676","0","315","829","1006","1174","615","0","137","498","558","668","402","0","178","331","448","506","213"
"20252","11500570","화곡4동","2098","912","1186","0","495","596","433","397","177","0","85","251","214","214","148","0","410","345","219","183","29"
"20252","11500591","화곡6동","6872","4389","2483","0","961","1852","1767","1570","722","0","478","1179","1132","1040","560","0","483","673","635","530","162"
"20252","11500590","화곡본동","2037","1201","836","0","171","396","521","521","428","0","47","242","303","274","335","0","124","154","218","247","93"
"20252","11545670","시흥1동","4641","2508","2133","0","669","1111","1109","1189","563","0","305","555","555","675","418","0","364","556","554","514","145"
"20252","11545690","시흥3동","1939","1152","787","0","140","283","447","508","561","0","74","183","259","279","357","0","66","100","188","229","204"
"20252","11560550","당산1동","8973","5408","3565","0","1540","2555","2001","1640","1237","0","615","1429","1261","1156","947","0","925","1126","740","484","290"
"20252","11560710","대림2동","3597","1835","1762","0","665","861","800","557","714","0","261","458","342","313","461","0","404","403","458","244","253"
"20252","11560585","도림동","517","406","111","0","3","72","142","165","135","0","0","58","108","119","121","0","3","14","34","46","14"
"20252","11590630","사당2동","1640","909","731","0","257","500","455","300","128","0","123","305","274","138","69","0","134","195","181","162","59"
"20252","11590680","신대방2동","11362","7234","4128","12","2080","2368","2131","2662","2109","6","1572","1820","1358","1354","1124","6","508","548","773","1308","985"
"20252","11620645","서원동","2303","915","1388","0","418","503","423","530","429","0","78","195","213","190","239","0","340","308","210","340","190"
"20252","11620565","성현동","1347","505","842","0","193","237","309","412","196","0","87","123","140","112","43","0","106","114","169","300","153"
"20252","11650621","방배4동","16097","9948","6149","0","2785","4449","4011","3076","1776","0","1178","2622","2713","2155","1280","0","1607","1827","1298","921","496"
"20252","11650590","방배본동","20669","11449","9220","33","3880","5347","5505","3699","2205","33","1320","2789","3212","2405","1690","0","2560","2558","2293","1294","515"
"20252","11650530","서초3동","51852","30803","21049","1","8929","15547","13305","9482","4588","0","3783","9057","8507","6177","3279","1","5146","6490","4798","3305","1309"
"20252","11650540","잠원동","14890","8636","6254","0","3109","4397","3687","2306","1391","0","1227","2580","2441","1446","942","0","1882","1817","1246","860","449"
"20252","11680656","도곡2동","84833","58013","26820","395","16210","33336","24374","8787","1731","253","8662","22832","18737","6396","1133","142","7548","10504","5637","2391","598"
"20252","11680565","청담동","58171","33367","24804","4","12144","19273","14498","8756","3496","0","4574","11017","9542","5787","2447","4","7570","8256","4956","2969","1049"
"20252","11710550","마천2동","1312","881","431","0","70","317","400","366","159","0","49","209","235","229","159","0","21","108","165","137","0"
"20252","11710646","장지동","3961","2686","1275","0","428","625","944","1048","916","0","236","418","624","728","680","0","192","207","320","320","236"
"20252","11110690","창신3동","77","31","46","0","4","23","20","26","4","0","0","7","7","13","4","0","4","16","13","13","0"
"20252","11650550","반포본동","5670","3087","2583","11","936","1869","1616","972","266","7","342","1019","907","608","204","4","594","850","709","364","62"
"20252","11710520","풍납2동","475","233","242","0","103","162","119","72","19","0","28","84","62","44","15","0","75","78","57","28","4"
"20252","11680660","개포1동","3433","2110","1323","12","538","910","895","710","368","5","243","503","617","480","262","7","295","407","278","230","106"
"20252","11110530","사직동","45215","28318","16897","7","5980","12797","13643","8976","3812","0","2503","7865","9332","6264","2354","7","3477","4932","4311","2712","1458"
"20252","11140625","다산동","5877","3733","2144","0","1042","1895","1435","1023","482","0","427","1302","1010","631","363","0","615","593","425","392","119"
"20252","11140520","소공동","92258","48973","43285","481","26690","29120","20284","12220","3463","119","8677","14488","14469","8916","2304","362","18013","14632","5815","3304","1159"
"20252","11170570","원효로2동","3004","2205","799","0","471","929","846","485","273","0","275","666","657","373","234","0","196","263","189","112","39"
"20252","11170640","이촌2동","2035","1381","654","0","291","557","605","443","139","0","133","350","455","340","103","0","158","207","150","103","36"
"20252","11170660","이태원2동","875","494","381","0","116","332","271","105","51","0","51","180","147","65","51","0","65","152","124","40","0"
"20252","11200540","마장동","6924","4974","1950","0","526","1228","1600","2331","1239","0","320","863","1175","1663","953","0","206","365","425","668","286"
"20252","11215860","구의2동","2960","1873","1087","0","413","511","769","811","456","0","208","286","511","530","338","0","205","225","258","281","118"
"20252","11230600","답십리1동","1750","840","910","0","255","359","489","472","175","0","174","241","175","127","123","0","81","118","314","345","52"
"20252","11230740","이문1동","1106","484","622","0","208","300","318","210","70","0","24","111","157","129","63","0","184","189","161","81","7"
"20252","11260575","면목3?8동","1762","1178","584","0","108","293","486","521","354","0","12","156","301","408","301","0","96","137","185","113","53"
"20252","11260570","면목7동","509","306","203","0","26","74","141","175","93","0","0","27","76","110","93","0","26","47","65","65","0"
"20252","11260565","면목본동","811","461","350","0","49","210","239","219","94","0","0","109","129","129","94","0","49","101","110","90","0"
"20252","11290525","성북동","20512","15615","4897","0","2692","5039","5957","5940","884","0","1478","3522","4711","5284","620","0","1214","1517","1246","656","264"
"20252","11290650","정릉4동","1020","642","378","0","52","150","256","350","212","0","6","75","165","240","156","0","46","75","91","110","56"
"20252","11305555","송천동","388","236","152","0","0","19","52","134","183","0","0","4","17","100","115","0","0","15","35","34","68"
"20252","11305625","수유2동","1314","728","586","0","1","14","255","435","609","0","0","10","173","305","240","0","1","4","82","130","369"
"20252","11320522","도봉2동","1070","694","376","0","30","118","183","276","463","0","9","59","101","179","346","0","21","59","82","97","117"
"20252","11320660","쌍문1동","872","415","457","0","72","124","259","273","144","0","0","37","90","144","144","0","72","87","169","129","0"
"20252","11350630","상계1동","3606","2296","1310","0","414","755","866","915","656","0","251","504","566","573","402","0","163","251","300","342","254"
"20252","11350560","월계1동","1264","683","581","0","192","307","338","248","179","0","81","184","169","125","124","0","111","123","169","123","55"
"20252","11350621","중계1동","1184","653","531","0","155","260","357","297","115","0","67","142","188","164","92","0","88","118","169","133","23"
"20252","11380551","갈현1동","2238","1134","1104","0","370","537","542","520","269","0","128","273","271","264","198","0","242","264","271","256","71"
"20252","11380625","역촌동","3452","1640","1812","0","553","700","925","813","461","0","179","308","441","384","328","0","374","392","484","429","133"
"20252","11380580","응암1동","2298","1290","1008","0","201","375","554","537","631","0","78","182","290","272","468","0","123","193","264","265","163"
"20252","11380600","응암3동","1446","702","744","0","71","372","468","385","150","0","1","186","212","173","130","0","70","186","256","212","20"
"20252","11410700","남가좌2동","1052","541","511","0","75","219","328","334","96","0","1","102","158","185","95","0","74","117","170","149","1"
"20252","11410710","북가좌1동","537","447","90","0","1","13","59","120","344","0","0","4","27","84","332","0","1","9","32","36","12"
"20252","11410585","신촌동","1629","871","758","0","246","464","425","364","130","0","82","198","218","251","122","0","164","266","207","113","8"
"20252","11410660","홍은1동","3106","591","2515","0","86","224","857","1505","434","0","27","72","155","178","159","0","59","152","702","1327","275"
"20252","11440590","용강동","15056","8974","6082","0","2190","3721","3571","2989","2585","0","1070","2214","2368","1744","1578","0","1120","1507","1203","1245","1007"
"20252","11470510","목1동","16732","10843","5889","4","2914","4564","4190","3406","1654","3","1365","2987","2964","2448","1076","1","1549","1577","1226","958","578"
"20252","11470590","신월4동","1153","803","350","0","27","128","284","394","320","0","10","71","162","269","291","0","17","57","122","125","29"
"20252","11470630","신정2동","14182","8150","6032","0","2570","4619","3801","2509","683","0","1038","2534","2357","1670","551","0","1532","2085","1444","839","132"
"20252","11500530","등촌2동","2781","1634","1147","0","324","559","677","721","500","0","133","303","399","455","344","0","191","256","278","266","156"
"20252","11530750","개봉2동","7366","3651","3715","0","1312","1791","1758","1758","747","0","749","1148","781","586","387","0","563","643","977","1172","360"
"20252","11530510","신도림동","9248","6073","3175","0","1514","2874","2251","1686","923","0","627","1955","1626","1168","697","0","887","919","625","518","226"
"20252","11545610","독산1동","10617","6849","3768","0","780","1424","1782","2345","4286","0","471","961","1154","1452","2811","0","309","463","628","893","1475"
"20252","11545710","시흥5동","961","612","349","0","104","236","274","211","136","0","57","172","172","109","102","0","47","64","102","102","34"
"20252","11560700","대림1동","1366","500","866","0","457","329","302","223","55","0","75","111","151","112","51","0","382","218","151","111","4"
"20252","11590510","노량진1동","2833","1594","1239","0","355","688","725","685","380","0","145","396","441","375","237","0","210","292","284","310","143"
"20252","11620665","서림동","1424","819","605","0","192","259","361","317","295","0","96","136","197","191","199","0","96","123","164","126","96"
"20252","11620615","중앙동","1301","591","710","0","122","227","303","403","246","0","41","111","136","186","117","0","81","116","167","217","129"
"20252","11680640","역삼1동","202016","119620","82396","173","40848","61541","52155","35305","11994","28","19566","38401","34059","19124","8442","145","21282","23140","18096","16181","3552"
"20252","11740700","둔촌2동","2489","1120","1369","0","472","661","548","519","289","0","127","274","274","245","200","0","345","387","274","274","89"
"20252","11260690","신내2동","1355","755","600","0","177","340","333","338","167","0","74","161","172","219","129","0","103","179","161","119","38"
"20252","11500605","가양3동","265","171","94","0","44","58","75","56","32","0","29","39","48","33","22","0","15","19","27","23","10"
"20252","11350710","상계9동","1074","675","399","0","135","270","270","304","95","0","74","170","158","200","73","0","61","100","112","104","22"
"20252","11110680","창신2동","28","0","28","0","0","0","5","19","4","0","0","0","0","0","0","0","0","0","5","19","4"
"20252","11140570","필동","16151","7598","8553","0","2319","4115","4992","3534","1191","0","783","2035","2353","1657","770","0","1536","2080","2639","1877","421"
"20252","11170530","남영동","18490","7775","10715","130","7046","4567","3527","2384","836","1","1323","2451","2090","1279","631","129","5723","2116","1437","1105","205"
"20252","11170650","이태원1동","18302","8053","10249","0","5374","6989","3593","1789","557","0","1406","2923","1985","1282","457","0","3968","4066","1608","507","100"
"20252","11170685","한남동","45554","33353","12201","20","7545","13497","11978","10460","2054","20","3589","8987","9694","9391","1672","0","3956","4510","2284","1069","382"
"20252","11170510","후암동","1885","1117","768","0","261","428","556","450","190","0","73","252","368","262","162","0","188","176","188","188","28"
"20252","11200580","응봉동","542","224","318","0","131","143","118","96","54","0","31","50","52","49","42","0","100","93","66","47","12"
"20252","11215740","중곡1동","3866","1893","1973","2","1042","745","776","926","375","0","447","403","382","369","292","2","595","342","394","557","83"
"20252","11230705","청량리동","2337","1268","1069","0","399","726","447","425","340","0","140","427","251","246","204","0","259","299","196","179","136"
"20252","11260660","망우3동","223","129","94","0","0","13","61","95","54","0","0","0","21","54","54","0","0","13","40","41","0"
"20252","11260680","신내1동","2688","1277","1411","0","473","588","485","724","418","0","120","244","228","359","326","0","353","344","257","365","92"
"20252","11290620","정릉1동","489","277","212","0","41","87","114","149","98","0","0","26","57","96","98","0","41","61","57","53","0"
"20252","11290640","정릉3동","281","234","47","0","36","97","75","51","22","0","25","76","64","48","21","0","11","21","11","3","1"
"20252","11320521","도봉1동","1435","1066","369","0","0","70","372","604","389","0","0","41","223","447","355","0","0","29","149","157","34"
"20252","11320680","쌍문3동","1058","475","583","0","232","249","273","257","47","0","33","112","141","146","43","0","199","137","132","111","4"
"20252","11320512","창2동","1070","633","437","0","112","255","307","263","133","0","49","158","170","135","121","0","63","97","137","128","12"
"20252","11350640","상계2동","1731","857","874","0","169","276","477","479","330","0","35","172","226","227","197","0","134","104","251","252","133"
"20252","11350695","상계6?7동","4965","2197","2768","0","701","1166","1280","1265","553","0","182","444","578","682","311","0","519","722","702","583","242"
"20252","11380530","불광2동","2497","1189","1308","0","64","342","413","559","1119","0","7","177","165","221","619","0","57","165","248","338","500"
"20252","11380632","신사2동","863","641","222","0","79","170","232","227","155","0","73","124","134","155","155","0","6","46","98","72","0"
"20252","11410655","홍제2동","334","168","166","0","44","70","92","80","48","0","13","46","46","39","24","0","31","24","46","41","24"
"20252","11410640","홍제3동","821","398","423","0","34","71","170","238","308","0","0","21","67","127","183","0","34","50","103","111","125"
"20252","11470530","목3동","1687","940","747","0","212","371","463","416","225","0","106","217","252","211","154","0","106","154","211","205","71"
"20252","11530595","가리봉동","577","264","313","0","6","94","142","130","205","0","1","45","57","45","116","0","5","49","85","85","89"
"20252","11545510","가산동","106107","69840","36267","305","20915","33020","26286","15533","10048","200","11101","22189","18969","10323","7058","105","9814","10831","7317","5210","2990"
"20252","11545640","독산4동","1147","692","455","0","116","189","239","281","322","0","87","116","151","136","202","0","29","73","88","145","120"
"20252","11545700","시흥4동","1105","683","422","0","171","235","337","284","78","0","111","167","202","131","72","0","60","68","135","153","6"
"20252","11590651","사당5동","1558","859","699","0","174","400","487","377","120","0","76","183","254","226","120","0","98","217","233","151","0"
"20252","11590605","흑석동","91","59","32","0","0","22","33","25","11","0","0","14","20","14","11","0","0","8","13","11","0"
"20252","11620695","신림동","1310","812","498","0","45","173","338","319","435","0","1","90","186","186","349","0","44","83","152","133","86"
"20252","11620655","신원동","398","267","131","0","1","96","127","119","55","0","1","59","86","78","43","0","0","37","41","41","12"
"20252","11620575","행운동","2409","1350","1059","0","349","598","572","555","335","0","167","342","304","288","249","0","182","256","268","267","86"
"20252","11650610","방배2동","15603","7589","8014","0","2643","4020","4313","2993","1634","0","908","1801","1990","1779","1111","0","1735","2219","2323","1214","523"
"20252","11650652","양재2동","33724","25319","8405","0","4473","8268","9497","8910","2576","0","2703","6081","7293","7278","1964","0","1770","2187","2204","1632","612"
"20252","11680690","개포4동","7242","5255","1987","0","872","1650","2061","1731","928","0","432","1108","1569","1361","785","0","440","542","492","370","143"
"20252","11680521","논현1동","45242","26462","18780","0","11837","13617","9633","6313","3842","0","5038","8080","6492","4058","2794","0","6799","5537","3141","2255","1048"
"20252","11710531","거여1동","2887","2180","707","0","733","846","701","372","235","0","507","683","545","262","183","0","226","163","156","110","52"
"20252","11710641","문정1동","23872","18450","5422","0","2165","4451","6877","9020","1359","0","1276","3213","5353","7729","879","0","889","1238","1524","1291","480"
"20252","11710642","문정2동","78185","49174","29011","112","11211","23820","23985","13848","5209","40","5373","13448","16441","10621","3251","72","5838","10372","7544","3227","1958"
"20252","11710610","삼전동","4352","2946","1406","0","509","988","985","884","986","0","292","645","643","541","825","0","217","343","342","343","161"
"20252","11710650","잠실본동","12201","7840","4361","0","1641","2349","2863","2716","2632","0","716","1428","1807","1879","2010","0","925","921","1056","837","622"
"20252","11740530","명일1동","3986","2240","1746","0","588","1079","1016","710","593","0","269","662","671","364","274","0","319","417","345","346","319"
"20252","11170630","이촌1동","5907","3784","2123","11","956","1595","1657","1209","479","11","473","982","1169","814","335","0","483","613","488","395","144"
"20252","11200570","행당2동","3","0","3","0","0","1","1","1","0","0","0","0","0","0","0","0","0","1","1","1","0"
"20252","11650580","반포3동","3009","1678","1331","0","479","767","666","603","494","0","203","452","439","350","234","0","276","315","227","253","260"
"20252","11710566","오륜동","15658","9074","6584","14","2540","4738","4068","3134","1164","4","1022","2464","2615","2076","893","10","1518","2274","1453","1058","271"
"20252","11110580","교남동","870","522","348","0","82","232","249","180","127","0","20","118","149","125","110","0","62","114","100","55","17"
"20252","11110550","부암동","1509","851","658","0","249","446","417","290","107","0","102","247","237","182","83","0","147","199","180","108","24"
"20252","11110640","이화동","1632","904","728","0","239","418","428","343","204","0","68","190","254","234","158","0","171","228","174","109","46"
"20252","11140650","신당5동","622","340","282","0","9","145","192","169","107","0","0","50","97","95","98","0","9","95","95","74","9"
"20252","11140615","신당동","4203","2291","1912","0","1316","896","790","738","463","0","568","475","406","510","332","0","748","421","384","228","131"
"20252","11170520","용산2가동","479","378","101","0","4","74","204","195","2","0","0","42","171","163","2","0","4","32","33","32","0"
"20252","11200620","금호4가동","507","307","200","0","59","118","145","124","61","0","20","60","97","78","52","0","39","58","48","46","9"
"20252","11200520","왕십리2동","1287","798","489","0","142","356","385","298","106","0","71","192","237","194","104","0","71","164","148","104","2"
"20252","11230720","휘경1동","732","461","271","0","48","149","197","197","141","0","9","95","129","143","85","0","39","54","68","54","56"
"20252","11230730","휘경2동","1097","562","535","0","135","243","296","273","150","0","33","112","154","146","117","0","102","131","142","127","33"
"20252","11260655","망우본동","1426","768","658","0","100","257","342","486","241","0","5","92","160","272","239","0","95","165","182","214","2"
"20252","11305575","삼각산동","374","201","173","0","65","106","125","56","22","0","23","59","69","28","22","0","42","47","56","28","0"
"20252","11305615","수유1동","944","421","523","0","49","139","286","327","143","0","0","39","111","141","130","0","49","100","175","186","13"
"20252","11320700","방학2동","424","186","238","0","0","90","111","90","133","0","0","45","48","45","48","0","0","45","63","45","85"
"20252","11320513","창3동","491","275","216","0","0","90","226","166","9","0","0","61","137","68","9","0","0","29","89","98","0"
"20252","11410690","남가좌1동","1312","791","521","0","92","168","231","329","492","0","61","114","146","176","294","0","31","54","85","153","198"
"20252","11410565","충현동","11142","6941","4201","0","1372","2856","2964","2654","1296","0","643","1733","1883","1748","934","0","729","1123","1081","906","362"
"20252","11410685","홍은2동","1790","1177","613","0","284","495","452","386","173","0","167","324","290","263","133","0","117","171","162","123","40"
"20252","11470540","목4동","2148","1354","794","0","226","490","664","557","211","0","85","302","397","366","204","0","141","188","267","191","7"
"20252","11500560","화곡3동","2985","1846","1139","0","413","722","764","687","399","0","223","480","465","388","290","0","190","242","299","299","109"
"20252","11500593","화곡8동","1853","1041","812","0","224","532","574","323","200","0","100","287","287","214","153","0","124","245","287","109","47"
"20252","11560630","신길1동","1933","816","1117","0","341","485","438","373","296","0","88","227","202","150","149","0","253","258","236","223","147"
"20252","11560650","신길3동","382","344","38","0","0","39","95","112","136","0","0","38","80","91","135","0","0","1","15","21","1"
"20252","11560680","신길6동","2010","1325","685","0","169","497","554","448","342","0","83","320","345","300","277","0","86","177","209","148","65"
"20252","11560515","영등포본동","3360","1932","1428","0","450","854","891","832","333","0","180","433","516","531","272","0","270","421","375","301","61"
"20252","11590650","사당4동","892","471","421","0","74","124","199","167","328","0","30","63","79","74","225","0","44","61","120","93","103"
"20252","11590540","상도2동","1012","522","490","0","98","254","282","266","112","0","42","133","147","133","67","0","56","121","135","133","45"
"20252","11620585","낙성대동","5994","3307","2687","0","969","2074","1282","927","742","0","436","1091","666","533","581","0","533","983","616","394","161"
"20252","11620725","조원동","2688","1701","987","0","513","668","664","583","260","0","235","436","429","403","198","0","278","232","235","180","62"
"20252","11650651","양재1동","24087","15586","8501","246","5654","6688","5488","3608","2403","118","2865","4493","3871","2416","1823","128","2789","2195","1617","1192","580"
"20252","11680630","대치4동","43704","26895","16809","74","7025","13031","11897","7456","4221","0","3018","7885","8140","5224","2628","74","4007","5146","3757","2232","1593"
"20252","11680580","삼성1동","189339","127736","61603","476","38149","56772","50706","33617","9619","235","20500","37522","37383","26349","5747","241","17649","19250","13323","7268","3872"
"20252","11710561","방이1동","5978","4386","1592","0","616","1171","1575","1595","1021","0","295","747","1177","1283","884","0","321","424","398","312","137"
"20252","11740540","명일2동","2834","1939","895","0","340","806","757","597","334","0","173","567","549","386","264","0","167","239","208","211","70"
"20252","11740520","상일동","1291","653","638","0","193","290","316","338","154","0","69","145","191","152","96","0","124","145","125","186","58"
"20252","11290580","돈암1동","228","106","122","0","66","70","47","33","12","0","16","35","25","18","12","0","50","35","22","15","0"
"20252","11710631","가락1동","6121","4283","1838","0","416","1136","1687","1754","1128","0","281","869","1242","1152","739","0","135","267","445","602","389"
"20252","11110615","종로1?2?3?4가동","109733","60491","49242","1434","22258","33474","30108","17196","5263","594","9710","16818","17654","12130","3585","840","12548","16656","12454","5066","1678"
"20252","11110630","종로5?6가동","18962","11871","7091","386","4479","5500","4696","2883","1018","60","1852","3546","3442","2241","730","326","2627","1954","1254","642","288"
"20252","11110650","혜화동","4377","2131","2246","0","697","1211","1077","881","511","0","228","591","575","451","286","0","469","620","502","430","225"
"20252","11140590","광희동","52971","26362","26609","448","15198","13935","10903","8387","4100","170","7378","8101","6292","2857","1564","278","7820","5834","4611","5530","2536"
"20252","11140550","명동","120704","69872","50832","9","19744","40682","32795","21490","5984","0","7874","20955","21135","15844","4064","9","11870","19727","11660","5646","1920"
"20252","11170690","서빙고동","10106","6642","3464","0","1800","3017","3123","1596","570","0","868","1764","2283","1279","448","0","932","1253","840","317","122"
"20252","11170590","용문동","3079","1795","1284","0","607","836","858","579","199","0","254","491","513","395","142","0","353","345","345","184","57"
"20252","11200615","금호2?3가동","244","149","95","0","14","32","62","63","73","0","0","5","31","40","73","0","14","27","31","23","0"
"20252","11200660","성수1가2동","8657","5972","2685","0","1383","1771","1828","1888","1787","0","826","1174","1180","1345","1447","0","557","597","648","543","340"
"20252","11200670","성수2가1동","7660","4923","2737","10","1778","2247","1788","1247","590","5","798","1460","1234","898","528","5","980","787","554","349","62"
"20252","11215780","능동","1414","899","515","0","198","339","375","285","217","0","94","206","242","175","182","0","104","133","133","110","35"
"20252","11230660","장안2동","5320","2870","2450","0","1665","1038","1090","999","528","0","860","600","508","486","416","0","805","438","582","513","112"
"20252","11260620","묵1동","1165","548","617","0","89","292","366","296","122","0","19","137","158","137","97","0","70","155","208","159","25"
"20252","11260580","상봉1동","1611","1195","416","0","154","264","346","456","391","0","112","179","201","332","371","0","42","85","145","124","20"
"20252","11260600","중화1동","1094","579","515","0","100","242","296","272","184","0","26","87","133","163","170","0","74","155","163","109","14"
"20252","11305535","미아동","602","363","239","0","27","98","215","196","66","0","4","48","122","131","58","0","23","50","93","65","8"
"20252","11320681","쌍문4동","265","141","124","0","22","64","78","72","29","0","5","31","39","39","27","0","17","33","39","33","2"
"20252","11350624","중계4동","1196","660","536","0","106","246","285","325","234","0","35","118","151","174","182","0","71","128","134","151","52"
"20252","11380570","대조동","1871","924","947","0","163","420","546","470","272","0","28","209","263","207","217","0","135","211","283","263","55"
"20252","11380640","증산동","1939","1292","647","0","239","530","543","454","173","0","109","358","361","312","152","0","130","172","182","142","21"
"20252","11410720","북가좌2동","1071","537","534","0","135","217","250","282","187","0","18","110","142","150","117","0","117","107","108","132","70"
"20252","11410620","홍제1동","1814","933","881","0","180","267","470","647","250","0","43","118","246","363","163","0","137","149","224","284","87"
"20252","11440700","망원2동","3947","2383","1564","0","491","736","848","1213","659","0","276","550","603","571","383","0","215","186","245","642","276"
"20252","11440630","신수동","3516","1996","1520","0","438","973","984","866","255","0","162","456","564","604","210","0","276","517","420","262","45"
"20252","11440680","합정동","4480","2513","1967","0","736","1306","1206","812","420","0","273","643","751","541","305","0","463","663","455","271","115"
"20252","11470570","신월2동","1994","1152","842","0","162","324","540","549","419","0","92","193","276","294","297","0","70","131","264","255","122"
"20252","11470680","신정7동","349","206","143","0","39","83","108","79","40","0","18","46","65","48","29","0","21","37","43","31","11"
"20252","11530780","오류2동","1024","634","390","0","94","232","274","264","160","0","39","134","158","169","134","0","55","98","116","95","26"
"20252","11560560","당산2동","15502","10370","5132","0","2422","3484","3776","3443","2377","0","1230","2177","2632","2519","1812","0","1192","1307","1144","924","565"
"20252","11560720","대림3동","4260","2796","1464","0","403","895","1116","1027","819","0","205","640","808","654","489","0","198","255","308","373","330"
"20252","11560610","양평1동","9722","5666","4056","0","1933","2259","2166","1956","1408","0","987","1451","1301","1004","923","0","946","808","865","952","485"
"20252","11560540","여의동","250897","178057","72840","558","46135","89946","64522","38476","11260","202","25467","64291","49833","30627","7637","356","20668","25655","14689","7849","3623"
"20252","11590520","노량진2동","4249","2217","2032","0","675","1269","1038","868","399","0","354","555","478","560","270","0","321","714","560","308","129"
"20252","11590660","대방동","7619","5117","2502","0","1255","2082","1811","1709","762","0","675","1434","1271","1244","493","0","580","648","540","465","269"
"20252","11590620","사당1동","3853","2073","1780","0","619","994","1066","701","473","0","168","485","539","445","436","0","451","509","527","256","37"
"20252","11590550","상도3동","994","611","383","0","25","201","303","246","219","0","17","159","193","123","119","0","8","42","110","123","100"
"20252","11620765","미성동","2895","1745","1150","0","208","509","723","789","666","0","150","311","403","407","474","0","58","198","320","382","192"
"20252","11620745","삼성동","880","512","368","0","54","171","271","264","120","0","20","85","143","146","118","0","34","86","128","118","2"
"20252","11620605","은천동","1371","661","710","0","185","256","287","386","257","0","62","121","150","176","152","0","123","135","137","210","105"
"20252","11620595","청룡동","5147","2832","2315","0","824","1493","1262","1190","378","0","307","759","698","787","281","0","517","734","564","403","97"
"20252","11650660","내곡동","1371","892","479","0","201","283","290","294","303","0","143","205","198","170","176","0","58","78","92","124","127"
"20252","11650600","방배1동","17162","11383","5779","33","3404","5293","4191","3118","1123","33","1614","3231","3090","2562","853","0","1790","2062","1101","556","270"
"20252","11650520","서초2동","66239","43996","22243","88","13886","21876","16612","10157","3620","12","7588","14766","11418","7620","2592","76","6298","7110","5194","2537","1028"
"20252","11650531","서초4동","40288","23041","17247","111","7883","12350","10126","7132","2686","43","2995","7054","6576","4481","1892","68","4888","5296","3550","2651","794"
"20252","11680600","대치1동","18463","9836","8627","12","3377","6035","4609","2876","1554","2","1267","2995","2604","1835","1133","10","2110","3040","2005","1041","421"
"20252","11680510","신사동","27674","16540","11134","0","5756","8383","7085","4225","2225","0","2243","5112","4738","2779","1668","0","3513","3271","2347","1446","557"
"20252","11710632","가락2동","6932","4664","2268","0","913","1467","1386","1306","1860","0","541","999","920","779","1425","0","372","468","466","527","435"
"20252","11710532","거여2동","1556","806","750","0","192","254","391","471","248","0","108","152","198","212","136","0","84","102","193","259","112"
"20252","11710600","석촌동","9531","6317","3214","0","1141","2177","2227","1961","2025","0","666","1581","1500","1141","1429","0","475","596","727","820","596"
"20252","11710580","송파1동","10911","6854","4057","0","1540","2448","2729","2382","1812","0","658","1450","1782","1609","1355","0","882","998","947","773","457"
"20252","11740685","길동","9734","4931","4803","0","1332","1956","2232","2405","1809","0","501","1048","1192","1095","1095","0","831","908","1040","1310","714"
"20252","11740640","성내1동","13187","8961","4226","0","1560","2758","2855","3402","2612","0","892","1723","1870","2465","2011","0","668","1035","985","937","601"
"20252","11740580","암사2동","1552","567","985","0","159","258","369","460","306","0","53","120","151","133","110","0","106","138","218","327","196"
"20252","11740600","천호1동","1673","998","675","0","112","302","431","416","412","0","29","155","217","264","333","0","83","147","214","152","79"
"20252","11740620","천호3동","1173","685","488","0","34","113","188","202","636","0","8","51","93","105","428","0","26","62","95","97","208"
"20252","11560660","신길4동","703","354","349","0","116","169","184","166","68","0","41","78","91","91","53","0","75","91","93","75","15"
"20252","11680750","수서동","19403","10244","9159","15","2762","5225","5216","3859","2326","9","1236","2810","2735","2056","1398","6","1526","2415","2481","1803","928"
"20252","11710680","잠실3동","38665","26212","12453","154","7046","9705","9641","7338","4781","71","3671","6715","7133","5255","3367","83","3375","2990","2508","2083","1414"
"20252","11350580","월계3동","100","50","50","0","11","17","27","28","17","0","4","9","13","14","10","0","7","8","14","14","7"
"20222","11740610","천호2동","3076","1590","1486","0","342","661","781","737","555","0","130","304","386","368","402","0","212","357","395","369","153"
"20222","11710670","잠실2동","3901","2603","1298","4","748","1135","1024","778","212","4","470","797","696","513","123","0","278","338","328","265","89"
"20223","11170560","원효로1동","2023","1386","637","0","310","559","530","372","252","0","181","406","372","254","173","0","129","153","158","118","79"
"20223","11110670","창신1동","1867","797","1070","0","100","321","609","493","344","0","30","97","198","224","248","0","70","224","411","269","96"
"20223","11110540","삼청동","3999","3283","716","0","482","1069","1251","952","245","0","310","823","1073","855","222","0","172","246","178","97","23"
"20223","11140540","회현동","77872","48127","29745","192","14598","27478","21314","11322","2968","51","6817","16400","13882","8906","2071","141","7781","11078","7432","2416","897"
"20223","11200670","성수2가1동","8111","5172","2939","40","1871","2353","1877","1317","653","22","839","1526","1290","940","555","18","1032","827","587","377","98"
"20223","11140635","약수동","10507","4063","6444","24","1693","3926","2910","1439","515","0","519","1381","966","826","371","24","1174","2545","1944","613","144"
"20223","11140520","소공동","93326","49557","43769","492","27002","29460","20528","12349","3495","132","8777","14658","14642","9018","2330","360","18225","14802","5886","3331","1165"
"20223","11215847","자양4동","677","503","174","0","14","84","175","196","208","0","5","53","113","138","194","0","9","31","62","58","14"
"20223","11230536","용신동","19675","10187","9488","0","2385","4375","4870","4853","3192","0","1128","2514","2567","2221","1757","0","1257","1861","2303","2632","1435"
"20223","11230660","장안2동","5138","2766","2372","0","1600","996","1044","965","533","0","827","577","483","469","410","0","773","419","561","496","123"
"20223","11230730","휘경2동","1142","588","554","0","150","254","299","276","163","0","39","120","159","146","124","0","111","134","140","130","39"
"20223","11260620","묵1동","977","460","517","0","97","232","289","239","120","0","29","110","124","110","87","0","68","122","165","129","33"
"20223","11260630","묵2동","1381","961","420","0","196","345","332","390","118","0","117","237","218","290","99","0","79","108","114","100","19"
"20223","11260580","상봉1동","1976","1410","566","1","221","337","408","540","469","1","150","212","234","381","432","0","71","125","174","159","37"
"20223","11290660","길음1동","4493","2197","2296","294","1579","1107","754","486","273","123","682","583","373","223","213","171","897","524","381","263","60"
"20223","11260610","중화2동","731","450","281","0","51","85","218","175","202","0","25","40","109","109","167","0","26","45","109","66","35"
"20223","11290705","종암동","15332","8090","7242","1","1306","3888","5438","4380","319","0","563","1426","2486","3420","195","1","743","2462","2952","960","124"
"20223","11290650","정릉4동","966","603","363","0","66","138","240","322","200","0","15","69","156","220","143","0","51","69","84","102","57"
"20223","11305635","수유3동","2985","1527","1458","0","268","739","799","815","364","0","88","310","370","507","252","0","180","429","429","308","112"
"20223","11350611","하계1동","609","385","224","0","71","126","151","177","84","0","33","72","91","124","65","0","38","54","60","53","19"
"20223","11350619","중계본동","831","400","431","0","93","167","206","247","118","0","44","85","88","111","72","0","49","82","118","136","46"
"20223","11380530","불광2동","4506","2155","2351","0","184","596","734","983","2009","0","49","307","289","392","1118","0","135","289","445","591","891"
"20223","11320710","방학3동","1084","649","435","0","187","246","255","252","144","0","118","140","161","121","109","0","69","106","94","131","35"
"20223","11440600","대흥동","3465","1712","1753","1","1417","792","498","479","278","0","549","412","272","286","193","1","868","380","226","193","85"
"20223","11350624","중계4동","1445","794","651","0","134","296","338","386","291","0","47","141","178","206","222","0","87","155","160","180","69"
"20223","11350580","월계3동","437","219","218","0","47","75","117","128","70","0","18","39","54","66","42","0","29","36","63","62","28"
"20223","11380510","녹번동","2163","1152","1011","0","243","504","592","580","244","0","116","241","284","347","164","0","127","263","308","233","80"
"20223","11440590","용강동","12882","7654","5228","0","1888","3179","3052","2552","2211","0","916","1886","2020","1484","1348","0","972","1293","1032","1068","863"
"20223","11470570","신월2동","1863","1075","788","0","138","298","515","519","393","0","78","179","265","272","281","0","60","119","250","247","112"
"20223","11470540","목4동","2018","1254","764","0","228","452","601","515","222","0","90","278","359","336","191","0","138","174","242","179","31"
"20223","11500570","화곡4동","2146","941","1205","0","512","593","443","397","201","0","109","252","212","213","155","0","403","341","231","184","46"
"20223","11530730","고척2동","1686","1075","611","0","162","381","447","474","222","0","108","244","267","273","183","0","54","137","180","201","39"
"20223","11500510","염창동","3311","1536","1775","1","517","975","987","557","274","1","187","425","397","308","218","0","330","550","590","249","56"
"20223","11530550","구로4동","1750","997","753","0","154","357","449","447","343","0","63","204","239","239","252","0","91","153","210","208","91"
"20223","11545670","시흥1동","4584","2467","2117","0","641","1107","1093","1159","584","0","295","550","550","659","413","0","346","557","543","500","171"
"20223","11530510","신도림동","9297","6118","3179","6","1519","2887","2275","1688","922","3","633","1970","1644","1168","700","3","886","917","631","520","222"
"20223","11545700","시흥4동","1307","794","513","0","203","276","389","326","113","0","126","196","234","149","89","0","77","80","155","177","24"
"20223","11545610","독산1동","11210","7201","4009","5","856","1524","1880","2470","4475","5","507","1022","1203","1522","2942","0","349","502","677","948","1533"
"20223","11545620","독산2동","1576","904","672","0","173","325","376","482","220","0","95","148","188","292","181","0","78","177","188","190","39"
"20223","11560720","대림3동","5117","3332","1785","0","505","1076","1325","1233","978","0","260","759","953","778","582","0","245","317","372","455","396"
"20223","11590670","신대방1동","3759","2390","1369","0","721","1207","883","602","346","0","367","781","612","394","236","0","354","426","271","208","110"
"20223","11620585","낙성대동","5270","2903","2367","0","849","1817","1134","809","661","0","384","952","591","465","511","0","465","865","543","344","150"
"20223","11620745","삼성동","910","510","400","0","87","179","256","251","137","0","38","89","132","133","118","0","49","90","124","118","19"
"20223","11620725","조원동","2890","1810","1080","0","552","709","707","620","302","0","254","463","453","419","221","0","298","246","254","201","81"
"20223","11620625","인헌동","1498","869","629","0","310","445","389","226","128","0","141","276","233","116","103","0","169","169","156","110","25"
"20223","11650651","양재1동","25679","16609","9070","299","6028","7122","5820","3831","2579","143","3056","4788","4114","2560","1948","156","2972","2334","1706","1271","631"
"20223","11650540","잠원동","11715","6789","4926","14","2442","3464","2893","1806","1096","8","962","2028","1920","1132","739","6","1480","1436","973","674","357"
"20223","11680510","신사동","26570","15843","10727","10","5533","8047","6772","4051","2157","0","2147","4915","4531","2650","1600","10","3386","3132","2241","1401","557"
"20223","11680670","개포2동","9957","6532","3425","12","1746","2838","2389","1848","1124","2","932","1900","1647","1180","871","10","814","938","742","668","253"
"20223","11710531","거여1동","3417","2556","861","0","862","977","828","454","296","0","602","780","639","311","224","0","260","197","189","143","72"
"20223","11710610","삼전동","3736","2535","1201","0","437","854","846","754","845","0","252","562","556","464","701","0","185","292","290","290","144"
"20223","11710532","거여2동","1508","782","726","0","189","247","373","456","243","0","104","147","190","207","134","0","85","100","183","249","109"
"20223","11710580","송파1동","15471","9710","5761","0","2191","3473","3853","3380","2574","0","939","2059","2519","2282","1911","0","1252","1414","1334","1098","663"
"20223","11740580","암사2동","2007","731","1276","0","198","334","477","601","397","0","69","156","192","174","140","0","129","178","285","427","257"
"20223","11740570","암사1동","2678","1639","1039","0","343","577","567","537","654","0","166","376","357","364","376","0","177","201","210","173","278"
"20223","11740640","성내1동","10609","7203","3406","1","1262","2227","2282","2734","2103","0","726","1390","1496","1976","1615","1","536","837","786","758","488"
"20223","11710680","잠실3동","29138","19755","9383","134","5319","7304","7256","5526","3599","61","2773","5053","5370","3958","2540","73","2546","2251","1886","1568","1059"
"20223","11110690","창신3동","129","60","69","0","13","37","34","38","7","0","5","15","15","19","6","0","8","22","19","19","1"
"20223","11110515","청운효자동","6024","3890","2134","11","1105","1745","1679","1077","407","0","482","1090","1250","777","291","11","623","655","429","300","116"
"20223","11170530","남영동","17331","7295","10036","138","6595","4274","3302","2216","806","8","1240","2293","1960","1189","605","130","5355","1981","1342","1027","201"
"20223","11170660","이태원2동","976","553","423","0","153","340","268","145","70","0","70","187","143","83","70","0","83","153","125","62","0"
"20223","11170640","이촌2동","2211","1497","714","0","318","605","653","482","153","0","145","380","490","370","112","0","173","225","163","112","41"
"20223","11260575","면목3?8동","1762","1134","628","0","138","316","470","491","347","0","38","163","281","370","282","0","100","153","189","121","65"
"20223","11260655","망우본동","1514","797","717","0","144","279","350","476","265","0","34","104","163","262","234","0","110","175","187","214","31"
"20223","11305534","삼양동","288","182","106","0","28","49","70","77","64","0","7","23","37","54","61","0","21","26","33","23","3"
"20223","11305645","우이동","1954","1236","718","0","61","124","265","485","1019","0","5","58","146","345","682","0","56","66","119","140","337"
"20223","11290620","정릉1동","631","346","285","0","73","113","138","178","129","0","13","39","69","111","114","0","60","74","69","67","15"
"20223","11320660","쌍문1동","753","359","394","0","76","122","211","220","124","0","8","41","82","114","114","0","68","81","129","106","10"
"20223","11320681","쌍문4동","314","162","152","0","31","77","88","82","36","0","8","36","44","44","30","0","23","41","44","38","6"
"20223","11440610","염리동","2041","1359","682","17","385","463","414","453","309","7","194","315","313","315","215","10","191","148","101","138","94"
"20223","11350595","공릉1동","7314","3944","3370","0","771","1132","1606","2020","1785","0","346","617","798","1052","1131","0","425","515","808","968","654"
"20223","11350640","상계2동","1909","931","978","0","230","322","493","504","360","0","71","188","231","238","203","0","159","134","262","266","157"
"20223","11380520","불광1동","2024","874","1150","0","281","487","549","470","237","0","98","211","239","206","120","0","183","276","310","264","117"
"20223","11470560","신월1동","2065","1362","703","0","171","336","487","696","375","0","93","209","298","471","291","0","78","127","189","225","84"
"20223","11470610","신월6동","665","395","270","0","67","123","154","181","140","0","25","65","85","103","117","0","42","58","69","78","23"
"20223","11470680","신정7동","229","136","93","0","26","56","70","52","25","0","12","31","43","32","18","0","14","25","27","20","7"
"20223","11500535","등촌3동","11934","6321","5613","10","1490","2538","2667","2950","2279","5","656","1385","1560","1435","1280","5","834","1153","1107","1515","999"
"20223","11500640","방화2동","2178","1461","717","1","204","414","498","596","465","1","119","256","329","385","371","0","85","158","169","211","94"
"20223","11500615","우장산동","3743","2072","1671","0","817","846","798","789","493","0","305","492","477","474","324","0","512","354","321","315","169"
"20223","11530540","구로3동","60830","39887","20943","213","12649","20498","15414","7563","4493","143","6394","13598","10865","5281","3606","70","6255","6900","4549","2282","887"
"20223","11470620","신정1동","8070","4711","3359","32","1429","2022","2026","1719","842","32","594","1258","1214","998","615","0","835","764","812","721","227"
"20223","11470630","신정2동","13393","7695","5698","14","2422","4365","3588","2362","642","2","980","2399","2224","1575","515","12","1442","1966","1364","787","127"
"20223","11530780","오류2동","627","393","234","0","58","144","167","160","98","0","26","83","99","103","82","0","32","61","68","57","16"
"20223","11530770","오류1동","3696","2364","1332","0","475","682","912","1084","543","0","343","466","549","626","380","0","132","216","363","458","163"
"20223","11590560","상도4동","1213","728","485","0","152","289","310","301","161","0","75","167","185","217","84","0","77","122","125","84","77"
"20223","11590510","노량진1동","3339","1859","1480","0","438","797","839","799","466","0","183","454","507","431","284","0","255","343","332","368","182"
"20223","11620645","서원동","2096","855","1241","0","400","452","383","471","390","0","94","178","193","171","219","0","306","274","190","300","171"
"20223","11590680","신대방2동","13749","8759","4990","23","2512","2859","2578","3224","2553","12","1903","2198","1645","1642","1359","11","609","661","933","1582","1194"
"20223","11590605","흑석동","110","68","42","0","10","26","35","26","13","0","5","15","22","14","12","0","5","11","13","12","1"
"20223","11650660","내곡동","1187","773","414","0","177","243","250","257","260","0","124","178","172","148","151","0","53","65","78","109","109"
"20223","11650590","방배본동","24123","13354","10769","69","4526","6227","6422","4314","2565","59","1537","3253","3738","2802","1965","10","2989","2974","2684","1512","600"
"20223","11590640","사당3동","920","541","379","0","106","207","247","219","141","0","39","113","153","130","106","0","67","94","94","89","35"
"20223","11590651","사당5동","1687","921","766","0","200","422","520","410","135","0","89","194","271","238","129","0","111","228","249","172","6"
"20223","11590530","상도1동","3332","1942","1390","0","509","832","819","742","430","0","218","465","501","462","296","0","291","367","318","280","134"
"20223","11650510","서초1동","43719","24480","19239","23","9186","11347","9650","10688","2825","6","3291","6109","5602","7411","2061","17","5895","5238","4048","3277","764"
"20223","11680655","도곡1동","29691","21044","8647","50","5072","6918","8284","7519","1848","45","2572","4533","6229","6161","1504","5","2500","2385","2055","1358","344"
"20223","11680521","논현1동","40861","23907","16954","39","10700","12307","8710","5662","3443","5","4557","7311","5875","3655","2504","34","6143","4996","2835","2007","939"
"20223","11650550","반포본동","11741","6398","5343","18","1941","3874","3358","2009","541","11","710","2115","1883","1258","421","7","1231","1759","1475","751","120"
"20223","11710620","가락본동","28995","17557","11438","15","3936","6989","6650","5680","5725","5","1888","4368","4461","3299","3536","10","2048","2621","2189","2381","2189"
"20223","11710561","방이1동","8235","6032","2203","0","851","1616","2160","2202","1406","0","406","1031","1613","1766","1216","0","445","585","547","436","190"
"20223","11710646","장지동","5321","3640","1681","0","568","847","1266","1406","1234","0","320","569","848","988","915","0","248","278","418","418","319"
"20223","11710510","풍납1동","719","412","307","0","83","162","195","197","82","0","44","90","105","105","68","0","39","72","90","92","14"
"20223","11740550","고덕1동","799","416","383","0","91","177","206","189","136","0","40","101","102","87","86","0","51","76","104","102","50"
"20223","11740660","성내3동","4116","2497","1619","0","564","934","1042","864","712","0","297","599","633","493","475","0","267","335","409","371","237"
"20223","11710566","오륜동","17367","10066","7301","26","2818","5250","4508","3474","1291","8","1134","2733","2899","2302","990","18","1684","2517","1609","1172","301"
"20223","11140590","광희동","58515","29158","29357","524","16826","15439","12037","9255","4434","216","8180","8986","6965","3139","1672","308","8646","6453","5072","6116","2762"
"20223","11140625","다산동","6650","4221","2429","0","1171","2147","1616","1161","555","0","479","1478","1141","714","409","0","692","669","475","447","146"
"20223","11110600","가회동","13017","9707","3310","2","1389","4496","3916","2440","774","2","716","3308","3068","2014","599","0","673","1188","848","426","175"
"20223","11110640","이화동","1918","1059","859","0","287","484","495","407","245","0","88","218","291","272","190","0","199","266","204","135","55"
"20223","11170570","원효로2동","3070","2231","839","2","480","939","863","495","291","1","276","674","668","372","240","1","204","265","195","123","51"
"20223","11170510","후암동","2018","1192","826","0","298","452","571","475","222","0","100","271","373","279","169","0","198","181","198","196","53"
"20223","11170630","이촌1동","5718","3664","2054","18","925","1542","1605","1168","460","14","458","949","1133","788","322","4","467","593","472","380","138"
"20223","11230610","답십리2동","2968","2199","769","0","473","681","701","609","504","0","362","530","516","424","367","0","111","151","185","185","137"
"20223","11215780","능동","1400","868","532","0","201","324","366","285","224","0","98","191","233","171","175","0","103","133","133","114","49"
"20223","11230740","이문1동","937","419","518","0","175","251","254","182","75","0","28","97","127","110","57","0","147","154","127","72","18"
"20223","11230750","이문2동","294","156","138","0","34","64","66","78","52","0","11","30","31","43","41","0","23","34","35","35","11"
"20223","11260520","면목2동","1036","593","443","0","56","169","236","336","239","0","2","77","122","199","193","0","54","92","114","137","46"
"20223","11215750","중곡2동","2299","1342","957","0","293","465","604","553","384","0","194","271","324","293","260","0","99","194","280","260","124"
"20223","11215710","화양동","1130","765","365","0","134","167","289","361","179","0","51","93","202","258","161","0","83","74","87","103","18"
"20223","11260680","신내1동","1561","743","818","0","277","341","279","417","247","0","72","140","133","206","192","0","205","201","146","211","55"
"20223","11320511","창1동","1149","523","626","0","157","232","310","317","133","0","58","91","139","149","86","0","99","141","171","168","47"
"20223","11350560","월계1동","1739","950","789","0","268","424","467","332","248","0","120","262","235","168","165","0","148","162","232","164","83"
"20223","11410720","북가좌2동","1369","700","669","0","194","275","312","350","238","0","45","140","176","191","148","0","149","135","136","159","90"
"20223","11410565","충현동","11615","7222","4393","2","1448","2959","3070","2760","1376","2","684","1796","1952","1813","975","0","764","1163","1118","947","401"
"20223","11440555","아현동","5614","3089","2525","3","1068","1810","1591","954","188","0","465","1012","895","580","137","3","603","798","696","374","51"
"20223","11470580","신월3동","1027","610","417","0","89","187","235","324","192","0","28","78","126","210","168","0","61","109","109","114","24"
"20223","11470611","신월7동","2510","1637","873","0","271","418","510","596","715","0","199","315","336","360","427","0","72","103","174","236","288"
"20223","11470650","신정4동","5292","2926","2366","0","888","938","1019","1120","1327","0","254","456","519","610","1087","0","634","482","500","510","240"
"20223","11500560","화곡3동","3512","2167","1345","0","483","848","900","812","469","0","261","563","544","457","342","0","222","285","356","355","127"
"20223","11530560","구로5동","11842","7494","4348","12","1664","2787","3081","2631","1667","11","940","1925","2042","1562","1014","1","724","862","1039","1069","653"
"20223","11530530","구로2동","11788","7296","4492","12","1415","2737","2953","2981","1690","6","661","1620","1777","1965","1267","6","754","1117","1176","1016","423"
"20223","11560630","신길1동","2758","1203","1555","0","485","667","617","545","444","0","140","321","290","227","225","0","345","346","327","318","219"
"20223","11560710","대림2동","3597","1831","1766","0","666","862","805","549","715","0","257","458","347","308","461","0","409","404","458","241","254"
"20223","11560560","당산2동","11914","8003","3911","4","1859","2687","2897","2642","1825","2","948","1678","2026","1940","1409","2","911","1009","871","702","416"
"20223","11560660","신길4동","1041","519","522","0","173","247","269","244","108","0","61","115","130","132","81","0","112","132","139","112","27"
"20223","11560540","여의동","193775","137506","56269","459","35625","69449","49825","29711","8706","171","19666","49643","38480","23649","5897","288","15959","19806","11345","6062","2809"
"20223","11560515","영등포본동","3990","2286","1704","2","550","1004","1036","979","419","1","229","507","602","620","327","1","321","497","434","359","92"
"20223","11590540","상도2동","1151","588","563","0","126","278","310","290","147","0","54","146","163","145","80","0","72","132","147","145","67"
"20223","11650620","방배3동","15415","10109","5306","72","2413","4593","4181","2509","1647","23","1229","2881","3008","1732","1236","49","1184","1712","1173","777","411"
"20223","11590550","상도3동","1093","639","454","0","61","215","303","269","245","0","38","154","183","134","130","0","23","61","120","135","115"
"20223","11620775","난곡동","1030","581","449","0","78","219","257","330","146","0","24","112","127","194","124","0","54","107","130","136","22"
"20223","11620765","미성동","2922","1751","1171","0","255","507","706","783","671","0","169","304","398","409","471","0","86","203","308","374","200"
"20223","11680531","논현2동","50355","32162","18193","35","9660","14596","12150","8182","5732","0","4197","8723","8632","6205","4405","35","5463","5873","3518","1977","1327"
"20223","11710570","오금동","23886","16727","7159","0","3151","5689","6045","5775","3226","0","1851","3844","4464","4377","2191","0","1300","1845","1581","1398","1035"
"20223","11710590","송파2동","6409","4050","2359","19","1010","1590","1681","1531","578","18","488","1010","1211","960","363","1","522","580","470","571","215"
"20223","11740560","고덕2동","1034","659","375","0","56","132","224","364","258","0","9","59","129","252","210","0","47","73","95","112","48"
"20223","11110650","혜화동","5022","2454","2568","0","812","1386","1228","994","602","0","277","676","655","512","334","0","535","710","573","482","268"
"20223","11110550","부암동","1636","918","718","0","272","478","444","313","129","0","112","265","257","192","92","0","160","213","187","121","37"
"20223","11110530","사직동","44521","27874","16647","20","5884","12594","13421","8829","3773","1","2462","7742","9182","6164","2323","19","3422","4852","4239","2665","1450"
"20223","11110710","숭인2동","1586","814","772","0","231","279","378","384","314","0","67","134","212","231","170","0","164","145","166","153","144"
"20223","11140615","신당동","5055","2739","2316","13","1485","1078","955","912","612","2","655","565","493","600","424","11","830","513","462","312","188"
"20223","11140670","황학동","768","540","228","0","112","224","208","146","78","0","74","146","134","108","78","0","38","78","74","38","0"
"20223","11170690","서빙고동","7751","5088","2663","4","1381","2313","2395","1225","433","1","664","1353","1750","980","340","3","717","960","645","245","93"
"20223","11200645","옥수동","3459","1340","2119","0","886","1027","786","519","241","0","224","381","367","243","125","0","662","646","419","276","116"
"20223","11200535","왕십리도선동","3200","1469","1731","0","532","618","668","788","594","0","181","343","362","332","251","0","351","275","306","456","343"
"20223","11215820","자양1동","9561","7566","1995","0","648","1345","2600","3908","1060","0","287","871","2091","3400","917","0","361","474","509","508","143"
"20223","11215840","자양3동","2198","1609","589","0","256","574","623","559","186","0","159","410","465","419","156","0","97","164","158","140","30"
"20223","11230545","제기동","5383","3256","2127","0","653","1364","1349","1149","868","0","251","813","874","684","634","0","402","551","475","465","234"
"20223","11260550","면목5동","1081","783","298","0","79","171","306","284","241","0","64","144","150","192","233","0","15","27","156","92","8"
"20223","11230570","전농2동","920","484","436","0","104","196","245","246","129","0","42","93","132","129","88","0","62","103","113","117","41"
"20223","11260570","면목7동","717","412","305","0","68","127","186","213","123","0","12","57","102","129","112","0","56","70","84","84","11"
"20223","11260600","중화1동","1214","645","569","0","121","266","320","298","209","0","40","106","153","167","179","0","81","160","167","131","30"
"20223","11305535","미아동","1307","751","556","0","107","230","398","386","186","0","39","112","225","241","134","0","68","118","173","145","52"
"20223","11305615","수유1동","1076","479","597","0","84","186","288","339","179","0","12","70","117","145","135","0","72","116","171","194","44"
"20223","11320690","방학1동","3254","1891","1363","0","325","720","802","977","430","0","176","418","417","554","326","0","149","302","385","423","104"
"20223","11290780","장위3동","421","261","160","0","54","80","93","112","82","0","13","43","52","71","82","0","41","37","41","41","0"
"20223","11290760","장위1동","511","274","237","0","91","107","122","111","80","0","42","61","61","55","55","0","49","46","61","56","25"
"20223","11290640","정릉3동","350","264","86","0","51","106","87","68","38","0","33","79","69","56","27","0","18","27","18","12","11"
"20223","11320512","창2동","1105","631","474","0","122","255","309","264","155","0","52","154","170","133","122","0","70","101","139","131","33"
"20223","11320515","창5동","5148","3263","1885","0","580","1155","1265","1099","1049","0","299","797","855","605","707","0","281","358","410","494","342"
"20223","11350700","상계8동","761","399","362","0","106","222","187","171","75","0","37","141","78","93","50","0","69","81","109","78","25"
"20223","11350670","상계5동","1030","520","510","0","23","81","183","275","468","0","5","48","78","126","263","0","18","33","105","149","205"
"20223","11350710","상계9동","1445","913","532","0","183","363","363","408","128","0","101","230","213","270","99","0","82","133","150","138","29"
"20223","11410585","신촌동","1807","952","855","0","282","496","461","392","176","0","102","212","235","261","142","0","180","284","226","131","34"
"20223","11410555","북아현동","1212","906","306","0","111","288","338","348","127","0","42","222","269","273","100","0","69","66","69","75","27"
"20223","11440585","도화동","12595","7658","4937","2","2324","3073","3171","2815","1210","1","1214","2111","2086","1468","778","1","1110","962","1085","1347","432"
"20223","11380570","대조동","2133","1063","1070","0","234","467","583","506","343","0","80","228","280","226","249","0","154","239","303","280","94"
"20223","11380650","수색동","259","166","93","0","33","70","63","51","42","0","16","45","39","33","33","0","17","25","24","18","9"
"20223","11440660","서교동","26146","13366","12780","1","5476","7412","6084","4290","2883","1","2239","3706","3345","2268","1807","0","3237","3706","2739","2022","1076"
"20223","11440630","신수동","2396","1364","1032","0","290","669","673","584","180","0","109","315","385","411","144","0","181","354","288","173","36"
"20223","11470590","신월4동","1264","861","403","0","52","149","301","417","345","0","19","82","172","282","306","0","33","67","129","135","39"
"20223","11500530","등촌2동","3208","1900","1308","0","381","632","774","829","592","0","157","344","465","528","406","0","224","288","309","301","186"
"20223","11500540","화곡1동","4201","2364","1837","0","393","877","1054","1195","682","0","172","514","573","670","435","0","221","363","481","525","247"
"20223","11500591","화곡6동","7963","5084","2879","1","1115","2139","2048","1815","845","0","552","1366","1311","1206","649","1","563","773","737","609","196"
"20223","11500641","방화3동","2479","1607","872","0","237","530","625","684","403","0","120","281","387","482","337","0","117","249","238","202","66"
"20223","11590520","노량진2동","4035","2106","1929","2","637","1189","986","825","396","0","334","523","452","534","263","2","303","666","534","291","133"
"20223","11545680","시흥2동","954","561","393","0","95","191","238","288","142","0","54","110","134","167","96","0","41","81","104","121","46"
"20223","11620735","대학동","608","489","119","0","71","153","183","159","42","0","45","112","155","137","40","0","26","41","28","22","2"
"20223","11620665","서림동","1862","1072","790","0","254","327","484","409","388","0","127","175","260","249","261","0","127","152","224","160","127"
"20223","11680630","대치4동","31644","19451","12193","95","5084","9426","8602","5375","3062","1","2187","5704","5889","3765","1905","94","2897","3722","2713","1610","1157"
"20223","11650581","반포4동","56426","49808","6618","24","5644","11981","15221","20982","2574","9","4284","9971","13507","19943","2094","15","1360","2010","1714","1039","480"
"20223","11650570","반포2동","2973","1770","1203","4","499","923","772","499","276","2","218","558","497","301","194","2","281","365","275","198","82"
"20223","11710632","가락2동","7197","4851","2346","0","953","1528","1426","1347","1943","0","564","1043","948","804","1492","0","389","485","478","543","451"
"20223","11680750","수서동","17525","9247","8278","21","2495","4725","4712","3482","2090","14","1118","2539","2470","1850","1256","7","1377","2186","2242","1632","834"
"20223","11710562","방이2동","41991","24157","17834","30","6770","10782","9488","8965","5956","30","3797","7028","5822","4194","3286","0","2973","3754","3666","4771","2670"
"20223","11740515","강일동","156","104","52","0","22","34","44","39","17","0","11","24","29","25","15","0","11","10","15","14","2"
"20223","11740600","천호1동","2261","1333","928","0","182","418","577","544","540","0","62","217","294","332","428","0","120","201","283","212","112"
"20223","11740685","길동","8563","4337","4226","0","1222","1712","1943","2092","1594","0","472","909","1039","958","959","0","750","803","904","1134","635"
"20223","11710520","풍납2동","505","248","257","0","109","174","126","76","20","0","29","90","66","47","16","0","80","84","60","29","4"
"20223","11740520","상일동","1403","710","693","0","205","316","349","371","162","0","71","158","207","170","104","0","134","158","142","201","58"
"20223","11710600","석촌동","8871","5871","3000","0","1070","2023","2069","1824","1885","0","614","1460","1406","1069","1322","0","456","563","663","755","563"
"20223","11710690","잠실4동","4342","3486","856","21","580","1364","1260","920","197","8","417","1119","1039","751","152","13","163","245","221","169","45"
"20223","11110630","종로5?6가동","21618","13515","8103","534","5065","6248","5321","3262","1188","128","2096","4026","3898","2536","831","406","2969","2222","1423","726","357"
"20223","11140550","명동","124112","71858","52254","81","20305","41834","33685","22095","6112","19","8121","21572","21716","16291","4139","62","12184","20262","11969","5804","1973"
"20223","11170590","용문동","3635","2111","1524","0","718","994","1006","676","241","0","295","585","597","461","173","0","423","409","409","215","68"
"20223","11200590","금호1가동","1721","636","1085","9","201","568","706","196","41","0","61","190","278","77","30","9","140","378","428","119","11"
"20223","11170685","한남동","36498","26742","9756","43","6012","10823","9595","8392","1633","37","2849","7212","7785","7533","1326","6","3163","3611","1810","859","307"
"20223","11170520","용산2가동","413","305","108","0","18","71","158","154","12","0","2","41","127","124","11","0","16","30","31","30","1"
"20223","11215860","구의2동","2079","1320","759","1","288","355","537","577","321","0","147","199","360","382","232","1","141","156","177","195","89"
"20223","11170650","이태원1동","22318","9800","12518","0","6552","8576","4360","2157","673","0","1700","3587","2418","1562","533","0","4852","4989","1942","595","140"
"20223","11170625","한강로동","41872","20679","21193","100","8559","13053","11946","6161","2053","46","3491","6113","5940","3741","1348","54","5068","6940","6006","2420","705"
"20223","11200790","용답동","3262","2002","1260","12","827","928","671","509","315","0","356","608","452","329","257","12","471","320","219","180","58"
"20223","11200570","행당2동","11","0","11","0","0","1","5","5","0","0","0","0","0","0","0","0","0","1","5","5","0"
"20223","11215810","광장동","7266","4415","2851","60","2259","1915","1409","1121","502","17","1082","1237","957","750","372","43","1177","678","452","371","130"
"20223","11215730","군자동","1273","701","572","0","147","268","294","289","275","0","56","141","171","154","179","0","91","127","123","135","96"
"20223","11215740","중곡1동","3767","1830","1937","20","992","730","758","892","375","2","422","392","374","360","280","18","570","338","384","532","95"
"20223","11230560","전농1동","687","481","206","0","55","102","208","218","104","0","40","70","156","154","61","0","15","32","52","64","43"
"20223","11260540","면목4동","818","653","165","0","31","119","239","327","102","0","13","82","175","285","98","0","18","37","64","42","4"
"20223","11230710","회기동","103","45","58","0","6","25","31","25","16","0","0","7","13","9","16","0","6","18","18","16","0"
"20223","11215770","중곡4동","3655","1788","1867","0","623","901","954","860","317","0","161","414","466","470","277","0","462","487","488","390","40"
"20223","11260690","신내2동","734","409","325","0","98","184","180","182","90","0","42","87","93","118","69","0","56","97","87","64","21"
"20223","11290685","길음2동","466","187","279","0","36","90","133","142","65","0","15","33","61","46","32","0","21","57","72","96","33"
"20223","11305595","번1동","2055","1244","811","0","229","419","408","550","449","0","97","265","254","363","265","0","132","154","154","187","184"
"20223","11305603","번2동","340","159","181","0","39","41","99","111","50","0","14","22","42","53","28","0","25","19","57","58","22"
"20223","11305625","수유2동","1277","692","585","0","25","60","248","399","545","0","0","34","162","283","213","0","25","26","86","116","332"
"20223","11290770","장위2동","836","534","302","0","36","136","215","214","235","0","3","68","123","141","199","0","33","68","92","73","36"
"20223","11290630","정릉2동","1296","545","751","0","196","325","365","288","122","0","31","131","140","136","107","0","165","194","225","152","15"
"20223","11320680","쌍문3동","1010","471","539","0","222","233","245","248","62","0","46","108","126","142","49","0","176","125","119","106","13"
"20223","11350630","상계1동","3568","2267","1301","0","414","743","856","907","648","0","244","498","560","569","396","0","170","245","296","338","252"
"20223","11320513","창3동","661","365","296","0","32","138","250","196","45","0","0","83","150","89","43","0","32","55","100","107","2"
"20223","11380551","갈현1동","2156","1101","1055","0","362","506","514","484","290","0","141","262","258","245","195","0","221","244","256","239","95"
"20223","11350720","상계10동","357","150","207","0","55","76","95","103","28","0","11","32","37","49","21","0","44","44","58","54","7"
"20223","11380600","응암3동","1511","727","784","0","131","366","456","370","188","0","41","182","205","165","134","0","90","184","251","205","54"
"20223","11380640","증산동","1928","1257","671","0","244","513","528","444","199","0","115","341","350","294","157","0","129","172","178","150","42"
"20223","11380590","응암2동","443","299","144","0","52","53","104","131","103","0","31","31","63","81","93","0","21","22","41","50","10"
"20223","11410710","북가좌1동","450","364","86","0","5","17","49","93","286","0","1","5","22","64","272","0","4","12","27","29","14"
"20223","11410620","홍제1동","2998","1538","1460","0","324","453","771","1025","425","0","91","205","400","571","271","0","233","248","371","454","154"
"20223","11410700","남가좌2동","970","503","467","0","84","205","285","293","103","0","18","96","136","166","87","0","66","109","149","127","16"
"20223","11440565","공덕동","10155","5866","4289","17","2264","2784","2763","1784","543","4","899","1477","1758","1328","400","13","1365","1307","1005","456","143"
"20223","11440690","망원1동","2880","1610","1270","0","796","808","609","420","247","0","461","430","293","252","174","0","335","378","316","168","73"
"20223","11410520","천연동","1067","584","483","0","85","172","280","384","146","0","26","79","159","227","93","0","59","93","121","157","53"
"20223","11440740","상암동","11548","7100","4448","22","2441","4206","3142","1303","434","9","1074","2651","2090","915","361","13","1367","1555","1052","388","73"
"20223","11500620","공항동","5500","2884","2616","0","918","1819","1516","1071","176","0","210","759","887","890","138","0","708","1060","629","181","38"
"20223","11500603","가양1동","1970","1232","738","0","214","412","447","478","419","0","89","254","269","310","310","0","125","158","178","168","109"
"20223","11500550","화곡2동","2498","1535","963","0","304","704","654","601","235","0","185","467","405","315","163","0","119","237","249","286","72"
"20223","11500630","방화1동","4120","3293","827","0","410","876","1020","1203","611","0","306","731","828","1011","417","0","104","145","192","192","194"
"20223","11545630","독산3동","3389","2461","928","0","258","514","599","669","1349","0","138","315","327","403","1278","0","120","199","272","266","71"
"20223","11590630","사당2동","1925","1067","858","0","293","589","536","352","155","0","140","361","322","158","86","0","153","228","214","194","69"
"20223","11560610","양평1동","10467","6077","4390","14","2081","2412","2323","2111","1526","6","1061","1544","1390","1082","994","8","1020","868","933","1029","532"
"20223","11620685","신사동","3706","2583","1123","0","583","1089","1109","668","257","0","251","750","885","518","179","0","332","339","224","150","78"
"20223","11620715","난향동","319","154","165","0","34","71","90","71","53","0","5","32","37","36","44","0","29","39","53","35","9"
"20223","11620595","청룡동","3414","1875","1539","0","555","975","824","783","277","0","215","496","457","510","197","0","340","479","367","273","80"
"20223","11620655","신원동","540","329","211","0","32","124","147","143","94","0","20","72","91","87","59","0","12","52","56","56","35"
"20223","11590650","사당4동","1404","726","678","0","132","211","319","274","468","0","51","108","134","125","308","0","81","103","185","149","160"
"20223","11680656","도곡2동","95884","65569","30315","453","18326","37677","27542","9933","1953","289","9791","25806","21173","7227","1283","164","8535","11871","6369","2706","670"
"20223","11650652","양재2동","34416","25873","8543","10","4564","8443","9688","9100","2611","7","2768","6224","7450","7428","1996","3","1796","2219","2238","1672","615"
"20223","11680640","역삼1동","169288","100194","69094","320","34193","51527","43622","29575","10051","103","16376","32145","28487","16020","7063","217","17817","19382","15135","13555","2988"
"20223","11650600","방배1동","16153","10683","5470","62","3196","4965","3924","2935","1071","46","1516","3026","2889","2404","802","16","1680","1939","1035","531","269"
"20223","11710641","문정1동","34806","26912","7894","0","3158","6504","10030","13148","1966","0","1864","4693","7811","11263","1281","0","1294","1811","2219","1885","685"
"20223","11710550","마천2동","1523","985","538","0","123","363","436","407","194","0","75","232","250","247","181","0","48","131","186","160","13"
"20223","11110680","창신2동","129","30","99","0","0","4","36","64","25","0","0","0","10","16","4","0","0","4","26","48","21"
"20223","11110560","평창동","11829","6644","5185","0","1457","3183","3892","2574","723","0","699","1629","2299","1547","470","0","758","1554","1593","1027","253"
"20223","11170700","보광동","510","261","249","0","50","107","149","137","67","0","0","50","79","82","50","0","50","57","70","55","17"
"20223","11170580","효창동","1378","794","584","0","183","353","388","304","150","0","90","205","234","153","112","0","93","148","154","151","38"
"20223","11170555","청파동","3008","1612","1396","0","457","773","724","644","410","0","152","354","382","399","325","0","305","419","342","245","85"
"20223","11200720","송정동","896","557","339","0","118","218","228","184","148","0","57","135","129","110","126","0","61","83","99","74","22"
"20223","11200650","성수1가1동","2080","1303","777","0","260","440","465","557","358","0","122","274","297","378","232","0","138","166","168","179","126"
"20223","11140650","신당5동","708","384","324","0","54","164","190","170","130","0","23","71","97","93","100","0","31","93","93","77","30"
"20223","11140580","장충동","5367","2826","2541","11","1232","1475","1389","1027","233","0","436","822","822","591","155","11","796","653","567","436","78"
"20223","11140680","중림동","3121","1743","1378","0","658","1005","817","428","213","0","299","546","454","286","158","0","359","459","363","142","55"
"20223","11215830","자양2동","2163","1352","811","0","298","491","566","566","242","0","202","317","337","310","186","0","96","174","229","256","56"
"20223","11215870","구의3동","9627","5870","3757","3","1129","2028","2328","2417","1722","0","646","1417","1580","1246","981","3","483","611","748","1171","741"
"20223","11230720","휘경1동","740","445","295","0","69","147","188","195","141","0","20","87","123","135","80","0","49","60","65","60","61"
"20223","11260660","망우3동","320","173","147","0","12","37","87","111","73","0","1","11","39","61","61","0","11","26","48","50","12"
"20223","11215760","중곡3동","841","556","285","0","79","206","247","201","108","0","44","154","149","131","78","0","35","52","98","70","30"
"20223","11260565","면목본동","1074","597","477","0","104","266","301","274","129","0","24","134","161","161","117","0","80","132","140","113","12"
"20223","11290575","동선동","1974","984","990","0","254","412","455","503","350","0","84","175","224","277","224","0","170","237","231","226","126"
"20223","11290590","돈암2동","723","438","285","1","111","174","231","128","78","0","51","104","154","94","35","1","60","70","77","34","43"
"20223","11290525","성북동","18657","14227","4430","0","2430","4586","5425","5405","811","0","1342","3207","4298","4812","568","0","1088","1379","1127","593","243"
"20223","11320670","쌍문2동","982","561","421","0","96","169","238","292","187","0","18","78","123","187","155","0","78","91","115","105","32"
"20223","11305575","삼각산동","354","193","161","0","60","96","117","56","25","0","24","54","64","28","23","0","36","42","53","28","2"
"20223","11305545","송중동","1276","634","642","0","98","201","389","351","237","0","31","78","171","171","183","0","67","123","218","180","54"
"20223","11290600","안암동","2171","1454","717","0","279","583","626","475","208","0","143","369","408","352","182","0","136","214","218","123","26"
"20223","11380632","신사2동","980","707","273","0","99","194","257","250","180","0","81","136","150","171","169","0","18","58","107","79","11"
"20223","11410615","연희동","8584","5655","2929","2","1367","2137","1846","2386","846","1","758","1427","1153","1713","603","1","609","710","693","673","243"
"20223","11350625","중계2?3동","1261","708","553","0","163","329","324","327","118","0","98","196","167","172","75","0","65","133","157","155","43"
"20223","11440720","성산1동","5214","3491","1723","0","648","1088","1199","1015","1264","0","320","679","768","714","1010","0","328","409","431","301","254"
"20223","11470600","신월5동","1638","918","720","0","185","426","425","421","181","0","83","213","220","252","150","0","102","213","205","169","31"
"20223","11470550","목5동","15139","9214","5925","48","2457","3914","3668","3172","1880","23","1133","2360","2317","2077","1304","25","1324","1554","1351","1095","576"
"20223","11410640","홍제3동","793","390","403","0","57","93","156","217","270","0","11","35","71","116","157","0","46","58","85","101","113"
"20223","11500520","등촌1동","5353","3223","2130","0","1066","1388","1187","966","746","0","392","879","821","633","498","0","674","509","366","333","248"
"20223","11530720","고척1동","2678","1906","772","0","231","543","708","817","379","0","120","365","495","614","312","0","111","178","213","203","67"
"20223","11545710","시흥5동","1501","913","588","0","190","359","401","325","226","0","101","244","243","167","158","0","89","115","158","158","68"
"20223","11545510","가산동","92197","60654","31543","295","18174","28659","22817","13508","8744","190","9640","19252","16462","8977","6133","105","8534","9407","6355","4531","2611"
"20223","11560605","문래동","56252","40893","15359","49","8684","18402","17353","8849","2915","15","4846","14013","14186","6001","1832","34","3838","4389","3167","2848","1083"
"20223","11560585","도림동","654","448","206","0","31","104","171","185","163","0","11","69","117","123","128","0","20","35","54","62","35"
"20223","11560650","신길3동","585","444","141","0","10","76","146","165","188","0","1","53","106","119","165","0","9","23","40","46","23"
"20223","11560690","신길7동","2622","1809","813","0","300","497","594","761","470","0","187","345","403","488","386","0","113","152","191","273","84"
"20223","11620695","신림동","1587","973","614","0","103","214","390","373","507","0","29","113","217","217","397","0","74","101","173","156","110"
"20223","11620575","행운동","2641","1483","1158","0","387","656","633","606","359","0","190","373","338","313","269","0","197","283","295","293","90"
"20223","11650520","서초2동","59592","39584","20008","112","12487","19660","14921","9139","3273","28","6822","13281","10262","6848","2343","84","5665","6379","4659","2291","930"
"20223","11650531","서초4동","34065","19478","14587","113","6654","10434","8561","6034","2269","49","2530","5963","5553","3784","1599","64","4124","4471","3008","2250","670"
"20223","11680580","삼성1동","169509","114410","55099","382","34150","50842","45429","30095","8611","188","18352","33614","33509","23594","5153","194","15798","17228","11920","6501","3458"
"20223","11680545","압구정동","39740","22369","17371","179","8846","12438","9135","5956","3186","62","3275","6994","6148","3919","1971","117","5571","5444","2987","2037","1215"
"20223","11680590","삼성2동","57932","33308","24624","91","11684","18806","14726","8191","4434","35","4846","11067","9833","4604","2923","56","6838","7739","4893","3587","1511"
"20223","11710642","문정2동","36301","22822","13479","66","5198","11048","11125","6433","2431","29","2491","6237","7626","4925","1514","37","2707","4811","3499","1508","917"
"20223","11680565","청담동","54272","31088","23184","70","11304","17978","13491","8159","3270","19","4253","10268","8869","5396","2283","51","7051","7710","4622","2763","987"
"20223","11740530","명일1동","4140","2315","1825","0","610","1118","1050","743","619","0","280","679","691","380","285","0","330","439","359","363","334"
"20223","11740650","성내2동","2005","1289","716","0","326","417","457","408","397","0","230","268","269","266","256","0","96","149","188","142","141"
"20223","11740540","명일2동","2429","1666","763","0","289","691","654","514","281","0","148","491","476","329","222","0","141","200","178","185","59"
"20223","11710710","잠실6동","54446","29008","25438","107","8666","14450","15529","13884","1810","34","4010","8880","8963","5759","1362","73","4656","5570","6566","8125","448"
"20223","11110615","종로1?2?3?4가동","112601","62063","50538","1528","22838","34287","30861","17676","5411","646","9957","17210","18097","12464","3689","882","12881","17077","12764","5212","1722"
"20223","11140665","동화동","1157","519","638","0","182","280","308","245","142","0","48","94","149","134","94","0","134","186","159","111","48"
"20223","11110580","교남동","846","502","344","0","88","225","230","171","132","0","27","113","136","119","107","0","61","112","94","52","25"
"20223","11140605","을지로동","15737","8590","7147","8","3807","3827","3437","2749","1909","0","992","2113","2235","1908","1342","8","2815","1714","1202","841","567"
"20223","11200660","성수1가2동","5470","3787","1683","0","867","1121","1157","1192","1133","0","520","749","751","855","912","0","347","372","406","337","221"
"20223","11200550","사근동","350","254","96","0","9","58","123","114","46","0","1","36","88","88","41","0","8","22","35","26","5"
"20223","11200615","금호2?3가동","373","199","174","0","34","67","88","93","91","0","0","25","44","54","76","0","34","42","44","39","15"
"20223","11200520","왕십리2동","1350","817","533","0","164","348","402","302","134","0","82","187","246","190","112","0","82","161","156","112","22"
"20223","11200580","응봉동","696","290","406","0","166","187","151","119","73","0","40","66","69","62","53","0","126","121","82","57","20"
"20223","11215850","구의1동","3276","1971","1305","0","459","830","919","757","311","0","242","481","512","489","247","0","217","349","407","268","64"
"20223","11200540","마장동","6750","4827","1923","0","536","1190","1556","2250","1218","0","328","820","1144","1616","919","0","208","370","412","634","299"
"20223","11230650","장안1동","9744","6150","3594","0","1322","1918","2114","2156","2234","0","795","1234","1321","1299","1501","0","527","684","793","857","733"
"20223","11290580","돈암1동","151","71","80","0","44","46","31","21","9","0","11","23","17","12","8","0","33","23","14","9","1"
"20223","11290810","석관동","2355","1634","721","0","143","333","429","493","957","0","70","215","250","325","774","0","73","118","179","168","183"
"20223","11290610","보문동","3405","2585","820","0","322","1009","715","712","647","0","177","808","575","575","450","0","145","201","140","137","197"
"20223","11290725","월곡2동","2659","1686","973","0","428","756","653","468","354","0","214","496","396","279","301","0","214","260","257","189","53"
"20223","11305660","인수동","2841","1700","1141","0","235","558","751","860","437","0","70","312","466","517","335","0","165","246","285","343","102"
"20223","11305608","번3동","240","133","107","0","22","40","60","69","49","0","8","19","34","38","34","0","14","21","26","31","15"
"20223","11305555","송천동","720","376","344","0","16","92","149","214","249","0","1","37","64","131","143","0","15","55","85","83","106"
"20223","11320700","방학2동","719","318","401","0","36","150","183","151","199","0","6","75","81","75","81","0","30","75","102","76","118"
"20223","11320514","창4동","1768","1120","648","0","180","335","438","490","325","0","76","178","261","333","272","0","104","157","177","157","53"
"20223","11350570","월계2동","54","25","29","0","6","13","15","16","4","0","2","4","6","9","4","0","4","9","9","7","0"
"20223","11350600","공릉2동","1067","490","577","0","178","268","259","253","109","0","54","121","121","124","70","0","124","147","138","129","39"
"20223","11320522","도봉2동","820","528","292","0","30","96","145","210","339","0","10","48","80","139","251","0","20","48","65","71","88"
"20223","11380580","응암1동","2332","1301","1031","0","232","385","558","543","614","0","101","182","294","277","447","0","131","203","264","266","167"
"20223","11410660","홍은1동","3248","637","2611","0","106","239","889","1563","451","0","35","80","165","188","169","0","71","159","724","1375","282"
"20223","11380560","구산동","1741","926","815","0","206","325","390","555","265","0","78","142","186","342","178","0","128","183","204","213","87"
"20223","11440655","서강동","3033","1912","1121","0","522","743","728","600","440","0","255","442","483","400","332","0","267","301","245","200","108"
"20223","11440680","합정동","5202","2910","2292","0","863","1504","1368","946","521","0","329","742","855","620","364","0","534","762","513","326","157"
"20223","11440710","연남동","2729","1712","1017","0","433","651","681","590","374","0","194","349","409","414","346","0","239","302","272","176","28"
"20223","11440730","성산2동","2020","904","1116","0","177","385","541","632","285","0","58","190","244","246","166","0","119","195","297","386","119"
"20223","11470530","목3동","2011","1113","898","0","256","446","539","490","280","0","128","263","291","248","183","0","128","183","248","242","97"
"20223","11500605","가양3동","344","222","122","0","58","76","97","72","41","0","38","51","62","43","28","0","20","25","35","29","13"
"20223","11410655","홍제2동","415","207","208","0","58","88","106","97","66","0","18","55","53","48","33","0","40","33","53","49","33"
"20223","11530760","개봉3동","1488","914","574","0","187","375","385","327","214","0","92","235","235","187","165","0","95","140","150","140","49"
"20223","11530740","개봉1동","9334","5445","3889","0","781","2010","2250","2500","1793","0","404","1118","1146","1421","1356","0","377","892","1104","1079","437"
"20223","11530750","개봉2동","8545","4233","4312","5","1516","2075","2043","2036","870","1","862","1325","907","684","454","4","654","750","1136","1352","416"
"20223","11500593","화곡8동","1794","986","808","0","253","483","516","321","221","0","115","259","258","200","154","0","138","224","258","121","67"
"20223","11560535","영등포동","13253","7410","5843","1","2438","3300","3144","2628","1742","0","899","1840","1953","1549","1169","1","1539","1460","1191","1079","573"
"20223","11470640","신정3동","2165","1557","608","0","167","415","545","464","574","0","78","255","371","329","524","0","89","160","174","135","50"
"20223","11530595","가리봉동","853","389","464","0","43","143","205","190","272","0","12","67","87","72","151","0","31","76","118","118","121"
"20223","11590660","대방동","8638","5761","2877","0","1441","2353","2021","1939","884","0","771","1613","1413","1400","564","0","670","740","608","539","320"
"20223","11620565","성현동","1766","668","1098","3","252","310","408","536","257","3","115","163","186","145","56","0","137","147","222","391","201"
"20223","11620525","보라매동","2630","1358","1272","1","328","605","631","671","394","0","128","307","324","320","279","1","200","298","307","351","115"
"20223","11650610","방배2동","16039","7805","8234","2","2707","4122","4433","3081","1694","0","931","1849","2047","1827","1151","2","1776","2273","2386","1254","543"
"20223","11650621","방배4동","15039","9307","5732","1","2600","4166","3753","2874","1645","0","1099","2456","2547","2017","1188","1","1501","1710","1206","857","457"
"20223","11620605","은천동","1006","477","529","0","135","188","211","279","193","0","44","87","107","125","114","0","91","101","104","154","79"
"20223","11680610","대치2동","91102","50967","40135","516","16551","25079","21006","17182","10768","223","7622","15359","13502","8870","5391","293","8929","9720","7504","8312","5377"
"20223","11680690","개포4동","7461","5406","2055","0","903","1691","2116","1785","966","0","450","1140","1609","1397","810","0","453","551","507","388","156"
"20223","11620545","청림동","304","173","131","0","46","101","99","46","12","0","20","56","59","30","8","0","26","45","40","16","4"
"20223","11680700","세곡동","360","209","151","0","17","65","76","109","93","0","6","33","44","65","61","0","11","32","32","44","32"
"20223","11680650","역삼2동","48339","28663","19676","154","11137","13438","11497","8552","3561","54","5372","8608","7650","4471","2508","100","5765","4830","3847","4081","1053"
"20223","11710631","가락1동","5833","4080","1753","0","398","1085","1605","1672","1073","0","267","831","1182","1097","703","0","131","254","423","575","370"
"20223","11710540","마천1동","666","327","339","0","46","151","215","201","53","0","9","71","102","99","46","0","37","80","113","102","7"
"20223","11710650","잠실본동","11115","7148","3967","6","1499","2123","2609","2478","2400","0","665","1297","1638","1716","1832","6","834","826","971","762","568"
"20223","11740620","천호3동","1309","752","557","0","58","135","221","231","664","0","18","62","110","118","444","0","40","73","111","113","220"
"20223","11740700","둔촌2동","2597","1165","1432","0","487","684","571","541","314","0","132","286","285","255","207","0","355","398","286","286","107"
"20223","11110570","무악동","519","135","384","0","146","149","134","66","24","0","30","30","42","20","13","0","116","119","92","46","11"
"20223","11110700","숭인1동","258","114","144","0","47","58","58","59","36","0","2","24","29","32","27","0","45","34","29","27","9"
"20223","11140570","필동","13649","6423","7226","2","1970","3470","4208","2984","1015","0","666","1721","1981","1401","654","2","1304","1749","2227","1583","361"
"20223","11140645","청구동","3499","1911","1588","0","513","932","821","751","482","0","172","480","517","462","280","0","341","452","304","289","202"
"20223","11200690","성수2가3동","22812","14637","8175","40","3750","5812","5711","4572","2927","40","2083","3889","3844","2757","2024","0","1667","1923","1867","1815","903"
"20223","11200560","행당1동","1507","1031","476","0","184","316","391","432","184","0","92","197","272","332","138","0","92","119","119","100","46"
"20223","11230600","답십리1동","2154","1028","1126","0","313","440","606","580","215","0","212","297","217","153","149","0","101","143","389","427","66"
"20223","11200620","금호4가동","716","433","283","0","76","166","207","175","92","0","27","85","136","112","73","0","49","81","71","63","19"
"20223","11230705","청량리동","2521","1355","1166","0","438","753","486","469","375","0","155","435","274","271","220","0","283","318","212","198","155"
"20223","11260590","상봉2동","4445","3111","1334","0","532","1156","1480","1019","258","0","309","819","998","752","233","0","223","337","482","267","25"
"20223","11290555","삼선동","4526","2265","2261","0","463","1094","1379","1142","448","0","154","471","664","715","261","0","309","623","715","427","187"
"20223","11290715","월곡1동","1542","964","578","0","81","183","316","334","628","0","21","88","168","225","462","0","60","95","148","109","166"
"20223","11350695","상계6?7동","4587","2025","2562","0","640","1082","1188","1170","507","0","165","410","533","634","283","0","475","672","655","536","224"
"20223","11350665","상계3?4동","716","521","195","0","23","48","187","288","170","0","5","24","120","221","151","0","18","24","67","67","19"
"20223","11380552","갈현2동","3042","1564","1478","0","284","605","824","825","504","0","133","338","388","361","344","0","151","267","436","464","160"
"20223","11380631","신사1동","1335","711","624","0","131","282","307","334","281","0","47","140","167","160","197","0","84","142","140","174","84"
"20223","11320521","도봉1동","1591","1095","496","0","29","150","386","605","421","0","0","80","228","440","347","0","29","70","158","165","74"
"20223","11380625","역촌동","3286","1578","1708","0","535","676","859","762","454","0","182","301","399","370","326","0","353","375","460","392","128"
"20223","11380690","진관동","579","305","274","0","53","144","160","141","81","0","25","91","91","57","41","0","28","53","69","84","40"
"20223","11410685","홍은2동","1246","806","440","0","201","345","307","267","126","0","112","226","199","175","94","0","89","119","108","92","32"
"20223","11410690","남가좌1동","1684","1016","668","2","123","214","294","420","631","2","83","145","187","223","376","0","40","69","107","197","255"
"20223","11350621","중계1동","1095","604","491","0","143","241","329","274","108","0","61","132","174","151","86","0","82","109","155","123","22"
"20223","11440700","망원2동","4460","2671","1789","0","564","828","960","1358","750","0","313","614","676","631","437","0","251","214","284","727","313"
"20223","11470520","목2동","3478","1955","1523","0","480","855","933","800","410","0","225","469","520","464","277","0","255","386","413","336","133"
"20223","11470510","목1동","15358","9986","5372","16","2655","4194","3845","3134","1514","11","1239","2760","2734","2254","988","5","1416","1434","1111","880","526"
"20223","11500611","발산1동","4028","2354","1674","0","228","574","1087","1341","798","0","94","288","522","786","664","0","134","286","565","555","134"
"20223","11500590","화곡본동","2614","1517","1097","0","249","508","652","651","554","0","85","297","376","345","414","0","164","211","276","306","140"
"20223","11530790","수궁동","1801","1237","564","0","169","345","421","520","346","0","106","223","266","357","285","0","63","122","155","163","61"
"20223","11560550","당산1동","6841","4115","2726","0","1171","1938","1530","1252","950","0","468","1086","961","876","724","0","703","852","569","376","226"
"20223","11545690","시흥3동","1638","972","666","0","118","240","376","430","474","0","63","155","219","235","300","0","55","85","157","195","174"
"20223","11545640","독산4동","1411","816","595","0","162","242","298","333","376","0","105","146","182","161","222","0","57","96","116","172","154"
"20223","11560700","대림1동","1513","564","949","0","507","351","324","242","89","0","93","120","160","122","69","0","414","231","164","120","20"
"20223","11590620","사당1동","3631","1926","1705","0","597","912","992","662","468","0","179","445","498","405","399","0","418","467","494","257","69"
"20223","11560670","신길5동","974","470","504","0","74","213","336","250","101","0","34","96","122","126","92","0","40","117","214","124","9"
"20223","11560680","신길6동","1838","1151","687","0","187","445","486","396","324","0","93","273","290","250","245","0","94","172","196","146","79"
"20223","11560620","양평2동","12638","7239","5399","4","2309","3448","3483","2185","1209","0","1010","2076","1978","1284","891","4","1299","1372","1505","901","318"
"20223","11620630","남현동","3481","2312","1169","0","579","875","949","683","395","0","316","595","672","448","281","0","263","280","277","235","114"
"20223","11620615","중앙동","1189","552","637","0","126","210","278","339","236","0","49","102","130","159","112","0","77","108","148","180","124"
"20223","11650530","서초3동","60960","36224","24736","79","10474","18312","15643","11115","5337","25","4429","10668","10012","7263","3827","54","6045","7644","5631","3852","1510"
"20223","11650560","반포1동","8126","5018","3108","0","1488","2713","2045","1236","644","0","704","1775","1363","690","486","0","784","938","682","546","158"
"20223","11650580","반포3동","2930","1635","1295","3","464","748","648","586","481","0","197","441","429","340","228","3","267","307","219","246","253"
"20223","11680730","일원1동","1871","1020","851","0","242","353","427","411","438","0","102","189","219","213","297","0","140","164","208","198","141"
"20223","11680600","대치1동","18253","9723","8530","24","3341","5959","4549","2842","1538","8","1255","2956","2574","1816","1114","16","2086","3003","1975","1026","424"
"20223","11680660","개포1동","466","287","179","2","73","123","122","96","50","1","33","68","84","65","36","1","40","55","38","31","14"
"20223","11740610","천호2동","3076","1590","1486","0","342","661","781","737","555","0","130","304","386","368","402","0","212","357","395","369","153"
"20223","11710670","잠실2동","3901","2603","1298","4","748","1135","1024","778","212","4","470","797","696","513","123","0","278","338","328","265","89"
"20224","11140520","소공동","81642","43347","38295","440","23620","25767","17953","10800","3062","117","7678","12823","12808","7884","2037","323","15942","12944","5145","2916","1025"
"20224","11110530","사직동","35094","21967","13127","14","4645","9916","10573","6962","2984","0","1947","6096","7231","4857","1836","14","2698","3820","3342","2105","1148"
"20224","11170570","원효로2동","2980","2170","810","0","470","916","836","481","277","0","274","655","647","364","230","0","196","261","189","117","47"
"20224","11170690","서빙고동","8230","5408","2822","1","1464","2458","2547","1300","460","0","705","1437","1862","1042","362","1","759","1021","685","258","98"
"20224","11215847","자양4동","561","446","115","0","2","53","149","172","185","0","0","38","101","127","180","0","2","15","48","45","5"
"20224","11230560","전농1동","592","439","153","0","40","76","193","202","81","0","31","55","153","151","49","0","9","21","40","51","32"
"20224","11230750","이문2동","246","129","117","0","28","54","56","65","43","0","8","26","26","36","33","0","20","28","30","29","10"
"20224","11260655","망우본동","1519","804","715","0","135","278","359","490","257","0","24","102","169","273","236","0","111","176","190","217","21"
"20224","11260590","상봉2동","4535","3199","1336","0","532","1185","1522","1045","251","0","310","844","1033","777","235","0","222","341","489","268","16"
"20224","11260630","묵2동","1328","926","402","0","188","331","320","379","110","0","111","225","211","282","97","0","77","106","109","97","13"
"20224","11290575","동선동","1953","966","987","0","245","411","449","504","344","0","72","175","219","281","219","0","173","236","230","223","125"
"20224","11290610","보문동","3655","2773","882","0","342","1086","768","766","693","0","187","869","618","618","481","0","155","217","150","148","212"
"20224","11290725","월곡2동","2297","1463","834","0","370","658","560","406","303","0","185","433","340","241","264","0","185","225","220","165","39"
"20224","11305535","미아동","1001","577","424","0","77","175","310","297","142","0","26","86","174","184","107","0","51","89","136","113","35"
"20224","11290640","정릉3동","341","263","78","0","46","109","86","64","36","0","30","81","70","54","28","0","16","28","16","10","8"
"20224","11320670","쌍문2동","984","570","414","0","89","163","247","297","188","0","14","75","130","192","159","0","75","88","117","105","29"
"20224","11350619","중계본동","807","385","422","0","86","162","203","245","111","0","41","82","85","109","68","0","45","80","118","136","43"
"20224","11320710","방학3동","1210","727","483","0","206","278","284","282","160","0","131","158","181","136","121","0","75","120","103","146","39"
"20224","11410685","홍은2동","1135","745","390","0","176","319","282","244","114","0","104","212","181","164","84","0","72","107","101","80","30"
"20224","11410700","남가좌2동","895","468","427","0","79","187","266","270","93","0","15","90","125","154","84","0","64","97","141","116","9"
"20224","11410720","북가좌2동","1478","753","725","0","200","292","342","389","255","0","39","148","195","211","160","0","161","144","147","178","95"
"20224","11410520","천연동","1093","596","497","0","85","181","288","388","151","0","25","84","162","228","97","0","60","97","126","160","54"
"20224","11350625","중계2?3동","1132","632","500","0","151","293","288","291","109","0","90","174","148","152","68","0","61","119","140","139","41"
"20224","11440655","서강동","3524","2235","1289","0","594","869","853","699","509","0","289","519","571","470","386","0","305","350","282","229","123"
"20224","11440710","연남동","2318","1456","862","0","370","557","582","500","309","0","159","299","349","354","295","0","211","258","233","146","14"
"20224","11440630","신수동","2518","1433","1085","0","299","705","710","621","183","0","109","333","407","437","147","0","190","372","303","184","36"
"20224","11410655","홍제2동","430","214","216","0","57","93","114","96","70","0","17","58","57","47","35","0","40","35","57","49","35"
"20224","11470630","신정2동","12000","6895","5105","5","2173","3906","3214","2123","579","0","878","2146","1990","1414","467","5","1295","1760","1224","709","112"
"20224","11530530","구로2동","11083","6869","4214","6","1320","2583","2789","2808","1577","3","613","1531","1678","1850","1194","3","707","1052","1111","958","383"
"20224","11545710","시흥5동","1523","940","583","0","186","373","413","328","223","0","102","255","255","170","158","0","84","118","158","158","65"
"20224","11530790","수궁동","1676","1147","529","0","156","324","385","487","324","0","98","208","243","331","267","0","58","116","142","156","57"
"20224","11545510","가산동","92030","60550","31480","289","18141","28614","22781","13483","8722","187","9624","19222","16434","8962","6121","102","8517","9392","6347","4521","2601"
"20224","11545640","독산4동","1392","813","579","0","151","239","295","331","376","0","101","144","180","161","227","0","50","95","115","170","149"
"20224","11560720","대림3동","5334","3504","1830","0","503","1120","1394","1291","1026","0","260","798","1009","821","616","0","243","322","385","470","410"
"20224","11560670","신길5동","986","474","512","0","68","216","346","257","99","0","28","97","125","130","94","0","40","119","221","127","5"
"20224","11590560","상도4동","885","533","352","0","107","215","234","217","112","0","53","124","139","159","58","0","54","91","95","58","54"
"20224","11560515","영등포본동","3682","2112","1570","0","508","929","958","904","383","0","211","471","556","573","301","0","297","458","402","331","82"
"20224","11620735","대학동","539","439","100","0","64","136","166","139","34","0","41","101","142","122","33","0","23","35","24","17","1"
"20224","11620765","미성동","2812","1691","1121","0","233","487","685","759","648","0","158","294","387","392","460","0","75","193","298","367","188"
"20224","11620715","난향동","676","332","344","0","72","150","196","147","111","0","14","68","81","76","93","0","58","82","115","71","18"
"20224","11620575","행운동","2475","1391","1084","0","366","613","590","565","341","0","179","349","316","294","253","0","187","264","274","271","88"
"20224","11650620","방배3동","13996","9177","4819","57","2199","4168","3801","2275","1496","15","1117","2616","2733","1571","1125","42","1082","1552","1068","704","371"
"20224","11680580","삼성1동","142941","96466","46475","333","28799","42874","38306","25377","7252","165","15476","28344","28250","19895","4336","168","13323","14530","10056","5482","2916"
"20224","11710531","거여1동","2894","2159","735","0","728","833","699","381","253","0","505","663","537","262","192","0","223","170","162","119","61"
"20224","11680565","청담동","56939","32636","24303","41","11873","18883","14172","8553","3417","6","4467","10789","9321","5660","2393","35","7406","8094","4851","2893","1024"
"20224","11710562","방이2동","41941","24102","17839","18","6770","10762","9470","8960","5961","18","3793","7010","5800","4195","3286","0","2977","3752","3670","4765","2675"
"20224","11680730","일원1동","1226","679","547","0","150","230","286","276","284","0","64","123","148","146","198","0","86","107","138","130","86"
"20224","11710610","삼전동","3627","2452","1175","0","428","826","819","734","820","0","246","541","535","450","680","0","182","285","284","284","140"
"20224","11740515","강일동","156","105","51","0","22","33","44","39","18","0","11","24","28","26","16","0","11","9","16","13","2"
"20224","11740550","고덕1동","812","421","391","0","89","180","209","194","140","0","37","102","104","89","89","0","52","78","105","105","51"
"20224","11740530","명일1동","3610","2015","1595","0","536","974","915","647","538","0","245","593","600","330","247","0","291","381","315","317","291"
"20224","11710680","잠실3동","29056","19707","9349","127","5298","7288","7242","5511","3590","58","2761","5046","5360","3950","2532","69","2537","2242","1882","1561","1058"
"20224","11110650","혜화동","4981","2432","2549","0","807","1369","1216","997","592","0","274","669","648","512","329","0","533","700","568","485","263"
"20224","11110700","숭인1동","254","112","142","0","46","56","60","58","34","0","0","24","30","31","27","0","46","32","30","27","7"
"20224","11140615","신당동","4548","2465","2083","4","1364","968","858","815","539","0","597","511","439","543","375","4","767","457","419","272","164"
"20224","11140670","황학동","733","532","201","0","98","220","206","134","75","0","72","143","134","108","75","0","26","77","72","26","0"
"20224","11140570","필동","12398","5839","6559","0","1788","3149","3821","2713","927","0","608","1559","1799","1275","598","0","1180","1590","2022","1438","329"
"20224","11170510","후암동","1833","1095","738","0","264","416","521","436","196","0","87","251","344","259","154","0","177","165","177","177","42"
"20224","11170660","이태원2동","926","527","399","0","143","331","256","131","65","0","65","182","137","78","65","0","78","149","119","53","0"
"20224","11200720","송정동","752","472","280","0","95","183","196","154","124","0","45","115","110","95","107","0","50","68","86","59","17"
"20224","11215730","군자동","1164","650","514","0","123","247","275","266","253","0","44","132","161","144","169","0","79","115","114","122","84"
"20224","11215780","능동","1521","952","569","0","213","360","400","309","239","0","103","215","255","187","192","0","110","145","145","122","47"
"20224","11230650","장안1동","9766","6178","3588","0","1315","1929","2119","2168","2235","0","793","1247","1327","1308","1503","0","522","682","792","860","732"
"20224","11260520","면목2동","962","559","403","0","42","158","226","318","218","0","0","72","115","188","184","0","42","86","111","130","34"
"20224","11230570","전농2동","1021","535","486","0","114","217","272","273","145","0","47","102","146","142","98","0","67","115","126","131","47"
"20224","11230705","청량리동","2651","1429","1222","0","455","806","509","491","390","0","161","470","286","282","230","0","294","336","223","209","160"
"20224","11215750","중곡2동","2256","1320","936","0","285","455","596","547","373","0","190","265","318","290","257","0","95","190","278","257","116"
"20224","11260600","중화1동","1019","540","479","0","99","224","270","247","179","0","30","86","128","142","154","0","69","138","142","105","25"
"20224","11290590","돈암2동","643","389","254","1","101","154","205","114","68","0","47","91","137","85","29","1","54","63","68","29","39"
"20224","11290715","월곡1동","1448","906","542","0","67","172","300","310","599","0","12","83","159","209","443","0","55","89","141","101","156"
"20224","11320680","쌍문3동","1012","468","544","0","217","238","251","249","57","0","42","109","129","141","47","0","175","129","122","108","10"
"20224","11290705","종암동","16140","8514","7626","0","1380","4103","5717","4612","328","0","591","1511","2613","3596","203","0","789","2592","3104","1016","125"
"20224","11305645","우이동","1487","940","547","0","39","89","204","376","779","0","1","39","111","269","520","0","38","50","93","107","259"
"20224","11305625","수유2동","1281","698","583","0","14","44","250","416","557","0","0","26","166","287","219","0","14","18","84","129","338"
"20224","11320511","창1동","947","427","520","0","128","194","256","264","105","0","45","76","114","123","69","0","83","118","142","141","36"
"20224","11320514","창4동","1721","1087","634","0","179","326","422","477","317","0","77","172","252","323","263","0","102","154","170","154","54"
"20224","11350640","상계2동","1822","896","926","0","208","310","474","479","351","0","57","184","225","229","201","0","151","126","249","250","150"
"20224","11380530","불광2동","2252","1079","1173","0","87","319","382","496","968","0","21","163","156","202","537","0","66","156","226","294","431"
"20224","11320521","도봉1동","1496","1058","438","0","11","117","372","597","399","0","0","62","217","437","342","0","11","55","155","160","57"
"20224","11380580","응암1동","2200","1231","969","0","203","362","531","517","587","0","88","172","278","263","430","0","115","190","253","254","157"
"20224","11380640","증산동","1958","1282","676","0","247","525","537","452","197","0","114","351","358","301","158","0","133","174","179","151","39"
"20224","11440600","대흥동","3481","1708","1773","0","1440","807","493","472","269","0","552","416","268","288","184","0","888","391","225","184","85"
"20224","11440690","망원1동","2837","1605","1232","0","796","801","596","417","227","0","464","429","291","253","168","0","332","372","305","164","59"
"20224","11350580","월계3동","77","38","39","0","9","14","20","22","12","0","4","7","9","11","7","0","5","7","11","11","5"
"20224","11380510","녹번동","3103","1653","1450","0","343","724","854","838","344","0","161","350","405","503","234","0","182","374","449","335","110"
"20224","11380650","수색동","253","163","90","0","31","70","62","50","40","0","15","45","39","32","32","0","16","25","23","18","8"
"20224","11470560","신월1동","2040","1357","683","0","158","337","484","698","363","0","87","211","297","474","288","0","71","126","187","224","75"
"20224","11440555","아현동","4227","2328","1899","2","804","1365","1202","713","141","0","352","763","672","435","106","2","452","602","530","278","35"
"20224","11440730","성산2동","1807","805","1002","0","148","349","487","574","249","0","46","172","219","221","147","0","102","177","268","353","102"
"20224","11470610","신월6동","597","354","243","0","60","113","138","162","124","0","23","59","76","92","104","0","37","54","62","70","20"
"20224","11500620","공항동","4040","2121","1919","0","677","1339","1114","786","124","0","158","559","650","654","100","0","519","780","464","132","24"
"20224","11470540","목4동","1871","1171","700","0","208","421","568","476","198","0","82","261","337","314","177","0","126","160","231","162","21"
"20224","11500520","등촌1동","4379","2640","1739","0","877","1136","969","785","612","0","323","719","671","518","409","0","554","417","298","267","203"
"20224","11500641","방화3동","2458","1593","865","0","232","527","622","678","399","0","118","279","386","476","334","0","114","248","236","202","65"
"20224","11530560","구로5동","12682","8027","4655","6","1788","2985","3297","2815","1791","6","1009","2064","2186","1674","1088","0","779","921","1111","1141","703"
"20224","11545670","시흥1동","4719","2544","2175","0","666","1140","1131","1194","588","0","307","568","568","678","423","0","359","572","563","516","165"
"20224","11560550","당산1동","5576","3354","2222","0","955","1583","1246","1026","766","0","384","880","782","720","588","0","571","703","464","306","178"
"20224","11530510","신도림동","9051","5962","3089","2","1479","2815","2213","1648","894","1","616","1919","1600","1142","684","1","863","896","613","506","210"
"20224","11545700","시흥4동","1252","763","489","0","192","270","374","315","101","0","120","192","223","146","82","0","72","78","151","169","19"
"20224","11590630","사당2동","1900","1047","853","0","288","577","537","347","151","0","137","348","321","157","84","0","151","229","216","190","67"
"20224","11560660","신길4동","987","493","494","0","165","234","253","233","102","0","58","108","124","126","77","0","107","126","129","107","25"
"20224","11545680","시흥2동","852","498","354","0","87","172","214","253","126","0","48","99","120","146","85","0","39","73","94","107","41"
"20224","11650660","내곡동","876","569","307","0","128","182","187","186","193","0","89","133","127","107","113","0","39","49","60","79","80"
"20224","11650610","방배2동","15032","7312","7720","0","2548","3859","4149","2888","1588","0","883","1728","1913","1711","1077","0","1665","2131","2236","1177","511"
"20224","11650510","서초1동","42912","24020","18892","10","9017","11126","9482","10492","2785","0","3237","5986","5500","7264","2033","10","5780","5140","3982","3228","752"
"20224","11680656","도곡2동","73377","50174","23203","351","14018","28830","21079","7603","1496","223","7492","19745","16203","5529","982","128","6526","9085","4876","2074","514"
"20224","11650560","반포1동","7309","4510","2799","0","1332","2442","1838","1112","585","0","630","1597","1228","618","437","0","702","845","610","494","148"
"20224","11710632","가락2동","6446","4334","2112","0","856","1368","1281","1211","1730","0","505","933","849","723","1324","0","351","435","432","488","406"
"20224","11680750","수서동","16798","8865","7933","18","2394","4527","4516","3339","2004","11","1072","2434","2369","1776","1203","7","1322","2093","2147","1563","801"
"20224","11710570","오금동","19798","13817","5981","0","2635","4711","5004","4776","2672","0","1544","3173","3687","3604","1809","0","1091","1538","1317","1172","863"
"20224","11710540","마천1동","689","335","354","0","37","165","229","215","43","0","3","75","110","105","42","0","34","90","119","110","1"
"20224","11740540","명일2동","2419","1657","762","0","291","687","650","512","279","0","148","486","473","327","223","0","143","201","177","185","56"
"20224","11110670","창신1동","1827","771","1056","0","73","315","611","495","333","0","14","88","193","227","249","0","59","227","418","268","84"
"20224","11110690","창신3동","103","45","58","0","9","30","27","32","5","0","2","11","11","16","5","0","7","19","16","16","0"
"20224","11110550","부암동","1241","693","548","0","208","359","339","242","93","0","85","199","194","146","69","0","123","160","145","96","24"
"20224","11140540","회현동","79592","49205","30387","174","14928","28109","21798","11564","3019","40","6972","16777","14204","9107","2105","134","7956","11332","7594","2457","914"
"20224","11170530","남영동","14729","6199","8530","114","5603","3628","2811","1890","683","4","1057","1946","1663","1017","512","110","4546","1682","1148","873","171"
"20224","11170520","용산2가동","426","314","112","0","11","73","171","161","10","0","0","41","134","129","10","0","11","32","37","32","0"
"20224","11170625","한강로동","43401","21437","21964","82","8869","13560","12399","6381","2110","38","3614","6352","6167","3880","1386","44","5255","7208","6232","2501","724"
"20224","11200520","왕십리2동","1064","648","416","0","130","278","314","240","102","0","65","150","193","154","86","0","65","128","121","86","16"
"20224","11200580","응봉동","595","247","348","0","145","158","129","103","60","0","35","57","58","52","45","0","110","101","71","51","15"
"20224","11215810","광장동","7150","4343","2807","53","2228","1884","1388","1104","493","12","1066","1217","943","740","365","41","1162","667","445","364","128"
"20224","11200540","마장동","6693","4776","1917","0","532","1182","1539","2236","1204","0","325","819","1127","1593","912","0","207","363","412","643","292"
"20224","11230740","이문1동","1188","521","667","0","225","319","331","224","89","0","32","119","164","137","69","0","193","200","167","87","20"
"20224","11230660","장안2동","5089","2740","2349","0","1587","989","1034","959","520","0","822","570","477","466","405","0","765","419","557","493","115"
"20224","11260550","면목5동","898","657","241","0","61","141","261","239","196","0","54","120","127","162","194","0","7","21","134","77","2"
"20224","11230730","휘경2동","922","477","445","0","118","203","244","225","132","0","32","96","128","121","100","0","86","107","116","104","32"
"20224","11215760","중곡3동","732","506","226","0","59","187","221","176","89","0","36","144","136","121","69","0","23","43","85","55","20"
"20224","11305635","수유3동","2903","1487","1416","0","240","726","787","802","348","0","71","303","364","501","248","0","169","423","423","301","100"
"20224","11290760","장위1동","462","248","214","0","80","99","116","96","71","0","38","58","58","47","47","0","42","41","58","49","24"
"20224","11350595","공릉1동","5486","2963","2523","0","584","840","1193","1520","1349","0","263","458","591","794","857","0","321","382","602","726","492"
"20224","11350600","공릉2동","1111","510","601","0","183","280","273","261","114","0","53","127","127","129","74","0","130","153","146","132","40"
"20224","11380551","갈현1동","1987","1015","972","0","332","470","478","447","260","0","126","243","240","227","179","0","206","227","238","220","81"
"20224","11410690","남가좌1동","841","507","334","0","61","109","147","210","314","0","40","73","94","113","187","0","21","36","53","97","127"
"20224","11440700","망원2동","4654","2802","1852","0","579","867","1000","1426","782","0","325","648","708","664","457","0","254","219","292","762","325"
"20224","11440660","서교동","24889","12716","12173","0","5208","7014","5782","4101","2784","0","2138","3507","3175","2164","1732","0","3070","3507","2607","1937","1052"
"20224","11470570","신월2동","1729","996","733","0","135","279","477","479","359","0","75","168","244","253","256","0","60","111","233","226","103"
"20224","11470611","신월7동","2506","1642","864","0","265","416","509","596","720","0","196","317","339","359","431","0","69","99","170","237","289"
"20224","11470530","목3동","1795","993","802","0","234","394","482","439","246","0","117","231","262","220","163","0","117","163","220","219","83"
"20224","11470550","목5동","13754","8370","5384","44","2234","3558","3332","2879","1707","22","1030","2144","2104","1886","1184","22","1204","1414","1228","993","523"
"20224","11500603","가양1동","1846","1156","690","0","195","385","425","449","392","0","80","237","255","292","292","0","115","148","170","157","100"
"20224","11500570","화곡4동","2050","892","1158","0","487","574","424","380","185","0","96","241","204","204","147","0","391","333","220","176","38"
"20224","11500615","우장산동","2566","1418","1148","0","559","579","550","542","336","0","210","335","327","323","223","0","349","244","223","219","113"
"20224","11530730","고척2동","1513","962","551","0","147","344","401","426","195","0","96","218","238","244","166","0","51","126","163","182","29"
"20224","11470620","신정1동","7998","4668","3330","32","1412","2006","2015","1703","830","32","585","1248","1208","989","606","0","827","758","807","714","224"
"20224","11545610","독산1동","11171","7183","3988","1","839","1510","1874","2469","4478","1","502","1014","1202","1522","2942","0","337","496","672","947","1536"
"20224","11560630","신길1동","3183","1375","1808","0","558","778","717","624","506","0","153","371","339","257","255","0","405","407","378","367","251"
"20224","11560535","영등포동","15792","8850","6942","0","2891","3944","3768","3128","2061","0","1062","2199","2350","1843","1396","0","1829","1745","1418","1285","665"
"20224","11560620","양평2동","13322","7643","5679","0","2426","3657","3684","2298","1257","0","1058","2205","2092","1356","932","0","1368","1452","1592","942","325"
"20224","11620695","신림동","1358","821","537","0","78","192","337","318","433","0","17","100","184","184","336","0","61","92","153","134","97"
"20224","11620685","신사동","3519","2457","1062","0","559","1034","1058","631","237","0","245","709","842","491","170","0","314","325","216","140","67"
"20224","11680531","논현2동","52320","33463","18857","14","10040","15188","12640","8497","5941","0","4365","9085","8986","6456","4571","14","5675","6103","3654","2041","1370"
"20224","11650652","양재2동","34626","25993","8633","5","4596","8490","9744","9144","2647","3","2779","6251","7481","7461","2018","2","1817","2239","2263","1683","629"
"20224","11710642","문정2동","24239","15239","9000","43","3472","7377","7429","4296","1622","19","1663","4165","5090","3291","1011","24","1809","3212","2339","1005","611"
"20224","11710561","방이1동","7882","5758","2124","0","821","1546","2066","2104","1345","0","392","985","1538","1684","1159","0","429","561","528","420","186"
"20224","11680660","개포1동","522","321","201","2","82","138","136","108","56","1","37","76","94","73","40","1","45","62","42","35","16"
"20224","11740600","천호1동","1824","1067","757","0","144","332","469","446","433","0","44","170","238","277","338","0","100","162","231","169","95"
"20224","11740560","고덕2동","887","560","327","0","46","115","195","310","221","0","6","50","111","213","180","0","40","65","84","97","41"
"20224","11740640","성내1동","12328","8380","3948","0","1461","2583","2658","3178","2448","0","834","1614","1745","2301","1886","0","627","969","913","877","562"
"20224","11710600","석촌동","8931","5910","3021","0","1076","2032","2085","1842","1896","0","617","1467","1417","1079","1330","0","459","565","668","763","566"
"20224","11110515","청운효자동","6746","4377","2369","5","1236","1971","1894","1195","445","0","540","1240","1409","869","319","5","696","731","485","326","126"
"20224","11110570","무악동","495","129","366","0","141","142","128","61","23","0","31","30","40","16","12","0","110","112","88","45","11"
"20224","11200590","금호1가동","1693","625","1068","9","200","560","691","193","40","0","61","186","271","77","30","9","139","374","420","116","10"
"20224","11170580","효창동","1309","757","552","0","176","336","368","289","140","0","87","197","222","146","105","0","89","139","146","143","35"
"20224","11170630","이촌1동","5422","3473","1949","16","876","1462","1523","1108","437","12","434","899","1074","748","306","4","442","563","449","360","131"
"20224","11200670","성수2가1동","8245","5274","2971","32","1909","2402","1916","1340","646","18","855","1560","1320","959","562","14","1054","842","596","381","84"
"20224","11140635","약수동","12014","4643","7371","23","1932","4496","3330","1644","589","0","592","1581","1103","943","424","23","1340","2915","2227","701","165"
"20224","11140650","신당5동","652","352","300","0","38","151","183","164","116","0","14","61","93","90","94","0","24","90","90","74","22"
"20224","11215820","자양1동","9485","7518","1967","0","641","1335","2580","3881","1048","0","282","865","2077","3380","914","0","359","470","503","501","134"
"20224","11215850","구의1동","3261","1974","1287","0","454","836","919","755","297","0","240","487","511","491","245","0","214","349","408","264","52"
"20224","11200570","행당2동","12","1","11","0","0","2","5","4","1","0","0","0","0","0","1","0","0","2","5","4","0"
"20224","11200620","금호4가동","648","391","257","0","72","151","186","156","83","0","25","77","124","100","65","0","47","74","62","56","18"
"20224","11230545","제기동","4390","2637","1753","0","528","1120","1104","943","695","0","202","663","711","553","508","0","326","457","393","390","187"
"20224","11260540","면목4동","710","584","126","0","17","100","214","293","86","0","5","73","160","260","86","0","12","27","54","33","0"
"20224","11260690","신내2동","976","543","433","0","130","246","239","241","120","0","55","116","123","156","93","0","75","130","116","85","27"
"20224","11260570","면목7동","653","381","272","0","49","110","176","207","111","0","3","47","96","127","108","0","46","63","80","80","3"
"20224","11290660","길음1동","3802","1855","1947","249","1338","938","634","412","231","101","579","494","312","190","179","148","759","444","322","222","52"
"20224","11290525","성북동","18115","13827","4288","0","2358","4458","5268","5254","777","0","1304","3117","4179","4683","544","0","1054","1341","1089","571","233"
"20224","11305575","삼각산동","373","200","173","0","64","102","122","60","25","0","24","56","67","30","23","0","40","46","55","30","2"
"20224","11305615","수유1동","1101","489","612","0","80","183","305","360","173","0","8","67","120","154","140","0","72","116","185","206","33"
"20224","11320690","방학1동","3274","1905","1369","0","322","725","805","993","429","0","176","418","418","564","329","0","146","307","387","429","100"
"20224","11290780","장위3동","284","181","103","0","36","53","64","74","57","0","10","28","38","48","57","0","26","25","26","26","0"
"20224","11320660","쌍문1동","670","322","348","0","60","108","190","204","108","0","2","37","71","106","106","0","58","71","119","98","2"
"20224","11350560","월계1동","1519","826","693","0","240","367","402","291","219","0","109","223","201","147","146","0","131","144","201","144","73"
"20224","11380520","불광1동","1996","863","1133","0","275","482","542","464","233","0","96","210","235","204","118","0","179","272","307","260","115"
"20224","11380625","역촌동","3260","1563","1697","0","528","665","857","756","454","0","174","296","399","366","328","0","354","369","458","390","126"
"20224","11380600","응암3동","1302","630","672","0","98","317","400","329","158","0","24","158","179","150","119","0","74","159","221","179","39"
"20224","11410585","신촌동","1565","840","725","0","241","434","411","341","138","0","88","188","211","234","119","0","153","246","200","107","19"
"20224","11380570","대조동","2110","1054","1056","0","222","467","585","505","331","0","72","230","278","227","247","0","150","237","307","278","84"
"20224","11440680","합정동","5199","2913","2286","0","859","1516","1368","947","509","0","326","749","856","623","359","0","533","767","512","324","150"
"20224","11440590","용강동","10958","6512","4446","0","1609","2699","2597","2173","1880","0","784","1602","1718","1264","1144","0","825","1097","879","909","736"
"20224","11470520","목2동","3493","1953","1540","0","490","853","930","801","419","0","232","466","519","459","277","0","258","387","411","342","142"
"20224","11500550","화곡2동","2050","1262","788","0","252","570","536","498","194","0","152","381","333","262","134","0","100","189","203","236","60"
"20224","11500591","화곡6동","4632","2952","1680","0","646","1244","1189","1057","496","0","321","794","760","698","379","0","325","450","429","359","117"
"20224","11500630","방화1동","3807","3012","795","0","373","812","949","1112","561","0","282","673","762","925","370","0","91","139","187","187","191"
"20224","11530550","구로4동","1586","896","690","0","132","327","411","409","307","0","49","189","217","217","224","0","83","138","194","192","83"
"20224","11530780","오류2동","678","418","260","0","60","154","183","174","107","0","26","87","107","111","87","0","34","67","76","63","20"
"20224","11530770","오류1동","3310","2119","1191","0","425","614","819","965","487","0","310","417","490","558","344","0","115","197","329","407","143"
"20224","11560605","문래동","50992","37032","13960","35","7887","16667","15712","8030","2661","10","4403","12666","12831","5442","1680","25","3484","4001","2881","2588","981"
"20224","11545620","독산2동","1566","900","666","0","161","324","380","488","213","0","88","143","190","296","183","0","73","181","190","192","30"
"20224","11545630","독산3동","3350","2448","902","0","234","502","601","669","1344","0","125","313","327","402","1281","0","109","189","274","267","63"
"20224","11560700","대림1동","1358","503","855","0","453","316","303","215","71","0","80","107","150","108","58","0","373","209","153","107","13"
"20224","11560560","당산2동","10688","7177","3511","2","1665","2411","2598","2373","1639","1","847","1510","1819","1742","1258","1","818","901","779","631","381"
"20224","11620585","낙성대동","6105","3366","2739","0","986","2102","1312","939","766","0","446","1105","683","540","592","0","540","997","629","399","174"
"20224","11620630","남현동","3416","2275","1141","0","568","861","933","672","382","0","312","586","659","442","276","0","256","275","274","230","106"
"20224","11620655","신원동","467","292","175","0","17","110","132","128","80","0","14","64","83","79","52","0","3","46","49","49","28"
"20224","11620725","조원동","2908","1832","1076","0","555","721","714","625","293","0","251","475","463","424","219","0","304","246","251","201","74"
"20224","11680630","대치4동","32469","19973","12496","83","5207","9686","8848","5520","3125","0","2235","5863","6060","3871","1944","83","2972","3823","2788","1649","1181"
"20224","11680545","압구정동","38898","21880","17018","159","8652","12153","8931","5850","3153","50","3209","6828","6007","3839","1947","109","5443","5325","2924","2011","1206"
"20224","11680521","논현1동","40540","23732","16808","13","10620","12219","8633","5632","3423","0","4524","7257","5821","3633","2497","13","6096","4962","2812","1999","926"
"20224","11710580","송파1동","11606","7251","4355","0","1651","2600","2885","2527","1943","0","706","1536","1879","1698","1432","0","945","1064","1006","829","511"
"20224","11650600","방배1동","16740","11094","5646","52","3316","5157","4071","3041","1103","45","1574","3143","3001","2501","830","7","1742","2014","1070","540","273"
"20224","11650570","반포2동","3273","1949","1324","4","550","1016","851","549","303","2","241","614","548","331","213","2","309","402","303","218","90"
"20224","11680650","역삼2동","47819","28344","19475","132","11017","13290","11372","8475","3533","42","5317","8508","7558","4433","2486","90","5700","4782","3814","4042","1047"
"20224","11740700","둔촌2동","2509","1125","1384","0","473","663","546","524","303","0","125","273","273","251","203","0","348","390","273","273","100"
"20224","11710520","풍납2동","476","234","242","0","104","163","118","72","19","0","28","85","62","44","15","0","76","78","56","28","4"
"20224","11110615","종로1?2?3?4가동","116022","63962","52060","1532","23530","35387","31829","18187","5557","638","10261","17769","18671","12832","3791","894","13269","17618","13158","5355","1766"
"20224","11110630","종로5?6가동","19116","11964","7152","437","4501","5551","4724","2880","1023","89","1867","3578","3463","2243","724","348","2634","1973","1261","637","299"
"20224","11110560","평창동","14279","8020","6259","0","1761","3843","4697","3106","872","0","843","1966","2776","1865","570","0","918","1877","1921","1241","302"
"20224","11140550","명동","116772","67593","49179","47","19111","39342","31695","20800","5777","2","7631","20277","20428","15335","3920","45","11480","19065","11267","5465","1857"
"20224","11140605","을지로동","15783","8617","7166","1","3824","3833","3449","2759","1917","0","989","2119","2248","1916","1345","1","2835","1714","1201","843","572"
"20224","11170590","용문동","2935","1709","1226","0","578","804","816","542","195","0","239","474","486","370","140","0","339","330","330","172","55"
"20224","11170560","원효로1동","2863","1970","893","0","441","790","752","529","351","0","258","572","529","368","243","0","183","218","223","161","108"
"20224","11140645","청구동","2264","1239","1025","0","331","599","533","485","316","0","112","311","334","298","184","0","219","288","199","187","132"
"20224","11200660","성수1가2동","5449","3782","1667","0","867","1119","1154","1184","1125","0","519","748","750","852","913","0","348","371","404","332","212"
"20224","11200550","사근동","363","265","98","0","8","61","127","122","45","0","1","38","90","95","41","0","7","23","37","27","4"
"20224","11200790","용답동","3446","2123","1323","12","875","981","710","539","329","0","378","644","483","349","269","12","497","337","227","190","60"
"20224","11200560","행당1동","1467","1007","460","0","180","307","382","423","175","0","90","192","267","323","135","0","90","115","115","100","40"
"20224","11215860","구의2동","2394","1524","870","0","336","411","623","660","364","0","169","229","419","438","269","0","167","182","204","222","95"
"20224","11215870","구의3동","10223","6250","3973","1","1197","2155","2472","2571","1827","0","687","1510","1681","1329","1043","1","510","645","791","1242","784"
"20224","11230720","휘경1동","696","425","271","0","60","142","180","183","131","0","15","88","117","129","76","0","45","54","63","54","55"
"20224","11215710","화양동","1100","752","348","0","125","162","285","354","174","0","45","89","200","257","161","0","80","73","85","97","13"
"20224","11260680","신내1동","1909","908","1001","0","335","419","344","512","299","0","83","173","163","254","235","0","252","246","181","258","64"
"20224","11290580","돈암1동","123","57","66","0","36","38","25","17","7","0","9","19","13","9","7","0","27","19","12","8","0"
"20224","11290600","안암동","1815","1219","596","0","228","492","528","406","161","0","116","312","344","300","147","0","112","180","184","106","14"
"20224","11290630","정릉2동","1298","547","751","0","196","322","367","292","121","0","24","130","142","136","115","0","172","192","225","156","6"
"20224","11350700","상계8동","528","278","250","0","74","153","129","119","53","0","27","97","54","65","35","0","47","56","75","54","18"
"20224","11380590","응암2동","423","283","140","0","47","47","104","130","95","0","27","27","64","79","86","0","20","20","40","51","9"
"20224","11410620","홍제1동","2497","1282","1215","0","268","383","639","853","354","0","75","172","333","475","227","0","193","211","306","378","127"
"20224","11410565","충현동","8579","5336","3243","0","1066","2192","2270","2039","1012","0","502","1330","1440","1342","722","0","564","862","830","697","290"
"20224","11440610","염리동","2000","1337","663","12","378","456","407","442","305","4","190","310","308","310","215","8","188","146","99","132","90"
"20224","11470650","신정4동","5429","3007","2422","0","903","966","1051","1156","1353","0","250","469","538","629","1121","0","653","497","513","527","232"
"20224","11500605","가양3동","747","480","267","2","125","166","210","154","90","1","82","111","134","91","61","1","43","55","76","63","29"
"20224","11500540","화곡1동","4239","2398","1841","0","390","876","1066","1221","686","0","172","517","582","687","440","0","218","359","484","534","246"
"20224","11530750","개봉2동","7124","3527","3597","2","1269","1730","1703","1695","725","0","721","1105","757","568","376","2","548","625","946","1127","349"
"20224","11500590","화곡본동","2359","1377","982","0","213","460","590","599","497","0","70","277","340","318","372","0","143","183","250","281","125"
"20224","11590620","사당1동","3588","1918","1670","0","585","911","982","653","457","0","169","446","495","407","401","0","416","465","487","246","56"
"20224","11560610","양평1동","8694","5045","3649","10","1729","2006","1930","1748","1271","4","882","1282","1155","898","824","6","847","724","775","850","447"
"20224","11590540","상도2동","839","432","407","0","89","207","229","214","100","0","39","107","122","107","57","0","50","100","107","107","43"
"20224","11590680","신대방2동","7519","4788","2731","12","1375","1565","1411","1762","1394","6","1041","1202","899","897","743","6","334","363","512","865","651"
"20224","11590605","흑석동","115","71","44","0","7","29","38","28","13","0","4","16","23","15","13","0","3","13","15","13","0"
"20224","11620615","중앙동","1085","499","586","0","116","185","258","317","209","0","42","90","120","149","98","0","74","95","138","168","111"
"20224","11650590","방배본동","24244","13414","10830","61","4552","6259","6450","4340","2582","55","1546","3264","3755","2816","1978","6","3006","2995","2695","1524","604"
"20224","11680610","대치2동","55807","31219","24588","318","10135","15363","12866","10519","6606","137","4668","9406","8270","5431","3307","181","5467","5957","4596","5088","3299"
"20224","11650651","양재1동","20452","13222","7230","252","4799","5670","4626","3057","2048","121","2433","3806","3274","2038","1550","131","2366","1864","1352","1019","498"
"20224","11650581","반포4동","55827","49277","6550","18","5583","11858","15064","20760","2544","5","4238","9868","13367","19731","2068","13","1345","1990","1697","1029","476"
"20224","11650580","반포3동","3075","1717","1358","1","490","783","682","614","505","0","208","462","451","357","239","1","282","321","231","257","266"
"20224","11650550","반포본동","10981","5981","5000","17","1816","3625","3139","1877","507","10","663","1979","1760","1176","393","7","1153","1646","1379","701","114"
"20224","11710620","가락본동","26378","15951","10427","4","3589","6356","6047","5171","5211","0","1718","3965","4051","3002","3215","4","1871","2391","1996","2169","1996"
"20224","11680600","대치1동","23114","12313","10801","26","4230","7550","5766","3596","1946","6","1589","3746","3261","2300","1411","20","2641","3804","2505","1296","535"
"20224","11740610","천호2동","2988","1550","1438","0","321","639","778","708","542","0","117","295","383","353","402","0","204","344","395","355","140"
"20224","11740620","천호3동","1149","663","486","0","40","112","191","201","605","0","9","51","94","103","406","0","31","61","97","98","199"
"20224","11740650","성내2동","1864","1227","637","0","299","391","438","374","362","0","217","256","258","253","243","0","82","135","180","121","119"
"20224","11740520","상일동","1573","796","777","0","231","352","389","415","186","0","82","176","231","189","118","0","149","176","158","226","68"
"20224","11710670","잠실2동","3847","2566","1281","3","737","1119","1010","767","211","3","463","786","686","505","123","0","274","333","324","262","88"
"20224","11140665","동화동","1134","507","627","0","181","272","296","245","140","0","49","91","144","132","91","0","132","181","152","113","49"
"20224","11170700","보광동","412","215","197","0","42","88","122","111","49","0","0","42","65","66","42","0","42","46","57","45","7"
"20224","11170640","이촌2동","2283","1549","734","0","329","628","674","495","157","0","151","396","507","382","113","0","178","232","167","113","44"
"20224","11200615","금호2?3가동","352","191","161","0","31","56","90","85","90","0","0","17","45","50","79","0","31","39","45","35","11"
"20224","11230600","답십리1동","2158","1033","1125","0","312","444","606","576","220","0","214","297","218","153","151","0","98","147","388","423","69"
"20224","11230610","답십리2동","2990","2217","773","0","471","683","704","622","510","0","366","530","515","433","373","0","105","153","189","189","137"
"20224","11215840","자양3동","1940","1424","516","0","226","511","555","489","159","0","142","362","415","369","136","0","84","149","140","120","23"
"20224","11215740","중곡1동","3882","1884","1998","16","1029","751","775","921","390","0","438","402","381","371","292","16","591","349","394","550","98"
"20224","11230536","용신동","19606","10142","9464","0","2377","4361","4853","4832","3183","0","1124","2499","2559","2214","1746","0","1253","1862","2294","2618","1437"
"20224","11260575","면목3?8동","1718","1119","599","0","123","303","465","482","345","0","25","159","283","369","283","0","98","144","182","113","62"
"20224","11215770","중곡4동","3258","1603","1655","0","558","802","850","767","281","0","146","370","416","418","253","0","412","432","434","349","28"
"20224","11290810","석관동","2257","1613","644","0","99","305","412","476","965","0","48","206","245","320","794","0","51","99","167","156","171"
"20224","11305595","번1동","1918","1177","741","0","204","390","376","529","419","0","84","250","236","357","250","0","120","140","140","172","169"
"20224","11290650","정릉4동","844","524","320","0","51","128","209","281","175","0","8","64","135","192","125","0","43","64","74","89","50"
"20224","11380631","신사1동","1361","722","639","0","127","294","316","343","281","0","44","146","170","164","198","0","83","148","146","179","83"
"20224","11305545","송중동","1098","543","555","0","75","170","343","309","201","0","20","61","151","151","160","0","55","109","192","158","41"
"20224","11305555","송천동","593","322","271","0","8","66","115","179","225","0","0","24","48","116","134","0","8","42","67","63","91"
"20224","11350611","하계1동","532","340","192","0","60","110","138","152","72","0","30","64","83","107","56","0","30","46","55","45","16"
"20224","11410660","홍은1동","2819","549","2270","0","90","206","774","1356","393","0","30","66","142","163","148","0","60","140","632","1193","245"
"20224","11410555","북아현동","963","713","250","0","95","229","270","272","97","0","37","173","212","213","78","0","58","56","58","59","19"
"20224","11440565","공덕동","8589","4962","3627","5","1920","2361","2346","1516","441","0","756","1250","1494","1133","329","5","1164","1111","852","383","112"
"20224","11380560","구산동","1573","841","732","0","186","294","349","506","238","0","69","130","166","315","161","0","117","164","183","191","77"
"20224","11470590","신월4동","1229","847","382","0","46","144","296","405","338","0","16","79","171","277","304","0","30","65","125","128","34"
"20224","11500640","방화2동","1702","1161","541","1","152","325","390","472","362","1","92","204","262","307","295","0","60","121","128","165","67"
"20224","11500510","염창동","2133","992","1141","0","334","626","634","361","178","0","122","275","255","199","141","0","212","351","379","162","37"
"20224","11500593","화곡8동","1587","874","713","0","213","437","468","280","189","0","96","234","234","175","135","0","117","203","234","105","54"
"20224","11530540","구로3동","61432","40299","21133","207","12775","20722","15572","7630","4526","139","6459","13751","10981","5328","3641","68","6316","6971","4591","2302","885"
"20224","11545690","시흥3동","1819","1081","738","0","131","266","421","476","525","0","70","174","244","260","333","0","61","92","177","216","192"
"20224","11590510","노량진1동","3694","2064","1630","0","476","887","936","891","504","0","198","507","565","483","311","0","278","380","371","408","193"
"20224","11590670","신대방1동","2507","1595","912","0","473","809","587","404","234","0","242","524","406","264","159","0","231","285","181","140","75"
"20224","11620565","성현동","1578","593","985","1","227","276","364","481","229","1","102","144","164","130","52","0","125","132","200","351","177"
"20224","11620775","난곡동","951","540","411","0","64","206","234","317","130","0","17","106","116","186","115","0","47","100","118","131","15"
"20224","11620595","청룡동","3818","2100","1718","0","620","1091","921","879","307","0","238","555","512","574","221","0","382","536","409","305","86"
"20224","11620525","보라매동","3041","1567","1474","0","376","705","730","778","452","0","146","357","373","369","322","0","230","348","357","409","130"
"20224","11620625","인헌동","1560","916","644","0","321","469","406","236","128","0","147","295","245","121","108","0","174","174","161","115","20"
"20224","11590530","상도1동","2904","1685","1219","0","455","717","709","644","379","0","199","400","432","396","258","0","256","317","277","248","121"
"20224","11650520","서초2동","47409","31490","15919","87","9934","15641","11873","7269","2605","21","5430","10560","8164","5451","1864","66","4504","5081","3709","1818","741"
"20224","11650540","잠원동","14579","8455","6124","6","3038","4312","3608","2251","1364","3","1198","2528","2393","1411","922","3","1840","1784","1215","840","442"
"20224","11620545","청림동","327","186","141","0","49","108","108","49","13","0","22","61","64","31","8","0","27","47","44","18","5"
"20224","11680590","삼성2동","53614","30826","22788","70","10816","17398","13626","7591","4113","25","4487","10237","9101","4259","2717","45","6329","7161","4525","3332","1396"
"20224","11710650","잠실본동","11094","7132","3962","0","1493","2132","2602","2475","2392","0","658","1305","1636","1709","1824","0","835","827","966","766","568"
"20224","11740570","암사1동","2741","1682","1059","0","357","588","570","550","676","0","174","388","363","369","388","0","183","200","207","181","288"
"20224","11710690","잠실4동","4925","3955","970","24","658","1547","1430","1044","222","10","473","1269","1179","852","172","14","185","278","251","192","50"
"20224","11110680","창신2동","92","16","76","0","0","0","23","52","17","0","0","0","4","12","0","0","0","0","19","40","17"
"20224","11140590","광희동","54531","27160","27371","496","15661","14374","11209","8625","4166","201","7610","8363","6475","2933","1578","295","8051","6011","4734","5692","2588"
"20224","11110600","가회동","11445","8528","2917","1","1223","3951","3439","2148","683","1","631","2904","2695","1770","527","0","592","1047","744","378","156"
"20224","11110540","삼청동","4036","3332","704","0","481","1082","1272","961","240","0","311","836","1097","867","221","0","170","246","175","94","19"
"20224","11110710","숭인2동","1552","787","765","0","223","277","369","374","309","0","62","130","207","222","166","0","161","147","162","152","143"
"20224","11170650","이태원1동","21112","9294","11818","0","6203","8095","4127","2053","634","0","1617","3386","2290","1491","510","0","4586","4709","1837","562","124"
"20224","11170555","청파동","3565","1916","1649","0","535","922","858","772","478","0","178","422","457","479","380","0","357","500","401","293","98"
"20224","11200650","성수1가1동","2404","1514","890","0","291","510","543","651","409","0","134","319","349","445","267","0","157","191","194","206","142"
"20224","11140580","장충동","5961","3153","2808","7","1369","1643","1547","1141","254","0","481","919","919","660","174","7","888","724","628","481","80"
"20224","11200690","성수2가3동","22647","14522","8125","28","3727","5770","5670","4548","2904","28","2070","3857","3817","2743","2007","0","1657","1913","1853","1805","897"
"20224","11200535","왕십리도선동","3003","1377","1626","0","496","579","626","746","556","0","167","321","339","315","235","0","329","258","287","431","321"
"20224","11215830","자양2동","2595","1626","969","0","357","588","684","683","283","0","247","378","404","374","223","0","110","210","280","309","60"
"20224","11260620","묵1동","900","420","480","0","87","215","273","220","105","0","26","100","116","100","78","0","61","115","157","120","27"
"20224","11260580","상봉1동","1902","1375","527","0","203","323","398","525","453","0","142","209","229","374","421","0","61","114","169","151","32"
"20224","11260610","중화2동","542","347","195","0","25","49","172","133","163","0","12","20","86","86","143","0","13","29","86","47","20"
"20224","11290685","길음2동","381","151","230","0","22","74","114","121","50","0","8","25","54","39","25","0","14","49","60","82","25"
"20224","11305660","인수동","2776","1672","1104","0","211","552","747","853","413","0","55","309","465","514","329","0","156","243","282","339","84"
"20224","11320700","방학2동","629","272","357","0","18","128","167","130","186","0","0","64","72","64","72","0","18","64","95","66","114"
"20224","11290770","장위2동","749","491","258","0","21","122","201","201","204","0","0","61","118","133","179","0","21","61","83","68","25"
"20224","11320512","창2동","981","569","412","0","109","225","277","239","131","0","46","137","155","121","110","0","63","88","122","118","21"
"20224","11320513","창3동","581","320","261","0","22","115","226","182","36","0","0","73","131","80","36","0","22","42","95","102","0"
"20224","11320681","쌍문4동","248","129","119","0","24","61","70","66","27","0","6","29","35","35","24","0","18","32","35","31","3"
"20224","11320515","창5동","5092","3231","1861","0","569","1144","1254","1089","1036","0","294","788","848","597","704","0","275","356","406","492","332"
"20224","11350695","상계6?7동","3853","1705","2148","0","540","911","993","982","427","0","139","347","448","530","241","0","401","564","545","452","186"
"20224","11380552","갈현2동","2981","1543","1438","0","270","597","808","814","492","0","126","335","384","358","340","0","144","262","424","456","152"
"20224","11350710","상계9동","1278","806","472","0","162","321","321","361","113","0","89","203","188","239","87","0","73","118","133","122","26"
"20224","11320522","도봉2동","842","542","300","0","32","100","145","217","348","0","11","50","80","144","257","0","21","50","65","73","91"
"20224","11380632","신사2동","977","717","260","0","90","194","259","254","180","0","79","138","150","176","174","0","11","56","109","78","6"
"20224","11410710","북가좌1동","346","286","60","0","3","11","37","74","221","0","0","4","17","53","212","0","3","7","20","21","9"
"20224","11350624","중계4동","1352","743","609","0","128","276","319","362","267","0","45","132","169","192","205","0","83","144","150","170","62"
"20224","11440740","상암동","12214","7523","4691","22","2587","4458","3331","1374","442","10","1136","2815","2216","974","372","12","1451","1643","1115","400","70"
"20224","11440720","성산1동","4578","3059","1519","0","567","956","1061","891","1103","0","281","596","676","626","880","0","286","360","385","265","223"
"20224","11470580","신월3동","1063","631","432","0","87","196","243","339","198","0","27","83","130","218","173","0","60","113","113","121","25"
"20224","11470600","신월5동","1344","758","586","0","153","352","349","344","146","0","68","176","182","207","125","0","85","176","167","137","21"
"20224","11470510","목1동","14314","9293","5021","11","2481","3905","3582","2919","1416","8","1159","2564","2540","2099","923","3","1322","1341","1042","820","493"
"20224","11470680","신정7동","181","107","74","0","21","45","54","41","20","0","10","25","32","25","15","0","11","20","22","16","5"
"20224","11410640","홍제3동","692","341","351","0","42","75","140","191","244","0","6","27","62","100","146","0","36","48","78","91","98"
"20224","11500611","발산1동","3925","2299","1626","0","211","563","1059","1311","781","0","83","283","510","770","653","0","128","280","549","541","128"
"20224","11530760","개봉3동","1510","935","575","0","185","386","397","331","211","0","92","244","244","189","166","0","93","142","153","142","45"
"20224","11530720","고척1동","2509","1793","716","0","217","514","660","765","353","0","114","347","462","579","291","0","103","167","198","186","62"
"20224","11530740","개봉1동","6356","3708","2648","0","527","1369","1533","1703","1224","0","272","764","782","967","923","0","255","605","751","736","301"
"20224","11590660","대방동","8512","5697","2815","0","1412","2326","2008","1909","857","0","754","1598","1407","1389","549","0","658","728","601","520","308"
"20224","11470640","신정3동","2016","1454","562","0","158","385","509","432","532","0","75","238","348","307","486","0","83","147","161","125","46"
"20224","11560690","신길7동","2532","1744","788","0","284","483","573","734","458","0","178","334","389","471","372","0","106","149","184","263","86"
"20224","11590520","노량진2동","3449","1795","1654","0","546","1020","840","709","334","0","284","448","383","457","223","0","262","572","457","252","111"
"20224","11560680","신길6동","2180","1394","786","0","210","532","583","480","375","0","104","332","359","306","293","0","106","200","224","174","82"
"20224","11560540","여의동","194725","138166","56559","462","35804","69784","50067","29859","8749","172","19760","49880","38664","23762","5928","290","16044","19904","11403","6097","2821"
"20224","11590550","상도3동","829","489","340","0","39","162","237","204","187","0","25","119","143","102","100","0","14","43","94","102","87"
"20224","11620665","서림동","1621","924","697","0","226","286","414","359","336","0","113","150","222","216","223","0","113","136","192","143","113"
"20224","11650621","방배4동","16058","9944","6114","0","2777","4453","4008","3066","1754","0","1172","2623","2722","2156","1271","0","1605","1830","1286","910","483"
"20224","11590640","사당3동","1344","781","563","0","157","299","368","321","199","0","55","159","225","188","154","0","102","140","143","133","45"
"20224","11590651","사당5동","2139","1173","966","0","240","545","668","522","164","0","108","250","348","307","160","0","132","295","320","215","4"
"20224","11650530","서초3동","59412","35282","24130","41","10230","17837","15242","10846","5216","5","4326","10391","9744","7075","3741","36","5904","7446","5498","3771","1475"
"20224","11680655","도곡1동","29972","21237","8735","44","5121","6976","8361","7595","1875","42","2597","4570","6286","6219","1523","2","2524","2406","2075","1376","352"
"20224","11680510","신사동","28397","16958","11439","0","5916","8607","7258","4335","2281","0","2301","5256","4858","2840","1703","0","3615","3351","2400","1495","578"
"20224","11680640","역삼1동","149163","88268","60895","245","30132","45379","38443","26077","8887","71","14435","28312","25093","14123","6234","174","15697","17067","13350","11954","2653"
"20224","11680670","개포2동","8866","5810","3056","7","1556","2526","2125","1649","1003","0","830","1689","1463","1052","776","7","726","837","662","597","227"
"20224","11680700","세곡동","295","173","122","0","12","55","62","89","77","0","4","29","36","53","51","0","8","26","26","36","26"
"20224","11710641","문정1동","31928","24678","7250","0","2896","5964","9198","12056","1814","0","1707","4304","7159","10332","1176","0","1189","1660","2039","1724","638"
"20224","11710631","가락1동","4845","3390","1455","0","330","901","1334","1389","891","0","222","690","983","912","583","0","108","211","351","477","308"
"20224","11740580","암사2동","2218","804","1414","0","219","369","525","668","437","0","77","172","210","192","153","0","142","197","315","476","284"
"20224","11710510","풍납1동","778","452","326","0","87","175","214","217","85","0","47","98","116","117","74","0","40","77","98","100","11"
"20224","11740685","길동","8662","4398","4264","0","1221","1732","1974","2122","1613","0","471","927","1056","971","973","0","750","805","918","1151","640"
"20224","11740660","성내3동","3924","2375","1549","0","533","889","993","832","677","0","281","571","603","471","449","0","252","318","390","361","228"
"20224","11710710","잠실6동","61653","32848","28805","116","9814","16363","17589","15727","2044","35","4542","10057","10152","6525","1537","81","5272","6306","7437","9202","507"
"20224","11140625","다산동","6586","4180","2406","0","1159","2129","1605","1147","546","0","473","1463","1134","704","406","0","686","666","471","443","140"
"20224","11110580","교남동","664","395","269","0","67","171","185","139","102","0","19","86","111","95","84","0","48","85","74","44","18"
"20224","11110640","이화동","1835","1019","816","0","275","463","474","389","234","0","85","210","280","263","181","0","190","253","194","126","53"
"20224","11170685","한남동","36545","26809","9736","29","6020","10850","9621","8409","1616","27","2856","7236","7814","7554","1322","2","3164","3614","1807","855","294"
"20224","11140680","중림동","2664","1485","1179","0","560","855","695","366","188","0","254","463","387","243","138","0","306","392","308","123","50"
"20224","11200645","옥수동","2054","793","1261","0","529","610","466","307","142","0","134","226","218","143","72","0","395","384","248","164","70"
"20224","11230710","회기동","74","35","39","0","2","17","23","21","11","0","0","4","10","10","11","0","2","13","13","11","0"
"20224","11260660","망우3동","322","178","144","0","8","35","84","117","78","0","0","10","36","66","66","0","8","25","48","51","12"
"20224","11260565","면목본동","954","536","418","0","80","243","277","250","104","0","9","124","150","150","103","0","71","119","127","100","1"
"20224","11290555","삼선동","4554","2270","2284","0","459","1106","1391","1154","444","0","148","471","668","723","260","0","311","635","723","431","184"
"20224","11305603","번2동","406","191","215","0","50","50","116","129","61","0","18","26","50","62","35","0","32","24","66","67","26"
"20224","11305534","삼양동","210","139","71","0","14","33","59","58","46","0","3","16","32","42","46","0","11","17","27","16","0"
"20224","11305608","번3동","236","131","105","0","22","38","60","68","48","0","8","18","34","37","34","0","14","20","26","31","14"
"20224","11290620","정릉1동","620","341","279","0","67","110","138","180","125","0","8","37","69","112","115","0","59","73","69","68","10"
"20224","11350630","상계1동","3876","2467","1409","0","451","810","932","984","699","0","266","544","610","618","429","0","185","266","322","366","270"
"20224","11350570","월계2동","73","36","37","0","8","17","21","20","7","0","2","7","9","11","7","0","6","10","12","9","0"
"20224","11350665","상계3?4동","628","469","159","0","13","34","169","261","151","0","1","17","110","202","139","0","12","17","59","59","12"
"20224","11350670","상계5동","1039","529","510","0","10","68","175","286","500","0","2","43","75","128","281","0","8","25","100","158","219"
"20224","11350720","상계10동","482","202","280","0","74","103","129","140","36","0","15","43","49","67","28","0","59","60","80","73","8"
"20224","11380690","진관동","890","466","424","0","77","222","253","221","117","0","35","141","141","90","59","0","42","81","112","131","58"
"20224","11410615","연희동","8187","5413","2774","0","1293","2041","1762","2292","799","0","722","1370","1104","1648","569","0","571","671","658","644","230"
"20224","11440585","도화동","11392","6924","4468","0","2104","2775","2865","2551","1097","0","1100","1906","1885","1325","708","0","1004","869","980","1226","389"
"20224","11350621","중계1동","1302","716","586","0","170","287","391","327","127","0","73","157","206","179","101","0","97","130","185","148","26"
"20224","11500530","등촌2동","2692","1594","1098","0","313","536","653","698","492","0","124","293","391","446","340","0","189","243","262","252","152"
"20224","11500535","등촌3동","7914","4190","3724","0","996","1686","1773","1950","1509","0","437","919","1036","948","850","0","559","767","737","1002","659"
"20224","11500560","화곡3동","3629","2236","1393","0","502","876","928","838","485","0","270","580","563","473","350","0","232","296","365","365","135"
"20224","11560585","도림동","560","384","176","0","20","89","148","162","141","0","3","59","103","108","111","0","17","30","45","54","30"
"20224","11530595","가리봉동","709","331","378","0","23","123","171","158","234","0","5","59","74","61","132","0","18","64","97","97","102"
"20224","11560710","대림2동","3551","1806","1745","0","657","854","793","541","706","0","255","455","338","302","456","0","402","399","455","239","250"
"20224","11560650","신길3동","396","313","83","0","1","55","100","114","126","0","0","43","74","82","114","0","1","12","26","32","12"
"20224","11620645","서원동","2222","900","1322","0","417","481","403","503","418","0","91","188","203","182","236","0","326","293","200","321","182"
"20224","11620745","삼성동","886","504","382","0","80","174","254","250","128","0","34","86","134","136","114","0","46","88","120","114","14"
"20224","11620605","은천동","932","444","488","0","127","175","194","260","176","0","43","81","99","117","104","0","84","94","95","143","72"
"20224","11590650","사당4동","1156","597","559","0","108","170","269","225","384","0","41","87","114","101","254","0","67","83","155","124","130"
"20224","11650531","서초4동","41528","23746","17782","127","8112","12722","10445","7356","2766","54","3082","7267","6777","4616","1950","73","5030","5455","3668","2740","816"
"20224","11680690","개포4동","6664","4814","1850","0","811","1508","1885","1589","871","0","404","1013","1430","1244","723","0","407","495","455","345","148"
"20224","11710532","거여2동","1455","753","702","0","181","239","363","437","235","0","101","142","183","199","128","0","80","97","180","238","107"
"20224","11710550","마천2동","1669","1089","580","0","120","403","490","449","207","0","73","257","281","277","201","0","47","146","209","172","6"
"20224","11710590","송파2동","4474","2823","1651","9","707","1113","1174","1071","400","9","341","705","847","670","251","0","366","408","327","401","149"
"20224","11710646","장지동","4086","2801","1285","0","435","648","974","1081","948","0","244","436","655","762","704","0","191","212","319","319","244"
"20224","11710566","오륜동","19415","11255","8160","25","3149","5872","5041","3884","1444","8","1268","3056","3242","2573","1108","17","1881","2816","1799","1311","336"
"20231","11140520","소공동","81642","43347","38295","440","23620","25767","17953","10800","3062","117","7678","12823","12808","7884","2037","323","15942","12944","5145","2916","1025"
"20231","11110530","사직동","35094","21967","13127","14","4645","9916","10573","6962","2984","0","1947","6096","7231","4857","1836","14","2698","3820","3342","2105","1148"
"20231","11170570","원효로2동","2980","2170","810","0","470","916","836","481","277","0","274","655","647","364","230","0","196","261","189","117","47"
"20231","11170690","서빙고동","8230","5408","2822","1","1464","2458","2547","1300","460","0","705","1437","1862","1042","362","1","759","1021","685","258","98"
"20231","11215847","자양4동","561","446","115","0","2","53","149","172","185","0","0","38","101","127","180","0","2","15","48","45","5"
"20231","11230560","전농1동","592","439","153","0","40","76","193","202","81","0","31","55","153","151","49","0","9","21","40","51","32"
"20231","11230750","이문2동","246","129","117","0","28","54","56","65","43","0","8","26","26","36","33","0","20","28","30","29","10"
"20231","11260655","망우본동","1519","804","715","0","135","278","359","490","257","0","24","102","169","273","236","0","111","176","190","217","21"
"20231","11260590","상봉2동","4535","3199","1336","0","532","1185","1522","1045","251","0","310","844","1033","777","235","0","222","341","489","268","16"
"20231","11260630","묵2동","1328","926","402","0","188","331","320","379","110","0","111","225","211","282","97","0","77","106","109","97","13"
"20231","11290575","동선동","1953","966","987","0","245","411","449","504","344","0","72","175","219","281","219","0","173","236","230","223","125"
"20231","11290610","보문동","3655","2773","882","0","342","1086","768","766","693","0","187","869","618","618","481","0","155","217","150","148","212"
"20231","11290725","월곡2동","2297","1463","834","0","370","658","560","406","303","0","185","433","340","241","264","0","185","225","220","165","39"
"20231","11305535","미아동","1001","577","424","0","77","175","310","297","142","0","26","86","174","184","107","0","51","89","136","113","35"
"20231","11290640","정릉3동","341","263","78","0","46","109","86","64","36","0","30","81","70","54","28","0","16","28","16","10","8"
"20231","11320670","쌍문2동","984","570","414","0","89","163","247","297","188","0","14","75","130","192","159","0","75","88","117","105","29"
"20231","11350619","중계본동","807","385","422","0","86","162","203","245","111","0","41","82","85","109","68","0","45","80","118","136","43"
"20231","11320710","방학3동","1210","727","483","0","206","278","284","282","160","0","131","158","181","136","121","0","75","120","103","146","39"
"20231","11410685","홍은2동","1135","745","390","0","176","319","282","244","114","0","104","212","181","164","84","0","72","107","101","80","30"
"20231","11410700","남가좌2동","895","468","427","0","79","187","266","270","93","0","15","90","125","154","84","0","64","97","141","116","9"
"20231","11410720","북가좌2동","1478","753","725","0","200","292","342","389","255","0","39","148","195","211","160","0","161","144","147","178","95"
"20231","11410520","천연동","1093","596","497","0","85","181","288","388","151","0","25","84","162","228","97","0","60","97","126","160","54"
"20231","11350625","중계2?3동","1132","632","500","0","151","293","288","291","109","0","90","174","148","152","68","0","61","119","140","139","41"
"20231","11440655","서강동","3524","2235","1289","0","594","869","853","699","509","0","289","519","571","470","386","0","305","350","282","229","123"
"20231","11440710","연남동","2318","1456","862","0","370","557","582","500","309","0","159","299","349","354","295","0","211","258","233","146","14"
"20231","11440630","신수동","2518","1433","1085","0","299","705","710","621","183","0","109","333","407","437","147","0","190","372","303","184","36"
"20231","11410655","홍제2동","430","214","216","0","57","93","114","96","70","0","17","58","57","47","35","0","40","35","57","49","35"
"20231","11470630","신정2동","12000","6895","5105","5","2173","3906","3214","2123","579","0","878","2146","1990","1414","467","5","1295","1760","1224","709","112"
"20231","11530530","구로2동","11083","6869","4214","6","1320","2583","2789","2808","1577","3","613","1531","1678","1850","1194","3","707","1052","1111","958","383"
"20231","11545710","시흥5동","1523","940","583","0","186","373","413","328","223","0","102","255","255","170","158","0","84","118","158","158","65"
"20231","11530790","수궁동","1676","1147","529","0","156","324","385","487","324","0","98","208","243","331","267","0","58","116","142","156","57"
"20231","11545510","가산동","92030","60550","31480","289","18141","28614","22781","13483","8722","187","9624","19222","16434","8962","6121","102","8517","9392","6347","4521","2601"
"20231","11545640","독산4동","1392","813","579","0","151","239","295","331","376","0","101","144","180","161","227","0","50","95","115","170","149"
"20231","11560720","대림3동","5334","3504","1830","0","503","1120","1394","1291","1026","0","260","798","1009","821","616","0","243","322","385","470","410"
"20231","11560670","신길5동","986","474","512","0","68","216","346","257","99","0","28","97","125","130","94","0","40","119","221","127","5"
"20231","11590560","상도4동","885","533","352","0","107","215","234","217","112","0","53","124","139","159","58","0","54","91","95","58","54"
"20231","11560515","영등포본동","3682","2112","1570","0","508","929","958","904","383","0","211","471","556","573","301","0","297","458","402","331","82"
"20231","11620735","대학동","539","439","100","0","64","136","166","139","34","0","41","101","142","122","33","0","23","35","24","17","1"
"20231","11620765","미성동","2812","1691","1121","0","233","487","685","759","648","0","158","294","387","392","460","0","75","193","298","367","188"
"20231","11620715","난향동","676","332","344","0","72","150","196","147","111","0","14","68","81","76","93","0","58","82","115","71","18"
"20231","11620575","행운동","2475","1391","1084","0","366","613","590","565","341","0","179","349","316","294","253","0","187","264","274","271","88"
"20231","11650620","방배3동","13996","9177","4819","57","2199","4168","3801","2275","1496","15","1117","2616","2733","1571","1125","42","1082","1552","1068","704","371"
"20231","11680580","삼성1동","142941","96466","46475","333","28799","42874","38306","25377","7252","165","15476","28344","28250","19895","4336","168","13323","14530","10056","5482","2916"
"20231","11710531","거여1동","2894","2159","735","0","728","833","699","381","253","0","505","663","537","262","192","0","223","170","162","119","61"
"20231","11680565","청담동","56939","32636","24303","41","11873","18883","14172","8553","3417","6","4467","10789","9321","5660","2393","35","7406","8094","4851","2893","1024"
"20231","11710562","방이2동","41941","24102","17839","18","6770","10762","9470","8960","5961","18","3793","7010","5800","4195","3286","0","2977","3752","3670","4765","2675"
"20231","11680730","일원1동","1226","679","547","0","150","230","286","276","284","0","64","123","148","146","198","0","86","107","138","130","86"
"20231","11710610","삼전동","3627","2452","1175","0","428","826","819","734","820","0","246","541","535","450","680","0","182","285","284","284","140"
"20231","11740515","강일동","156","105","51","0","22","33","44","39","18","0","11","24","28","26","16","0","11","9","16","13","2"
"20231","11740550","고덕1동","812","421","391","0","89","180","209","194","140","0","37","102","104","89","89","0","52","78","105","105","51"
"20231","11740530","명일1동","3610","2015","1595","0","536","974","915","647","538","0","245","593","600","330","247","0","291","381","315","317","291"
"20231","11710680","잠실3동","29056","19707","9349","127","5298","7288","7242","5511","3590","58","2761","5046","5360","3950","2532","69","2537","2242","1882","1561","1058"
"20231","11110650","혜화동","4981","2432","2549","0","807","1369","1216","997","592","0","274","669","648","512","329","0","533","700","568","485","263"
"20231","11110700","숭인1동","254","112","142","0","46","56","60","58","34","0","0","24","30","31","27","0","46","32","30","27","7"
"20231","11140615","신당동","4548","2465","2083","4","1364","968","858","815","539","0","597","511","439","543","375","4","767","457","419","272","164"
"20231","11140670","황학동","733","532","201","0","98","220","206","134","75","0","72","143","134","108","75","0","26","77","72","26","0"
"20231","11140570","필동","12398","5839","6559","0","1788","3149","3821","2713","927","0","608","1559","1799","1275","598","0","1180","1590","2022","1438","329"
"20231","11170510","후암동","1833","1095","738","0","264","416","521","436","196","0","87","251","344","259","154","0","177","165","177","177","42"
"20231","11170660","이태원2동","926","527","399","0","143","331","256","131","65","0","65","182","137","78","65","0","78","149","119","53","0"
"20231","11200720","송정동","752","472","280","0","95","183","196","154","124","0","45","115","110","95","107","0","50","68","86","59","17"
"20231","11215730","군자동","1164","650","514","0","123","247","275","266","253","0","44","132","161","144","169","0","79","115","114","122","84"
"20231","11215780","능동","1521","952","569","0","213","360","400","309","239","0","103","215","255","187","192","0","110","145","145","122","47"
"20231","11230650","장안1동","9766","6178","3588","0","1315","1929","2119","2168","2235","0","793","1247","1327","1308","1503","0","522","682","792","860","732"
"20231","11260520","면목2동","962","559","403","0","42","158","226","318","218","0","0","72","115","188","184","0","42","86","111","130","34"
"20231","11230570","전농2동","1021","535","486","0","114","217","272","273","145","0","47","102","146","142","98","0","67","115","126","131","47"
"20231","11230705","청량리동","2651","1429","1222","0","455","806","509","491","390","0","161","470","286","282","230","0","294","336","223","209","160"
"20231","11215750","중곡2동","2256","1320","936","0","285","455","596","547","373","0","190","265","318","290","257","0","95","190","278","257","116"
"20231","11260600","중화1동","1019","540","479","0","99","224","270","247","179","0","30","86","128","142","154","0","69","138","142","105","25"
"20231","11290590","돈암2동","643","389","254","1","101","154","205","114","68","0","47","91","137","85","29","1","54","63","68","29","39"
"20231","11290715","월곡1동","1448","906","542","0","67","172","300","310","599","0","12","83","159","209","443","0","55","89","141","101","156"
"20231","11320680","쌍문3동","1012","468","544","0","217","238","251","249","57","0","42","109","129","141","47","0","175","129","122","108","10"
"20231","11290705","종암동","16140","8514","7626","0","1380","4103","5717","4612","328","0","591","1511","2613","3596","203","0","789","2592","3104","1016","125"
"20231","11305645","우이동","1487","940","547","0","39","89","204","376","779","0","1","39","111","269","520","0","38","50","93","107","259"
"20231","11305625","수유2동","1281","698","583","0","14","44","250","416","557","0","0","26","166","287","219","0","14","18","84","129","338"
"20231","11320511","창1동","947","427","520","0","128","194","256","264","105","0","45","76","114","123","69","0","83","118","142","141","36"
"20231","11320514","창4동","1721","1087","634","0","179","326","422","477","317","0","77","172","252","323","263","0","102","154","170","154","54"
"20231","11350640","상계2동","1822","896","926","0","208","310","474","479","351","0","57","184","225","229","201","0","151","126","249","250","150"
"20231","11380530","불광2동","2252","1079","1173","0","87","319","382","496","968","0","21","163","156","202","537","0","66","156","226","294","431"
"20231","11320521","도봉1동","1496","1058","438","0","11","117","372","597","399","0","0","62","217","437","342","0","11","55","155","160","57"
"20231","11380580","응암1동","2200","1231","969","0","203","362","531","517","587","0","88","172","278","263","430","0","115","190","253","254","157"
"20231","11380640","증산동","1958","1282","676","0","247","525","537","452","197","0","114","351","358","301","158","0","133","174","179","151","39"
"20231","11440600","대흥동","3481","1708","1773","0","1440","807","493","472","269","0","552","416","268","288","184","0","888","391","225","184","85"
"20231","11440690","망원1동","2837","1605","1232","0","796","801","596","417","227","0","464","429","291","253","168","0","332","372","305","164","59"
"20231","11350580","월계3동","77","38","39","0","9","14","20","22","12","0","4","7","9","11","7","0","5","7","11","11","5"
"20231","11380510","녹번동","3103","1653","1450","0","343","724","854","838","344","0","161","350","405","503","234","0","182","374","449","335","110"
"20231","11380650","수색동","253","163","90","0","31","70","62","50","40","0","15","45","39","32","32","0","16","25","23","18","8"
"20231","11470560","신월1동","2040","1357","683","0","158","337","484","698","363","0","87","211","297","474","288","0","71","126","187","224","75"
"20231","11440555","아현동","4227","2328","1899","2","804","1365","1202","713","141","0","352","763","672","435","106","2","452","602","530","278","35"
"20231","11440730","성산2동","1807","805","1002","0","148","349","487","574","249","0","46","172","219","221","147","0","102","177","268","353","102"
"20231","11470610","신월6동","597","354","243","0","60","113","138","162","124","0","23","59","76","92","104","0","37","54","62","70","20"
"20231","11500620","공항동","4040","2121","1919","0","677","1339","1114","786","124","0","158","559","650","654","100","0","519","780","464","132","24"
"20231","11470540","목4동","1871","1171","700","0","208","421","568","476","198","0","82","261","337","314","177","0","126","160","231","162","21"
"20231","11500520","등촌1동","4379","2640","1739","0","877","1136","969","785","612","0","323","719","671","518","409","0","554","417","298","267","203"
"20231","11500641","방화3동","2458","1593","865","0","232","527","622","678","399","0","118","279","386","476","334","0","114","248","236","202","65"
"20231","11530560","구로5동","12682","8027","4655","6","1788","2985","3297","2815","1791","6","1009","2064","2186","1674","1088","0","779","921","1111","1141","703"
"20231","11545670","시흥1동","4719","2544","2175","0","666","1140","1131","1194","588","0","307","568","568","678","423","0","359","572","563","516","165"
"20231","11560550","당산1동","5576","3354","2222","0","955","1583","1246","1026","766","0","384","880","782","720","588","0","571","703","464","306","178"
"20231","11530510","신도림동","9051","5962","3089","2","1479","2815","2213","1648","894","1","616","1919","1600","1142","684","1","863","896","613","506","210"
"20231","11545700","시흥4동","1252","763","489","0","192","270","374","315","101","0","120","192","223","146","82","0","72","78","151","169","19"
"20231","11590630","사당2동","1900","1047","853","0","288","577","537","347","151","0","137","348","321","157","84","0","151","229","216","190","67"
"20231","11560660","신길4동","987","493","494","0","165","234","253","233","102","0","58","108","124","126","77","0","107","126","129","107","25"
"20231","11545680","시흥2동","852","498","354","0","87","172","214","253","126","0","48","99","120","146","85","0","39","73","94","107","41"
"20231","11650660","내곡동","876","569","307","0","128","182","187","186","193","0","89","133","127","107","113","0","39","49","60","79","80"
"20231","11650610","방배2동","15032","7312","7720","0","2548","3859","4149","2888","1588","0","883","1728","1913","1711","1077","0","1665","2131","2236","1177","511"
"20231","11650510","서초1동","42912","24020","18892","10","9017","11126","9482","10492","2785","0","3237","5986","5500","7264","2033","10","5780","5140","3982","3228","752"
"20231","11680656","도곡2동","73377","50174","23203","351","14018","28830","21079","7603","1496","223","7492","19745","16203","5529","982","128","6526","9085","4876","2074","514"
"20231","11650560","반포1동","7309","4510","2799","0","1332","2442","1838","1112","585","0","630","1597","1228","618","437","0","702","845","610","494","148"
"20231","11710632","가락2동","6446","4334","2112","0","856","1368","1281","1211","1730","0","505","933","849","723","1324","0","351","435","432","488","406"
"20231","11680750","수서동","16798","8865","7933","18","2394","4527","4516","3339","2004","11","1072","2434","2369","1776","1203","7","1322","2093","2147","1563","801"
"20231","11710570","오금동","19798","13817","5981","0","2635","4711","5004","4776","2672","0","1544","3173","3687","3604","1809","0","1091","1538","1317","1172","863"
"20231","11710540","마천1동","689","335","354","0","37","165","229","215","43","0","3","75","110","105","42","0","34","90","119","110","1"
"20231","11740540","명일2동","2419","1657","762","0","291","687","650","512","279","0","148","486","473","327","223","0","143","201","177","185","56"
"20231","11110670","창신1동","1827","771","1056","0","73","315","611","495","333","0","14","88","193","227","249","0","59","227","418","268","84"
"20231","11110690","창신3동","103","45","58","0","9","30","27","32","5","0","2","11","11","16","5","0","7","19","16","16","0"
"20231","11110550","부암동","1241","693","548","0","208","359","339","242","93","0","85","199","194","146","69","0","123","160","145","96","24"
"20231","11140540","회현동","79592","49205","30387","174","14928","28109","21798","11564","3019","40","6972","16777","14204","9107","2105","134","7956","11332","7594","2457","914"
"20231","11170530","남영동","14729","6199","8530","114","5603","3628","2811","1890","683","4","1057","1946","1663","1017","512","110","4546","1682","1148","873","171"
"20231","11170520","용산2가동","426","314","112","0","11","73","171","161","10","0","0","41","134","129","10","0","11","32","37","32","0"
"20231","11170625","한강로동","43401","21437","21964","82","8869","13560","12399","6381","2110","38","3614","6352","6167","3880","1386","44","5255","7208","6232","2501","724"
"20231","11200520","왕십리2동","1064","648","416","0","130","278","314","240","102","0","65","150","193","154","86","0","65","128","121","86","16"
"20231","11200580","응봉동","595","247","348","0","145","158","129","103","60","0","35","57","58","52","45","0","110","101","71","51","15"
"20231","11215810","광장동","7150","4343","2807","53","2228","1884","1388","1104","493","12","1066","1217","943","740","365","41","1162","667","445","364","128"
"20231","11200540","마장동","6693","4776","1917","0","532","1182","1539","2236","1204","0","325","819","1127","1593","912","0","207","363","412","643","292"
"20231","11230740","이문1동","1188","521","667","0","225","319","331","224","89","0","32","119","164","137","69","0","193","200","167","87","20"
"20231","11230660","장안2동","5089","2740","2349","0","1587","989","1034","959","520","0","822","570","477","466","405","0","765","419","557","493","115"
"20231","11260550","면목5동","898","657","241","0","61","141","261","239","196","0","54","120","127","162","194","0","7","21","134","77","2"
"20231","11230730","휘경2동","922","477","445","0","118","203","244","225","132","0","32","96","128","121","100","0","86","107","116","104","32"
"20231","11215760","중곡3동","732","506","226","0","59","187","221","176","89","0","36","144","136","121","69","0","23","43","85","55","20"
"20231","11305635","수유3동","2903","1487","1416","0","240","726","787","802","348","0","71","303","364","501","248","0","169","423","423","301","100"
"20231","11290760","장위1동","462","248","214","0","80","99","116","96","71","0","38","58","58","47","47","0","42","41","58","49","24"
"20231","11350595","공릉1동","5486","2963","2523","0","584","840","1193","1520","1349","0","263","458","591","794","857","0","321","382","602","726","492"
"20231","11350600","공릉2동","1111","510","601","0","183","280","273","261","114","0","53","127","127","129","74","0","130","153","146","132","40"
"20231","11380551","갈현1동","1987","1015","972","0","332","470","478","447","260","0","126","243","240","227","179","0","206","227","238","220","81"
"20231","11410690","남가좌1동","841","507","334","0","61","109","147","210","314","0","40","73","94","113","187","0","21","36","53","97","127"
"20231","11440700","망원2동","4654","2802","1852","0","579","867","1000","1426","782","0","325","648","708","664","457","0","254","219","292","762","325"
"20231","11440660","서교동","24889","12716","12173","0","5208","7014","5782","4101","2784","0","2138","3507","3175","2164","1732","0","3070","3507","2607","1937","1052"
"20231","11470570","신월2동","1729","996","733","0","135","279","477","479","359","0","75","168","244","253","256","0","60","111","233","226","103"
"20231","11470611","신월7동","2506","1642","864","0","265","416","509","596","720","0","196","317","339","359","431","0","69","99","170","237","289"
"20231","11470530","목3동","1795","993","802","0","234","394","482","439","246","0","117","231","262","220","163","0","117","163","220","219","83"
"20231","11470550","목5동","13754","8370","5384","44","2234","3558","3332","2879","1707","22","1030","2144","2104","1886","1184","22","1204","1414","1228","993","523"
"20231","11500603","가양1동","1846","1156","690","0","195","385","425","449","392","0","80","237","255","292","292","0","115","148","170","157","100"
"20231","11500570","화곡4동","2050","892","1158","0","487","574","424","380","185","0","96","241","204","204","147","0","391","333","220","176","38"
"20231","11500615","우장산동","2566","1418","1148","0","559","579","550","542","336","0","210","335","327","323","223","0","349","244","223","219","113"
"20231","11530730","고척2동","1513","962","551","0","147","344","401","426","195","0","96","218","238","244","166","0","51","126","163","182","29"
"20231","11470620","신정1동","7998","4668","3330","32","1412","2006","2015","1703","830","32","585","1248","1208","989","606","0","827","758","807","714","224"
"20231","11545610","독산1동","11171","7183","3988","1","839","1510","1874","2469","4478","1","502","1014","1202","1522","2942","0","337","496","672","947","1536"
"20231","11560630","신길1동","3183","1375","1808","0","558","778","717","624","506","0","153","371","339","257","255","0","405","407","378","367","251"
"20231","11560535","영등포동","15792","8850","6942","0","2891","3944","3768","3128","2061","0","1062","2199","2350","1843","1396","0","1829","1745","1418","1285","665"
"20231","11560620","양평2동","13322","7643","5679","0","2426","3657","3684","2298","1257","0","1058","2205","2092","1356","932","0","1368","1452","1592","942","325"
"20231","11620695","신림동","1358","821","537","0","78","192","337","318","433","0","17","100","184","184","336","0","61","92","153","134","97"
"20231","11620685","신사동","3519","2457","1062","0","559","1034","1058","631","237","0","245","709","842","491","170","0","314","325","216","140","67"
"20231","11680531","논현2동","52320","33463","18857","14","10040","15188","12640","8497","5941","0","4365","9085","8986","6456","4571","14","5675","6103","3654","2041","1370"
"20231","11650652","양재2동","34626","25993","8633","5","4596","8490","9744","9144","2647","3","2779","6251","7481","7461","2018","2","1817","2239","2263","1683","629"
"20231","11710642","문정2동","24239","15239","9000","43","3472","7377","7429","4296","1622","19","1663","4165","5090","3291","1011","24","1809","3212","2339","1005","611"
"20231","11710561","방이1동","7882","5758","2124","0","821","1546","2066","2104","1345","0","392","985","1538","1684","1159","0","429","561","528","420","186"
"20231","11680660","개포1동","522","321","201","2","82","138","136","108","56","1","37","76","94","73","40","1","45","62","42","35","16"
"20231","11740600","천호1동","1824","1067","757","0","144","332","469","446","433","0","44","170","238","277","338","0","100","162","231","169","95"
"20231","11740560","고덕2동","887","560","327","0","46","115","195","310","221","0","6","50","111","213","180","0","40","65","84","97","41"
"20231","11740640","성내1동","12328","8380","3948","0","1461","2583","2658","3178","2448","0","834","1614","1745","2301","1886","0","627","969","913","877","562"
"20231","11710600","석촌동","8931","5910","3021","0","1076","2032","2085","1842","1896","0","617","1467","1417","1079","1330","0","459","565","668","763","566"
"20231","11110515","청운효자동","6746","4377","2369","5","1236","1971","1894","1195","445","0","540","1240","1409","869","319","5","696","731","485","326","126"
"20231","11110570","무악동","495","129","366","0","141","142","128","61","23","0","31","30","40","16","12","0","110","112","88","45","11"
"20231","11200590","금호1가동","1693","625","1068","9","200","560","691","193","40","0","61","186","271","77","30","9","139","374","420","116","10"
"20231","11170580","효창동","1309","757","552","0","176","336","368","289","140","0","87","197","222","146","105","0","89","139","146","143","35"
"20231","11170630","이촌1동","5422","3473","1949","16","876","1462","1523","1108","437","12","434","899","1074","748","306","4","442","563","449","360","131"
"20231","11200670","성수2가1동","8245","5274","2971","32","1909","2402","1916","1340","646","18","855","1560","1320","959","562","14","1054","842","596","381","84"
"20231","11140635","약수동","12014","4643","7371","23","1932","4496","3330","1644","589","0","592","1581","1103","943","424","23","1340","2915","2227","701","165"
"20231","11140650","신당5동","652","352","300","0","38","151","183","164","116","0","14","61","93","90","94","0","24","90","90","74","22"
"20231","11215820","자양1동","9485","7518","1967","0","641","1335","2580","3881","1048","0","282","865","2077","3380","914","0","359","470","503","501","134"
"20231","11215850","구의1동","3261","1974","1287","0","454","836","919","755","297","0","240","487","511","491","245","0","214","349","408","264","52"
"20231","11200570","행당2동","12","1","11","0","0","2","5","4","1","0","0","0","0","0","1","0","0","2","5","4","0"
"20231","11200620","금호4가동","648","391","257","0","72","151","186","156","83","0","25","77","124","100","65","0","47","74","62","56","18"
"20231","11230545","제기동","4390","2637","1753","0","528","1120","1104","943","695","0","202","663","711","553","508","0","326","457","393","390","187"
"20231","11260540","면목4동","710","584","126","0","17","100","214","293","86","0","5","73","160","260","86","0","12","27","54","33","0"
"20231","11260690","신내2동","976","543","433","0","130","246","239","241","120","0","55","116","123","156","93","0","75","130","116","85","27"
"20231","11260570","면목7동","653","381","272","0","49","110","176","207","111","0","3","47","96","127","108","0","46","63","80","80","3"
"20231","11290660","길음1동","3802","1855","1947","249","1338","938","634","412","231","101","579","494","312","190","179","148","759","444","322","222","52"
"20231","11290525","성북동","18115","13827","4288","0","2358","4458","5268","5254","777","0","1304","3117","4179","4683","544","0","1054","1341","1089","571","233"
"20231","11305575","삼각산동","373","200","173","0","64","102","122","60","25","0","24","56","67","30","23","0","40","46","55","30","2"
"20231","11305615","수유1동","1101","489","612","0","80","183","305","360","173","0","8","67","120","154","140","0","72","116","185","206","33"
"20231","11320690","방학1동","3274","1905","1369","0","322","725","805","993","429","0","176","418","418","564","329","0","146","307","387","429","100"
"20231","11290780","장위3동","284","181","103","0","36","53","64","74","57","0","10","28","38","48","57","0","26","25","26","26","0"
"20231","11320660","쌍문1동","670","322","348","0","60","108","190","204","108","0","2","37","71","106","106","0","58","71","119","98","2"
"20231","11350560","월계1동","1519","826","693","0","240","367","402","291","219","0","109","223","201","147","146","0","131","144","201","144","73"
"20231","11380520","불광1동","1996","863","1133","0","275","482","542","464","233","0","96","210","235","204","118","0","179","272","307","260","115"
"20231","11380625","역촌동","3260","1563","1697","0","528","665","857","756","454","0","174","296","399","366","328","0","354","369","458","390","126"
"20231","11380600","응암3동","1302","630","672","0","98","317","400","329","158","0","24","158","179","150","119","0","74","159","221","179","39"
"20231","11410585","신촌동","1565","840","725","0","241","434","411","341","138","0","88","188","211","234","119","0","153","246","200","107","19"
"20231","11380570","대조동","2110","1054","1056","0","222","467","585","505","331","0","72","230","278","227","247","0","150","237","307","278","84"
"20231","11440680","합정동","5199","2913","2286","0","859","1516","1368","947","509","0","326","749","856","623","359","0","533","767","512","324","150"
"20231","11440590","용강동","10958","6512","4446","0","1609","2699","2597","2173","1880","0","784","1602","1718","1264","1144","0","825","1097","879","909","736"
"20231","11470520","목2동","3493","1953","1540","0","490","853","930","801","419","0","232","466","519","459","277","0","258","387","411","342","142"
"20231","11500550","화곡2동","2050","1262","788","0","252","570","536","498","194","0","152","381","333","262","134","0","100","189","203","236","60"
"20231","11500591","화곡6동","4632","2952","1680","0","646","1244","1189","1057","496","0","321","794","760","698","379","0","325","450","429","359","117"
"20231","11500630","방화1동","3807","3012","795","0","373","812","949","1112","561","0","282","673","762","925","370","0","91","139","187","187","191"
"20231","11530550","구로4동","1586","896","690","0","132","327","411","409","307","0","49","189","217","217","224","0","83","138","194","192","83"
"20231","11530780","오류2동","678","418","260","0","60","154","183","174","107","0","26","87","107","111","87","0","34","67","76","63","20"
"20231","11530770","오류1동","3310","2119","1191","0","425","614","819","965","487","0","310","417","490","558","344","0","115","197","329","407","143"
"20231","11560605","문래동","50992","37032","13960","35","7887","16667","15712","8030","2661","10","4403","12666","12831","5442","1680","25","3484","4001","2881","2588","981"
"20231","11545620","독산2동","1566","900","666","0","161","324","380","488","213","0","88","143","190","296","183","0","73","181","190","192","30"
"20231","11545630","독산3동","3350","2448","902","0","234","502","601","669","1344","0","125","313","327","402","1281","0","109","189","274","267","63"
"20231","11560700","대림1동","1358","503","855","0","453","316","303","215","71","0","80","107","150","108","58","0","373","209","153","107","13"
"20231","11560560","당산2동","10688","7177","3511","2","1665","2411","2598","2373","1639","1","847","1510","1819","1742","1258","1","818","901","779","631","381"
"20231","11620585","낙성대동","6105","3366","2739","0","986","2102","1312","939","766","0","446","1105","683","540","592","0","540","997","629","399","174"
"20231","11620630","남현동","3416","2275","1141","0","568","861","933","672","382","0","312","586","659","442","276","0","256","275","274","230","106"
"20231","11620655","신원동","467","292","175","0","17","110","132","128","80","0","14","64","83","79","52","0","3","46","49","49","28"
"20231","11620725","조원동","2908","1832","1076","0","555","721","714","625","293","0","251","475","463","424","219","0","304","246","251","201","74"
"20231","11680630","대치4동","32469","19973","12496","83","5207","9686","8848","5520","3125","0","2235","5863","6060","3871","1944","83","2972","3823","2788","1649","1181"
"20231","11680545","압구정동","38898","21880","17018","159","8652","12153","8931","5850","3153","50","3209","6828","6007","3839","1947","109","5443","5325","2924","2011","1206"
"20231","11680521","논현1동","40540","23732","16808","13","10620","12219","8633","5632","3423","0","4524","7257","5821","3633","2497","13","6096","4962","2812","1999","926"
"20231","11710580","송파1동","11606","7251","4355","0","1651","2600","2885","2527","1943","0","706","1536","1879","1698","1432","0","945","1064","1006","829","511"
"20231","11650600","방배1동","16740","11094","5646","52","3316","5157","4071","3041","1103","45","1574","3143","3001","2501","830","7","1742","2014","1070","540","273"
"20231","11650570","반포2동","3273","1949","1324","4","550","1016","851","549","303","2","241","614","548","331","213","2","309","402","303","218","90"
"20231","11680650","역삼2동","47819","28344","19475","132","11017","13290","11372","8475","3533","42","5317","8508","7558","4433","2486","90","5700","4782","3814","4042","1047"
"20231","11740700","둔촌2동","2509","1125","1384","0","473","663","546","524","303","0","125","273","273","251","203","0","348","390","273","273","100"
"20231","11710520","풍납2동","476","234","242","0","104","163","118","72","19","0","28","85","62","44","15","0","76","78","56","28","4"
"20231","11110615","종로1?2?3?4가동","116022","63962","52060","1532","23530","35387","31829","18187","5557","638","10261","17769","18671","12832","3791","894","13269","17618","13158","5355","1766"
"20231","11110630","종로5?6가동","19116","11964","7152","437","4501","5551","4724","2880","1023","89","1867","3578","3463","2243","724","348","2634","1973","1261","637","299"
"20231","11110560","평창동","14279","8020","6259","0","1761","3843","4697","3106","872","0","843","1966","2776","1865","570","0","918","1877","1921","1241","302"
"20231","11140550","명동","116772","67593","49179","47","19111","39342","31695","20800","5777","2","7631","20277","20428","15335","3920","45","11480","19065","11267","5465","1857"
"20231","11140605","을지로동","15783","8617","7166","1","3824","3833","3449","2759","1917","0","989","2119","2248","1916","1345","1","2835","1714","1201","843","572"
"20231","11170590","용문동","2935","1709","1226","0","578","804","816","542","195","0","239","474","486","370","140","0","339","330","330","172","55"
"20231","11170560","원효로1동","2863","1970","893","0","441","790","752","529","351","0","258","572","529","368","243","0","183","218","223","161","108"
"20231","11140645","청구동","2264","1239","1025","0","331","599","533","485","316","0","112","311","334","298","184","0","219","288","199","187","132"
"20231","11200660","성수1가2동","5449","3782","1667","0","867","1119","1154","1184","1125","0","519","748","750","852","913","0","348","371","404","332","212"
"20231","11200550","사근동","363","265","98","0","8","61","127","122","45","0","1","38","90","95","41","0","7","23","37","27","4"
"20231","11200790","용답동","3446","2123","1323","12","875","981","710","539","329","0","378","644","483","349","269","12","497","337","227","190","60"
"20231","11200560","행당1동","1467","1007","460","0","180","307","382","423","175","0","90","192","267","323","135","0","90","115","115","100","40"
"20231","11215860","구의2동","2394","1524","870","0","336","411","623","660","364","0","169","229","419","438","269","0","167","182","204","222","95"
"20231","11215870","구의3동","10223","6250","3973","1","1197","2155","2472","2571","1827","0","687","1510","1681","1329","1043","1","510","645","791","1242","784"
"20231","11230720","휘경1동","696","425","271","0","60","142","180","183","131","0","15","88","117","129","76","0","45","54","63","54","55"
"20231","11215710","화양동","1100","752","348","0","125","162","285","354","174","0","45","89","200","257","161","0","80","73","85","97","13"
"20231","11260680","신내1동","1909","908","1001","0","335","419","344","512","299","0","83","173","163","254","235","0","252","246","181","258","64"
"20231","11290580","돈암1동","123","57","66","0","36","38","25","17","7","0","9","19","13","9","7","0","27","19","12","8","0"
"20231","11290600","안암동","1815","1219","596","0","228","492","528","406","161","0","116","312","344","300","147","0","112","180","184","106","14"
"20231","11290630","정릉2동","1298","547","751","0","196","322","367","292","121","0","24","130","142","136","115","0","172","192","225","156","6"
"20231","11350700","상계8동","528","278","250","0","74","153","129","119","53","0","27","97","54","65","35","0","47","56","75","54","18"
"20231","11380590","응암2동","423","283","140","0","47","47","104","130","95","0","27","27","64","79","86","0","20","20","40","51","9"
"20231","11410620","홍제1동","2497","1282","1215","0","268","383","639","853","354","0","75","172","333","475","227","0","193","211","306","378","127"
"20231","11410565","충현동","8579","5336","3243","0","1066","2192","2270","2039","1012","0","502","1330","1440","1342","722","0","564","862","830","697","290"
"20231","11440610","염리동","2000","1337","663","12","378","456","407","442","305","4","190","310","308","310","215","8","188","146","99","132","90"
"20231","11470650","신정4동","5429","3007","2422","0","903","966","1051","1156","1353","0","250","469","538","629","1121","0","653","497","513","527","232"
"20231","11500605","가양3동","747","480","267","2","125","166","210","154","90","1","82","111","134","91","61","1","43","55","76","63","29"
"20231","11500540","화곡1동","4239","2398","1841","0","390","876","1066","1221","686","0","172","517","582","687","440","0","218","359","484","534","246"
"20231","11530750","개봉2동","7124","3527","3597","2","1269","1730","1703","1695","725","0","721","1105","757","568","376","2","548","625","946","1127","349"
"20231","11500590","화곡본동","2359","1377","982","0","213","460","590","599","497","0","70","277","340","318","372","0","143","183","250","281","125"
"20231","11590620","사당1동","3588","1918","1670","0","585","911","982","653","457","0","169","446","495","407","401","0","416","465","487","246","56"
"20231","11560610","양평1동","8694","5045","3649","10","1729","2006","1930","1748","1271","4","882","1282","1155","898","824","6","847","724","775","850","447"
"20231","11590540","상도2동","839","432","407","0","89","207","229","214","100","0","39","107","122","107","57","0","50","100","107","107","43"
"20231","11590680","신대방2동","7519","4788","2731","12","1375","1565","1411","1762","1394","6","1041","1202","899","897","743","6","334","363","512","865","651"
"20231","11590605","흑석동","115","71","44","0","7","29","38","28","13","0","4","16","23","15","13","0","3","13","15","13","0"
"20231","11620615","중앙동","1085","499","586","0","116","185","258","317","209","0","42","90","120","149","98","0","74","95","138","168","111"
"20231","11650590","방배본동","24244","13414","10830","61","4552","6259","6450","4340","2582","55","1546","3264","3755","2816","1978","6","3006","2995","2695","1524","604"
"20231","11680610","대치2동","55807","31219","24588","318","10135","15363","12866","10519","6606","137","4668","9406","8270","5431","3307","181","5467","5957","4596","5088","3299"
"20231","11650651","양재1동","20452","13222","7230","252","4799","5670","4626","3057","2048","121","2433","3806","3274","2038","1550","131","2366","1864","1352","1019","498"
"20231","11650581","반포4동","55827","49277","6550","18","5583","11858","15064","20760","2544","5","4238","9868","13367","19731","2068","13","1345","1990","1697","1029","476"
"20231","11650580","반포3동","3075","1717","1358","1","490","783","682","614","505","0","208","462","451","357","239","1","282","321","231","257","266"
"20231","11650550","반포본동","10981","5981","5000","17","1816","3625","3139","1877","507","10","663","1979","1760","1176","393","7","1153","1646","1379","701","114"
"20231","11710620","가락본동","26378","15951","10427","4","3589","6356","6047","5171","5211","0","1718","3965","4051","3002","3215","4","1871","2391","1996","2169","1996"
"20231","11680600","대치1동","23114","12313","10801","26","4230","7550","5766","3596","1946","6","1589","3746","3261","2300","1411","20","2641","3804","2505","1296","535"
"20231","11740610","천호2동","2988","1550","1438","0","321","639","778","708","542","0","117","295","383","353","402","0","204","344","395","355","140"
"20231","11740620","천호3동","1149","663","486","0","40","112","191","201","605","0","9","51","94","103","406","0","31","61","97","98","199"
"20231","11740650","성내2동","1864","1227","637","0","299","391","438","374","362","0","217","256","258","253","243","0","82","135","180","121","119"
"20231","11740520","상일동","1573","796","777","0","231","352","389","415","186","0","82","176","231","189","118","0","149","176","158","226","68"
"20231","11710670","잠실2동","3847","2566","1281","3","737","1119","1010","767","211","3","463","786","686","505","123","0","274","333","324","262","88"
"20231","11140665","동화동","1134","507","627","0","181","272","296","245","140","0","49","91","144","132","91","0","132","181","152","113","49"
"20231","11170700","보광동","412","215","197","0","42","88","122","111","49","0","0","42","65","66","42","0","42","46","57","45","7"
"20231","11170640","이촌2동","2283","1549","734","0","329","628","674","495","157","0","151","396","507","382","113","0","178","232","167","113","44"
"20231","11200615","금호2?3가동","352","191","161","0","31","56","90","85","90","0","0","17","45","50","79","0","31","39","45","35","11"
"20231","11230600","답십리1동","2158","1033","1125","0","312","444","606","576","220","0","214","297","218","153","151","0","98","147","388","423","69"
"20231","11230610","답십리2동","2990","2217","773","0","471","683","704","622","510","0","366","530","515","433","373","0","105","153","189","189","137"
"20231","11215840","자양3동","1940","1424","516","0","226","511","555","489","159","0","142","362","415","369","136","0","84","149","140","120","23"
"20231","11215740","중곡1동","3882","1884","1998","16","1029","751","775","921","390","0","438","402","381","371","292","16","591","349","394","550","98"
"20231","11230536","용신동","19606","10142","9464","0","2377","4361","4853","4832","3183","0","1124","2499","2559","2214","1746","0","1253","1862","2294","2618","1437"
"20231","11260575","면목3?8동","1718","1119","599","0","123","303","465","482","345","0","25","159","283","369","283","0","98","144","182","113","62"
"20231","11215770","중곡4동","3258","1603","1655","0","558","802","850","767","281","0","146","370","416","418","253","0","412","432","434","349","28"
"20231","11290810","석관동","2257","1613","644","0","99","305","412","476","965","0","48","206","245","320","794","0","51","99","167","156","171"
"20231","11305595","번1동","1918","1177","741","0","204","390","376","529","419","0","84","250","236","357","250","0","120","140","140","172","169"
"20231","11290650","정릉4동","844","524","320","0","51","128","209","281","175","0","8","64","135","192","125","0","43","64","74","89","50"
"20231","11380631","신사1동","1361","722","639","0","127","294","316","343","281","0","44","146","170","164","198","0","83","148","146","179","83"
"20231","11305545","송중동","1098","543","555","0","75","170","343","309","201","0","20","61","151","151","160","0","55","109","192","158","41"
"20231","11305555","송천동","593","322","271","0","8","66","115","179","225","0","0","24","48","116","134","0","8","42","67","63","91"
"20231","11350611","하계1동","532","340","192","0","60","110","138","152","72","0","30","64","83","107","56","0","30","46","55","45","16"
"20231","11410660","홍은1동","2819","549","2270","0","90","206","774","1356","393","0","30","66","142","163","148","0","60","140","632","1193","245"
"20231","11410555","북아현동","963","713","250","0","95","229","270","272","97","0","37","173","212","213","78","0","58","56","58","59","19"
"20231","11440565","공덕동","8589","4962","3627","5","1920","2361","2346","1516","441","0","756","1250","1494","1133","329","5","1164","1111","852","383","112"
"20231","11380560","구산동","1573","841","732","0","186","294","349","506","238","0","69","130","166","315","161","0","117","164","183","191","77"
"20231","11470590","신월4동","1229","847","382","0","46","144","296","405","338","0","16","79","171","277","304","0","30","65","125","128","34"
"20231","11500640","방화2동","1702","1161","541","1","152","325","390","472","362","1","92","204","262","307","295","0","60","121","128","165","67"
"20231","11500510","염창동","2133","992","1141","0","334","626","634","361","178","0","122","275","255","199","141","0","212","351","379","162","37"
"20231","11500593","화곡8동","1587","874","713","0","213","437","468","280","189","0","96","234","234","175","135","0","117","203","234","105","54"
"20231","11530540","구로3동","61432","40299","21133","207","12775","20722","15572","7630","4526","139","6459","13751","10981","5328","3641","68","6316","6971","4591","2302","885"
"20231","11545690","시흥3동","1819","1081","738","0","131","266","421","476","525","0","70","174","244","260","333","0","61","92","177","216","192"
"20231","11590510","노량진1동","3694","2064","1630","0","476","887","936","891","504","0","198","507","565","483","311","0","278","380","371","408","193"
"20231","11590670","신대방1동","2507","1595","912","0","473","809","587","404","234","0","242","524","406","264","159","0","231","285","181","140","75"
"20231","11620565","성현동","1578","593","985","1","227","276","364","481","229","1","102","144","164","130","52","0","125","132","200","351","177"
"20231","11620775","난곡동","951","540","411","0","64","206","234","317","130","0","17","106","116","186","115","0","47","100","118","131","15"
"20231","11620595","청룡동","3818","2100","1718","0","620","1091","921","879","307","0","238","555","512","574","221","0","382","536","409","305","86"
"20231","11620525","보라매동","3041","1567","1474","0","376","705","730","778","452","0","146","357","373","369","322","0","230","348","357","409","130"
"20231","11620625","인헌동","1560","916","644","0","321","469","406","236","128","0","147","295","245","121","108","0","174","174","161","115","20"
"20231","11590530","상도1동","2904","1685","1219","0","455","717","709","644","379","0","199","400","432","396","258","0","256","317","277","248","121"
"20231","11650520","서초2동","47409","31490","15919","87","9934","15641","11873","7269","2605","21","5430","10560","8164","5451","1864","66","4504","5081","3709","1818","741"
"20231","11650540","잠원동","14579","8455","6124","6","3038","4312","3608","2251","1364","3","1198","2528","2393","1411","922","3","1840","1784","1215","840","442"
"20231","11620545","청림동","327","186","141","0","49","108","108","49","13","0","22","61","64","31","8","0","27","47","44","18","5"
"20231","11680590","삼성2동","53614","30826","22788","70","10816","17398","13626","7591","4113","25","4487","10237","9101","4259","2717","45","6329","7161","4525","3332","1396"
"20231","11710650","잠실본동","11094","7132","3962","0","1493","2132","2602","2475","2392","0","658","1305","1636","1709","1824","0","835","827","966","766","568"
"20231","11740570","암사1동","2741","1682","1059","0","357","588","570","550","676","0","174","388","363","369","388","0","183","200","207","181","288"
"20231","11710690","잠실4동","4925","3955","970","24","658","1547","1430","1044","222","10","473","1269","1179","852","172","14","185","278","251","192","50"
"20231","11110680","창신2동","92","16","76","0","0","0","23","52","17","0","0","0","4","12","0","0","0","0","19","40","17"
"20231","11140590","광희동","54531","27160","27371","496","15661","14374","11209","8625","4166","201","7610","8363","6475","2933","1578","295","8051","6011","4734","5692","2588"
"20231","11110600","가회동","11445","8528","2917","1","1223","3951","3439","2148","683","1","631","2904","2695","1770","527","0","592","1047","744","378","156"
"20231","11110540","삼청동","4036","3332","704","0","481","1082","1272","961","240","0","311","836","1097","867","221","0","170","246","175","94","19"
"20231","11110710","숭인2동","1552","787","765","0","223","277","369","374","309","0","62","130","207","222","166","0","161","147","162","152","143"
"20231","11170650","이태원1동","21112","9294","11818","0","6203","8095","4127","2053","634","0","1617","3386","2290","1491","510","0","4586","4709","1837","562","124"
"20231","11170555","청파동","3565","1916","1649","0","535","922","858","772","478","0","178","422","457","479","380","0","357","500","401","293","98"
"20231","11200650","성수1가1동","2404","1514","890","0","291","510","543","651","409","0","134","319","349","445","267","0","157","191","194","206","142"
"20231","11140580","장충동","5961","3153","2808","7","1369","1643","1547","1141","254","0","481","919","919","660","174","7","888","724","628","481","80"
"20231","11200690","성수2가3동","22647","14522","8125","28","3727","5770","5670","4548","2904","28","2070","3857","3817","2743","2007","0","1657","1913","1853","1805","897"
"20231","11200535","왕십리도선동","3003","1377","1626","0","496","579","626","746","556","0","167","321","339","315","235","0","329","258","287","431","321"
"20231","11215830","자양2동","2595","1626","969","0","357","588","684","683","283","0","247","378","404","374","223","0","110","210","280","309","60"
"20231","11260620","묵1동","900","420","480","0","87","215","273","220","105","0","26","100","116","100","78","0","61","115","157","120","27"
"20231","11260580","상봉1동","1902","1375","527","0","203","323","398","525","453","0","142","209","229","374","421","0","61","114","169","151","32"
"20231","11260610","중화2동","542","347","195","0","25","49","172","133","163","0","12","20","86","86","143","0","13","29","86","47","20"
"20231","11290685","길음2동","381","151","230","0","22","74","114","121","50","0","8","25","54","39","25","0","14","49","60","82","25"
"20231","11305660","인수동","2776","1672","1104","0","211","552","747","853","413","0","55","309","465","514","329","0","156","243","282","339","84"
"20231","11320700","방학2동","629","272","357","0","18","128","167","130","186","0","0","64","72","64","72","0","18","64","95","66","114"
"20231","11290770","장위2동","749","491","258","0","21","122","201","201","204","0","0","61","118","133","179","0","21","61","83","68","25"
"20231","11320512","창2동","981","569","412","0","109","225","277","239","131","0","46","137","155","121","110","0","63","88","122","118","21"
"20231","11320513","창3동","581","320","261","0","22","115","226","182","36","0","0","73","131","80","36","0","22","42","95","102","0"
"20231","11320681","쌍문4동","248","129","119","0","24","61","70","66","27","0","6","29","35","35","24","0","18","32","35","31","3"
"20231","11320515","창5동","5092","3231","1861","0","569","1144","1254","1089","1036","0","294","788","848","597","704","0","275","356","406","492","332"
"20231","11350695","상계6?7동","3853","1705","2148","0","540","911","993","982","427","0","139","347","448","530","241","0","401","564","545","452","186"
"20231","11380552","갈현2동","2981","1543","1438","0","270","597","808","814","492","0","126","335","384","358","340","0","144","262","424","456","152"
"20231","11350710","상계9동","1278","806","472","0","162","321","321","361","113","0","89","203","188","239","87","0","73","118","133","122","26"
"20231","11320522","도봉2동","842","542","300","0","32","100","145","217","348","0","11","50","80","144","257","0","21","50","65","73","91"
"20231","11380632","신사2동","977","717","260","0","90","194","259","254","180","0","79","138","150","176","174","0","11","56","109","78","6"
"20231","11410710","북가좌1동","346","286","60","0","3","11","37","74","221","0","0","4","17","53","212","0","3","7","20","21","9"
"20231","11350624","중계4동","1352","743","609","0","128","276","319","362","267","0","45","132","169","192","205","0","83","144","150","170","62"
"20231","11440740","상암동","12214","7523","4691","22","2587","4458","3331","1374","442","10","1136","2815","2216","974","372","12","1451","1643","1115","400","70"
"20231","11440720","성산1동","4578","3059","1519","0","567","956","1061","891","1103","0","281","596","676","626","880","0","286","360","385","265","223"
"20231","11470580","신월3동","1063","631","432","0","87","196","243","339","198","0","27","83","130","218","173","0","60","113","113","121","25"
"20231","11470600","신월5동","1344","758","586","0","153","352","349","344","146","0","68","176","182","207","125","0","85","176","167","137","21"
"20231","11470510","목1동","14314","9293","5021","11","2481","3905","3582","2919","1416","8","1159","2564","2540","2099","923","3","1322","1341","1042","820","493"
"20231","11470680","신정7동","181","107","74","0","21","45","54","41","20","0","10","25","32","25","15","0","11","20","22","16","5"
"20231","11410640","홍제3동","692","341","351","0","42","75","140","191","244","0","6","27","62","100","146","0","36","48","78","91","98"
"20231","11500611","발산1동","3925","2299","1626","0","211","563","1059","1311","781","0","83","283","510","770","653","0","128","280","549","541","128"
"20231","11530760","개봉3동","1510","935","575","0","185","386","397","331","211","0","92","244","244","189","166","0","93","142","153","142","45"
"20231","11530720","고척1동","2509","1793","716","0","217","514","660","765","353","0","114","347","462","579","291","0","103","167","198","186","62"
"20231","11530740","개봉1동","6356","3708","2648","0","527","1369","1533","1703","1224","0","272","764","782","967","923","0","255","605","751","736","301"
"20231","11590660","대방동","8512","5697","2815","0","1412","2326","2008","1909","857","0","754","1598","1407","1389","549","0","658","728","601","520","308"
"20231","11470640","신정3동","2016","1454","562","0","158","385","509","432","532","0","75","238","348","307","486","0","83","147","161","125","46"
"20231","11560690","신길7동","2532","1744","788","0","284","483","573","734","458","0","178","334","389","471","372","0","106","149","184","263","86"
"20231","11590520","노량진2동","3449","1795","1654","0","546","1020","840","709","334","0","284","448","383","457","223","0","262","572","457","252","111"
"20231","11560680","신길6동","2180","1394","786","0","210","532","583","480","375","0","104","332","359","306","293","0","106","200","224","174","82"
"20231","11560540","여의동","194725","138166","56559","462","35804","69784","50067","29859","8749","172","19760","49880","38664","23762","5928","290","16044","19904","11403","6097","2821"
"20231","11590550","상도3동","829","489","340","0","39","162","237","204","187","0","25","119","143","102","100","0","14","43","94","102","87"
"20231","11620665","서림동","1621","924","697","0","226","286","414","359","336","0","113","150","222","216","223","0","113","136","192","143","113"
"20231","11650621","방배4동","16058","9944","6114","0","2777","4453","4008","3066","1754","0","1172","2623","2722","2156","1271","0","1605","1830","1286","910","483"
"20231","11590640","사당3동","1344","781","563","0","157","299","368","321","199","0","55","159","225","188","154","0","102","140","143","133","45"
"20231","11590651","사당5동","2139","1173","966","0","240","545","668","522","164","0","108","250","348","307","160","0","132","295","320","215","4"
"20231","11650530","서초3동","59412","35282","24130","41","10230","17837","15242","10846","5216","5","4326","10391","9744","7075","3741","36","5904","7446","5498","3771","1475"
"20231","11680655","도곡1동","29972","21237","8735","44","5121","6976","8361","7595","1875","42","2597","4570","6286","6219","1523","2","2524","2406","2075","1376","352"
"20231","11680510","신사동","28397","16958","11439","0","5916","8607","7258","4335","2281","0","2301","5256","4858","2840","1703","0","3615","3351","2400","1495","578"
"20231","11680640","역삼1동","149163","88268","60895","245","30132","45379","38443","26077","8887","71","14435","28312","25093","14123","6234","174","15697","17067","13350","11954","2653"
"20231","11680670","개포2동","8866","5810","3056","7","1556","2526","2125","1649","1003","0","830","1689","1463","1052","776","7","726","837","662","597","227"
"20231","11680700","세곡동","295","173","122","0","12","55","62","89","77","0","4","29","36","53","51","0","8","26","26","36","26"
"20231","11710641","문정1동","31928","24678","7250","0","2896","5964","9198","12056","1814","0","1707","4304","7159","10332","1176","0","1189","1660","2039","1724","638"
"20231","11710631","가락1동","4845","3390","1455","0","330","901","1334","1389","891","0","222","690","983","912","583","0","108","211","351","477","308"
"20231","11740580","암사2동","2218","804","1414","0","219","369","525","668","437","0","77","172","210","192","153","0","142","197","315","476","284"
"20231","11710510","풍납1동","778","452","326","0","87","175","214","217","85","0","47","98","116","117","74","0","40","77","98","100","11"
"20231","11740685","길동","8662","4398","4264","0","1221","1732","1974","2122","1613","0","471","927","1056","971","973","0","750","805","918","1151","640"
"20231","11740660","성내3동","3924","2375","1549","0","533","889","993","832","677","0","281","571","603","471","449","0","252","318","390","361","228"
"20231","11710710","잠실6동","61653","32848","28805","116","9814","16363","17589","15727","2044","35","4542","10057","10152","6525","1537","81","5272","6306","7437","9202","507"
"20231","11140625","다산동","6586","4180","2406","0","1159","2129","1605","1147","546","0","473","1463","1134","704","406","0","686","666","471","443","140"
"20231","11110580","교남동","664","395","269","0","67","171","185","139","102","0","19","86","111","95","84","0","48","85","74","44","18"
"20231","11110640","이화동","1835","1019","816","0","275","463","474","389","234","0","85","210","280","263","181","0","190","253","194","126","53"
"20231","11170685","한남동","36545","26809","9736","29","6020","10850","9621","8409","1616","27","2856","7236","7814","7554","1322","2","3164","3614","1807","855","294"
"20231","11140680","중림동","2664","1485","1179","0","560","855","695","366","188","0","254","463","387","243","138","0","306","392","308","123","50"
"20231","11200645","옥수동","2054","793","1261","0","529","610","466","307","142","0","134","226","218","143","72","0","395","384","248","164","70"
"20231","11230710","회기동","74","35","39","0","2","17","23","21","11","0","0","4","10","10","11","0","2","13","13","11","0"
"20231","11260660","망우3동","322","178","144","0","8","35","84","117","78","0","0","10","36","66","66","0","8","25","48","51","12"
"20231","11260565","면목본동","954","536","418","0","80","243","277","250","104","0","9","124","150","150","103","0","71","119","127","100","1"
"20231","11290555","삼선동","4554","2270","2284","0","459","1106","1391","1154","444","0","148","471","668","723","260","0","311","635","723","431","184"
"20231","11305603","번2동","406","191","215","0","50","50","116","129","61","0","18","26","50","62","35","0","32","24","66","67","26"
"20231","11305534","삼양동","210","139","71","0","14","33","59","58","46","0","3","16","32","42","46","0","11","17","27","16","0"
"20231","11305608","번3동","236","131","105","0","22","38","60","68","48","0","8","18","34","37","34","0","14","20","26","31","14"
"20231","11290620","정릉1동","620","341","279","0","67","110","138","180","125","0","8","37","69","112","115","0","59","73","69","68","10"
"20231","11350630","상계1동","3876","2467","1409","0","451","810","932","984","699","0","266","544","610","618","429","0","185","266","322","366","270"
"20231","11350570","월계2동","73","36","37","0","8","17","21","20","7","0","2","7","9","11","7","0","6","10","12","9","0"
"20231","11350665","상계3?4동","628","469","159","0","13","34","169","261","151","0","1","17","110","202","139","0","12","17","59","59","12"
"20231","11350670","상계5동","1039","529","510","0","10","68","175","286","500","0","2","43","75","128","281","0","8","25","100","158","219"
"20231","11350720","상계10동","482","202","280","0","74","103","129","140","36","0","15","43","49","67","28","0","59","60","80","73","8"
"20231","11380690","진관동","890","466","424","0","77","222","253","221","117","0","35","141","141","90","59","0","42","81","112","131","58"
"20231","11410615","연희동","8187","5413","2774","0","1293","2041","1762","2292","799","0","722","1370","1104","1648","569","0","571","671","658","644","230"
"20231","11440585","도화동","11392","6924","4468","0","2104","2775","2865","2551","1097","0","1100","1906","1885","1325","708","0","1004","869","980","1226","389"
"20231","11350621","중계1동","1302","716","586","0","170","287","391","327","127","0","73","157","206","179","101","0","97","130","185","148","26"
"20231","11500530","등촌2동","2692","1594","1098","0","313","536","653","698","492","0","124","293","391","446","340","0","189","243","262","252","152"
"20231","11500535","등촌3동","7914","4190","3724","0","996","1686","1773","1950","1509","0","437","919","1036","948","850","0","559","767","737","1002","659"
"20231","11500560","화곡3동","3629","2236","1393","0","502","876","928","838","485","0","270","580","563","473","350","0","232","296","365","365","135"
"20231","11560585","도림동","560","384","176","0","20","89","148","162","141","0","3","59","103","108","111","0","17","30","45","54","30"
"20231","11530595","가리봉동","709","331","378","0","23","123","171","158","234","0","5","59","74","61","132","0","18","64","97","97","102"
"20231","11560710","대림2동","3551","1806","1745","0","657","854","793","541","706","0","255","455","338","302","456","0","402","399","455","239","250"
"20231","11560650","신길3동","396","313","83","0","1","55","100","114","126","0","0","43","74","82","114","0","1","12","26","32","12"
"20231","11620645","서원동","2222","900","1322","0","417","481","403","503","418","0","91","188","203","182","236","0","326","293","200","321","182"
"20231","11620745","삼성동","886","504","382","0","80","174","254","250","128","0","34","86","134","136","114","0","46","88","120","114","14"
"20231","11620605","은천동","932","444","488","0","127","175","194","260","176","0","43","81","99","117","104","0","84","94","95","143","72"
"20231","11590650","사당4동","1156","597","559","0","108","170","269","225","384","0","41","87","114","101","254","0","67","83","155","124","130"
"20231","11650531","서초4동","41528","23746","17782","127","8112","12722","10445","7356","2766","54","3082","7267","6777","4616","1950","73","5030","5455","3668","2740","816"
"20231","11680690","개포4동","6664","4814","1850","0","811","1508","1885","1589","871","0","404","1013","1430","1244","723","0","407","495","455","345","148"
"20231","11710532","거여2동","1455","753","702","0","181","239","363","437","235","0","101","142","183","199","128","0","80","97","180","238","107"
"20231","11710550","마천2동","1669","1089","580","0","120","403","490","449","207","0","73","257","281","277","201","0","47","146","209","172","6"
"20231","11710590","송파2동","4474","2823","1651","9","707","1113","1174","1071","400","9","341","705","847","670","251","0","366","408","327","401","149"
"20231","11710646","장지동","4086","2801","1285","0","435","648","974","1081","948","0","244","436","655","762","704","0","191","212","319","319","244"
"20231","11710566","오륜동","19415","11255","8160","25","3149","5872","5041","3884","1444","8","1268","3056","3242","2573","1108","17","1881","2816","1799","1311","336"
"20232","11140520","소공동","81642","43347","38295","440","23620","25767","17953","10800","3062","117","7678","12823","12808","7884","2037","323","15942","12944","5145","2916","1025"
"20232","11110530","사직동","35094","21967","13127","14","4645","9916","10573","6962","2984","0","1947","6096","7231","4857","1836","14","2698","3820","3342","2105","1148"
"20232","11170570","원효로2동","2980","2170","810","0","470","916","836","481","277","0","274","655","647","364","230","0","196","261","189","117","47"
"20232","11170690","서빙고동","8230","5408","2822","1","1464","2458","2547","1300","460","0","705","1437","1862","1042","362","1","759","1021","685","258","98"
"20232","11215847","자양4동","561","446","115","0","2","53","149","172","185","0","0","38","101","127","180","0","2","15","48","45","5"
"20232","11230560","전농1동","592","439","153","0","40","76","193","202","81","0","31","55","153","151","49","0","9","21","40","51","32"
"20232","11230750","이문2동","246","129","117","0","28","54","56","65","43","0","8","26","26","36","33","0","20","28","30","29","10"
"20232","11260655","망우본동","1519","804","715","0","135","278","359","490","257","0","24","102","169","273","236","0","111","176","190","217","21"
"20232","11260590","상봉2동","4535","3199","1336","0","532","1185","1522","1045","251","0","310","844","1033","777","235","0","222","341","489","268","16"
"20232","11260630","묵2동","1328","926","402","0","188","331","320","379","110","0","111","225","211","282","97","0","77","106","109","97","13"
"20232","11290575","동선동","1953","966","987","0","245","411","449","504","344","0","72","175","219","281","219","0","173","236","230","223","125"
"20232","11290610","보문동","3655","2773","882","0","342","1086","768","766","693","0","187","869","618","618","481","0","155","217","150","148","212"
"20232","11290725","월곡2동","2297","1463","834","0","370","658","560","406","303","0","185","433","340","241","264","0","185","225","220","165","39"
"20232","11305535","미아동","1001","577","424","0","77","175","310","297","142","0","26","86","174","184","107","0","51","89","136","113","35"
"20232","11290640","정릉3동","341","263","78","0","46","109","86","64","36","0","30","81","70","54","28","0","16","28","16","10","8"
"20232","11320670","쌍문2동","984","570","414","0","89","163","247","297","188","0","14","75","130","192","159","0","75","88","117","105","29"
"20232","11350619","중계본동","807","385","422","0","86","162","203","245","111","0","41","82","85","109","68","0","45","80","118","136","43"
"20232","11320710","방학3동","1210","727","483","0","206","278","284","282","160","0","131","158","181","136","121","0","75","120","103","146","39"
"20232","11410685","홍은2동","1135","745","390","0","176","319","282","244","114","0","104","212","181","164","84","0","72","107","101","80","30"
"20232","11410700","남가좌2동","895","468","427","0","79","187","266","270","93","0","15","90","125","154","84","0","64","97","141","116","9"
"20232","11410720","북가좌2동","1478","753","725","0","200","292","342","389","255","0","39","148","195","211","160","0","161","144","147","178","95"
"20232","11410520","천연동","1093","596","497","0","85","181","288","388","151","0","25","84","162","228","97","0","60","97","126","160","54"
"20232","11350625","중계2?3동","1132","632","500","0","151","293","288","291","109","0","90","174","148","152","68","0","61","119","140","139","41"
"20232","11440655","서강동","3524","2235","1289","0","594","869","853","699","509","0","289","519","571","470","386","0","305","350","282","229","123"
"20232","11440710","연남동","2318","1456","862","0","370","557","582","500","309","0","159","299","349","354","295","0","211","258","233","146","14"
"20232","11440630","신수동","2518","1433","1085","0","299","705","710","621","183","0","109","333","407","437","147","0","190","372","303","184","36"
"20232","11410655","홍제2동","430","214","216","0","57","93","114","96","70","0","17","58","57","47","35","0","40","35","57","49","35"
"20232","11470630","신정2동","12000","6895","5105","5","2173","3906","3214","2123","579","0","878","2146","1990","1414","467","5","1295","1760","1224","709","112"
"20232","11530530","구로2동","11083","6869","4214","6","1320","2583","2789","2808","1577","3","613","1531","1678","1850","1194","3","707","1052","1111","958","383"
"20232","11545710","시흥5동","1523","940","583","0","186","373","413","328","223","0","102","255","255","170","158","0","84","118","158","158","65"
"20232","11530790","수궁동","1676","1147","529","0","156","324","385","487","324","0","98","208","243","331","267","0","58","116","142","156","57"
"20232","11545510","가산동","92030","60550","31480","289","18141","28614","22781","13483","8722","187","9624","19222","16434","8962","6121","102","8517","9392","6347","4521","2601"
"20232","11545640","독산4동","1392","813","579","0","151","239","295","331","376","0","101","144","180","161","227","0","50","95","115","170","149"
"20232","11560720","대림3동","5334","3504","1830","0","503","1120","1394","1291","1026","0","260","798","1009","821","616","0","243","322","385","470","410"
"20232","11560670","신길5동","986","474","512","0","68","216","346","257","99","0","28","97","125","130","94","0","40","119","221","127","5"
"20232","11590560","상도4동","885","533","352","0","107","215","234","217","112","0","53","124","139","159","58","0","54","91","95","58","54"
"20232","11560515","영등포본동","3682","2112","1570","0","508","929","958","904","383","0","211","471","556","573","301","0","297","458","402","331","82"
"20232","11620735","대학동","539","439","100","0","64","136","166","139","34","0","41","101","142","122","33","0","23","35","24","17","1"
"20232","11620765","미성동","2812","1691","1121","0","233","487","685","759","648","0","158","294","387","392","460","0","75","193","298","367","188"
"20232","11620715","난향동","676","332","344","0","72","150","196","147","111","0","14","68","81","76","93","0","58","82","115","71","18"
"20232","11620575","행운동","2475","1391","1084","0","366","613","590","565","341","0","179","349","316","294","253","0","187","264","274","271","88"
"20232","11650620","방배3동","13996","9177","4819","57","2199","4168","3801","2275","1496","15","1117","2616","2733","1571","1125","42","1082","1552","1068","704","371"
"20232","11680580","삼성1동","142941","96466","46475","333","28799","42874","38306","25377","7252","165","15476","28344","28250","19895","4336","168","13323","14530","10056","5482","2916"
"20232","11710531","거여1동","2894","2159","735","0","728","833","699","381","253","0","505","663","537","262","192","0","223","170","162","119","61"
"20232","11680565","청담동","56939","32636","24303","41","11873","18883","14172","8553","3417","6","4467","10789","9321","5660","2393","35","7406","8094","4851","2893","1024"
"20232","11710562","방이2동","41941","24102","17839","18","6770","10762","9470","8960","5961","18","3793","7010","5800","4195","3286","0","2977","3752","3670","4765","2675"
"20232","11680730","일원1동","1226","679","547","0","150","230","286","276","284","0","64","123","148","146","198","0","86","107","138","130","86"
"20232","11710610","삼전동","3627","2452","1175","0","428","826","819","734","820","0","246","541","535","450","680","0","182","285","284","284","140"
"20232","11740515","강일동","156","105","51","0","22","33","44","39","18","0","11","24","28","26","16","0","11","9","16","13","2"
"20232","11740550","고덕1동","812","421","391","0","89","180","209","194","140","0","37","102","104","89","89","0","52","78","105","105","51"
"20232","11740530","명일1동","3610","2015","1595","0","536","974","915","647","538","0","245","593","600","330","247","0","291","381","315","317","291"
"20232","11710680","잠실3동","29056","19707","9349","127","5298","7288","7242","5511","3590","58","2761","5046","5360","3950","2532","69","2537","2242","1882","1561","1058"
"20232","11110650","혜화동","4981","2432","2549","0","807","1369","1216","997","592","0","274","669","648","512","329","0","533","700","568","485","263"
"20232","11110700","숭인1동","254","112","142","0","46","56","60","58","34","0","0","24","30","31","27","0","46","32","30","27","7"
"20232","11140615","신당동","4548","2465","2083","4","1364","968","858","815","539","0","597","511","439","543","375","4","767","457","419","272","164"
"20232","11140670","황학동","733","532","201","0","98","220","206","134","75","0","72","143","134","108","75","0","26","77","72","26","0"
"20232","11140570","필동","12398","5839","6559","0","1788","3149","3821","2713","927","0","608","1559","1799","1275","598","0","1180","1590","2022","1438","329"
"20232","11170510","후암동","1833","1095","738","0","264","416","521","436","196","0","87","251","344","259","154","0","177","165","177","177","42"
"20232","11170660","이태원2동","926","527","399","0","143","331","256","131","65","0","65","182","137","78","65","0","78","149","119","53","0"
"20232","11200720","송정동","752","472","280","0","95","183","196","154","124","0","45","115","110","95","107","0","50","68","86","59","17"
"20232","11215730","군자동","1164","650","514","0","123","247","275","266","253","0","44","132","161","144","169","0","79","115","114","122","84"
"20232","11215780","능동","1521","952","569","0","213","360","400","309","239","0","103","215","255","187","192","0","110","145","145","122","47"
"20232","11230650","장안1동","9766","6178","3588","0","1315","1929","2119","2168","2235","0","793","1247","1327","1308","1503","0","522","682","792","860","732"
"20232","11260520","면목2동","962","559","403","0","42","158","226","318","218","0","0","72","115","188","184","0","42","86","111","130","34"
"20232","11230570","전농2동","1021","535","486","0","114","217","272","273","145","0","47","102","146","142","98","0","67","115","126","131","47"
"20232","11230705","청량리동","2651","1429","1222","0","455","806","509","491","390","0","161","470","286","282","230","0","294","336","223","209","160"
"20232","11215750","중곡2동","2256","1320","936","0","285","455","596","547","373","0","190","265","318","290","257","0","95","190","278","257","116"
"20232","11260600","중화1동","1019","540","479","0","99","224","270","247","179","0","30","86","128","142","154","0","69","138","142","105","25"
"20232","11290590","돈암2동","643","389","254","1","101","154","205","114","68","0","47","91","137","85","29","1","54","63","68","29","39"
"20232","11290715","월곡1동","1448","906","542","0","67","172","300","310","599","0","12","83","159","209","443","0","55","89","141","101","156"
"20232","11320680","쌍문3동","1012","468","544","0","217","238","251","249","57","0","42","109","129","141","47","0","175","129","122","108","10"
"20232","11290705","종암동","16140","8514","7626","0","1380","4103","5717","4612","328","0","591","1511","2613","3596","203","0","789","2592","3104","1016","125"
"20232","11305645","우이동","1487","940","547","0","39","89","204","376","779","0","1","39","111","269","520","0","38","50","93","107","259"
"20232","11305625","수유2동","1281","698","583","0","14","44","250","416","557","0","0","26","166","287","219","0","14","18","84","129","338"
"20232","11320511","창1동","947","427","520","0","128","194","256","264","105","0","45","76","114","123","69","0","83","118","142","141","36"
"20232","11320514","창4동","1721","1087","634","0","179","326","422","477","317","0","77","172","252","323","263","0","102","154","170","154","54"
"20232","11350640","상계2동","1822","896","926","0","208","310","474","479","351","0","57","184","225","229","201","0","151","126","249","250","150"
"20232","11380530","불광2동","2252","1079","1173","0","87","319","382","496","968","0","21","163","156","202","537","0","66","156","226","294","431"
"20232","11320521","도봉1동","1496","1058","438","0","11","117","372","597","399","0","0","62","217","437","342","0","11","55","155","160","57"
"20232","11380580","응암1동","2200","1231","969","0","203","362","531","517","587","0","88","172","278","263","430","0","115","190","253","254","157"
"20232","11380640","증산동","1958","1282","676","0","247","525","537","452","197","0","114","351","358","301","158","0","133","174","179","151","39"
"20232","11440600","대흥동","3481","1708","1773","0","1440","807","493","472","269","0","552","416","268","288","184","0","888","391","225","184","85"
"20232","11440690","망원1동","2837","1605","1232","0","796","801","596","417","227","0","464","429","291","253","168","0","332","372","305","164","59"
"20232","11350580","월계3동","77","38","39","0","9","14","20","22","12","0","4","7","9","11","7","0","5","7","11","11","5"
"20232","11380510","녹번동","3103","1653","1450","0","343","724","854","838","344","0","161","350","405","503","234","0","182","374","449","335","110"
"20232","11380650","수색동","253","163","90","0","31","70","62","50","40","0","15","45","39","32","32","0","16","25","23","18","8"
"20232","11470560","신월1동","2040","1357","683","0","158","337","484","698","363","0","87","211","297","474","288","0","71","126","187","224","75"
"20232","11440555","아현동","4227","2328","1899","2","804","1365","1202","713","141","0","352","763","672","435","106","2","452","602","530","278","35"
"20232","11440730","성산2동","1807","805","1002","0","148","349","487","574","249","0","46","172","219","221","147","0","102","177","268","353","102"
"20232","11470610","신월6동","597","354","243","0","60","113","138","162","124","0","23","59","76","92","104","0","37","54","62","70","20"
"20232","11500620","공항동","4040","2121","1919","0","677","1339","1114","786","124","0","158","559","650","654","100","0","519","780","464","132","24"
"20232","11470540","목4동","1871","1171","700","0","208","421","568","476","198","0","82","261","337","314","177","0","126","160","231","162","21"
"20232","11500520","등촌1동","4379","2640","1739","0","877","1136","969","785","612","0","323","719","671","518","409","0","554","417","298","267","203"
"20232","11500641","방화3동","2458","1593","865","0","232","527","622","678","399","0","118","279","386","476","334","0","114","248","236","202","65"
"20232","11530560","구로5동","12682","8027","4655","6","1788","2985","3297","2815","1791","6","1009","2064","2186","1674","1088","0","779","921","1111","1141","703"
"20232","11545670","시흥1동","4719","2544","2175","0","666","1140","1131","1194","588","0","307","568","568","678","423","0","359","572","563","516","165"
"20232","11560550","당산1동","5576","3354","2222","0","955","1583","1246","1026","766","0","384","880","782","720","588","0","571","703","464","306","178"
"20232","11530510","신도림동","9051","5962","3089","2","1479","2815","2213","1648","894","1","616","1919","1600","1142","684","1","863","896","613","506","210"
"20232","11545700","시흥4동","1252","763","489","0","192","270","374","315","101","0","120","192","223","146","82","0","72","78","151","169","19"
"20232","11590630","사당2동","1900","1047","853","0","288","577","537","347","151","0","137","348","321","157","84","0","151","229","216","190","67"
"20232","11560660","신길4동","987","493","494","0","165","234","253","233","102","0","58","108","124","126","77","0","107","126","129","107","25"
"20232","11545680","시흥2동","852","498","354","0","87","172","214","253","126","0","48","99","120","146","85","0","39","73","94","107","41"
"20232","11650660","내곡동","876","569","307","0","128","182","187","186","193","0","89","133","127","107","113","0","39","49","60","79","80"
"20232","11650610","방배2동","15032","7312","7720","0","2548","3859","4149","2888","1588","0","883","1728","1913","1711","1077","0","1665","2131","2236","1177","511"
"20232","11650510","서초1동","42912","24020","18892","10","9017","11126","9482","10492","2785","0","3237","5986","5500","7264","2033","10","5780","5140","3982","3228","752"
"20232","11680656","도곡2동","73377","50174","23203","351","14018","28830","21079","7603","1496","223","7492","19745","16203","5529","982","128","6526","9085","4876","2074","514"
"20232","11650560","반포1동","7309","4510","2799","0","1332","2442","1838","1112","585","0","630","1597","1228","618","437","0","702","845","610","494","148"
"20232","11710632","가락2동","6446","4334","2112","0","856","1368","1281","1211","1730","0","505","933","849","723","1324","0","351","435","432","488","406"
"20232","11680750","수서동","16798","8865","7933","18","2394","4527","4516","3339","2004","11","1072","2434","2369","1776","1203","7","1322","2093","2147","1563","801"
"20232","11710570","오금동","19798","13817","5981","0","2635","4711","5004","4776","2672","0","1544","3173","3687","3604","1809","0","1091","1538","1317","1172","863"
"20232","11710540","마천1동","689","335","354","0","37","165","229","215","43","0","3","75","110","105","42","0","34","90","119","110","1"
"20232","11740540","명일2동","2419","1657","762","0","291","687","650","512","279","0","148","486","473","327","223","0","143","201","177","185","56"
"20232","11110670","창신1동","1827","771","1056","0","73","315","611","495","333","0","14","88","193","227","249","0","59","227","418","268","84"
"20232","11110690","창신3동","103","45","58","0","9","30","27","32","5","0","2","11","11","16","5","0","7","19","16","16","0"
"20232","11110550","부암동","1241","693","548","0","208","359","339","242","93","0","85","199","194","146","69","0","123","160","145","96","24"
"20232","11140540","회현동","79592","49205","30387","174","14928","28109","21798","11564","3019","40","6972","16777","14204","9107","2105","134","7956","11332","7594","2457","914"
"20232","11170530","남영동","14729","6199","8530","114","5603","3628","2811","1890","683","4","1057","1946","1663","1017","512","110","4546","1682","1148","873","171"
"20232","11170520","용산2가동","426","314","112","0","11","73","171","161","10","0","0","41","134","129","10","0","11","32","37","32","0"
"20232","11170625","한강로동","43401","21437","21964","82","8869","13560","12399","6381","2110","38","3614","6352","6167","3880","1386","44","5255","7208","6232","2501","724"
"20232","11200520","왕십리2동","1064","648","416","0","130","278","314","240","102","0","65","150","193","154","86","0","65","128","121","86","16"
"20232","11200580","응봉동","595","247","348","0","145","158","129","103","60","0","35","57","58","52","45","0","110","101","71","51","15"
"20232","11215810","광장동","7150","4343","2807","53","2228","1884","1388","1104","493","12","1066","1217","943","740","365","41","1162","667","445","364","128"
"20232","11200540","마장동","6693","4776","1917","0","532","1182","1539","2236","1204","0","325","819","1127","1593","912","0","207","363","412","643","292"
"20232","11230740","이문1동","1188","521","667","0","225","319","331","224","89","0","32","119","164","137","69","0","193","200","167","87","20"
"20232","11230660","장안2동","5089","2740","2349","0","1587","989","1034","959","520","0","822","570","477","466","405","0","765","419","557","493","115"
"20232","11260550","면목5동","898","657","241","0","61","141","261","239","196","0","54","120","127","162","194","0","7","21","134","77","2"
"20232","11230730","휘경2동","922","477","445","0","118","203","244","225","132","0","32","96","128","121","100","0","86","107","116","104","32"
"20232","11215760","중곡3동","732","506","226","0","59","187","221","176","89","0","36","144","136","121","69","0","23","43","85","55","20"
"20232","11305635","수유3동","2903","1487","1416","0","240","726","787","802","348","0","71","303","364","501","248","0","169","423","423","301","100"
"20232","11290760","장위1동","462","248","214","0","80","99","116","96","71","0","38","58","58","47","47","0","42","41","58","49","24"
"20232","11350595","공릉1동","5486","2963","2523","0","584","840","1193","1520","1349","0","263","458","591","794","857","0","321","382","602","726","492"
"20232","11350600","공릉2동","1111","510","601","0","183","280","273","261","114","0","53","127","127","129","74","0","130","153","146","132","40"
"20232","11380551","갈현1동","1987","1015","972","0","332","470","478","447","260","0","126","243","240","227","179","0","206","227","238","220","81"
"20232","11410690","남가좌1동","841","507","334","0","61","109","147","210","314","0","40","73","94","113","187","0","21","36","53","97","127"
"20232","11440700","망원2동","4654","2802","1852","0","579","867","1000","1426","782","0","325","648","708","664","457","0","254","219","292","762","325"
"20232","11440660","서교동","24889","12716","12173","0","5208","7014","5782","4101","2784","0","2138","3507","3175","2164","1732","0","3070","3507","2607","1937","1052"
"20232","11470570","신월2동","1729","996","733","0","135","279","477","479","359","0","75","168","244","253","256","0","60","111","233","226","103"
"20232","11470611","신월7동","2506","1642","864","0","265","416","509","596","720","0","196","317","339","359","431","0","69","99","170","237","289"
"20232","11470530","목3동","1795","993","802","0","234","394","482","439","246","0","117","231","262","220","163","0","117","163","220","219","83"
"20232","11470550","목5동","13754","8370","5384","44","2234","3558","3332","2879","1707","22","1030","2144","2104","1886","1184","22","1204","1414","1228","993","523"
"20232","11500603","가양1동","1846","1156","690","0","195","385","425","449","392","0","80","237","255","292","292","0","115","148","170","157","100"
"20232","11500570","화곡4동","2050","892","1158","0","487","574","424","380","185","0","96","241","204","204","147","0","391","333","220","176","38"
"20232","11500615","우장산동","2566","1418","1148","0","559","579","550","542","336","0","210","335","327","323","223","0","349","244","223","219","113"
"20232","11530730","고척2동","1513","962","551","0","147","344","401","426","195","0","96","218","238","244","166","0","51","126","163","182","29"
"20232","11470620","신정1동","7998","4668","3330","32","1412","2006","2015","1703","830","32","585","1248","1208","989","606","0","827","758","807","714","224"
"20232","11545610","독산1동","11171","7183","3988","1","839","1510","1874","2469","4478","1","502","1014","1202","1522","2942","0","337","496","672","947","1536"
"20232","11560630","신길1동","3183","1375","1808","0","558","778","717","624","506","0","153","371","339","257","255","0","405","407","378","367","251"
"20232","11560535","영등포동","15792","8850","6942","0","2891","3944","3768","3128","2061","0","1062","2199","2350","1843","1396","0","1829","1745","1418","1285","665"
"20232","11560620","양평2동","13322","7643","5679","0","2426","3657","3684","2298","1257","0","1058","2205","2092","1356","932","0","1368","1452","1592","942","325"
"20232","11620695","신림동","1358","821","537","0","78","192","337","318","433","0","17","100","184","184","336","0","61","92","153","134","97"
"20232","11620685","신사동","3519","2457","1062","0","559","1034","1058","631","237","0","245","709","842","491","170","0","314","325","216","140","67"
"20232","11680531","논현2동","52320","33463","18857","14","10040","15188","12640","8497","5941","0","4365","9085","8986","6456","4571","14","5675","6103","3654","2041","1370"
"20232","11650652","양재2동","34626","25993","8633","5","4596","8490","9744","9144","2647","3","2779","6251","7481","7461","2018","2","1817","2239","2263","1683","629"
"20232","11710642","문정2동","24239","15239","9000","43","3472","7377","7429","4296","1622","19","1663","4165","5090","3291","1011","24","1809","3212","2339","1005","611"
"20232","11710561","방이1동","7882","5758","2124","0","821","1546","2066","2104","1345","0","392","985","1538","1684","1159","0","429","561","528","420","186"
"20232","11680660","개포1동","522","321","201","2","82","138","136","108","56","1","37","76","94","73","40","1","45","62","42","35","16"
"20232","11740600","천호1동","1824","1067","757","0","144","332","469","446","433","0","44","170","238","277","338","0","100","162","231","169","95"
"20232","11740560","고덕2동","887","560","327","0","46","115","195","310","221","0","6","50","111","213","180","0","40","65","84","97","41"
"20232","11740640","성내1동","12328","8380","3948","0","1461","2583","2658","3178","2448","0","834","1614","1745","2301","1886","0","627","969","913","877","562"
"20232","11710600","석촌동","8931","5910","3021","0","1076","2032","2085","1842","1896","0","617","1467","1417","1079","1330","0","459","565","668","763","566"
"20232","11110515","청운효자동","6746","4377","2369","5","1236","1971","1894","1195","445","0","540","1240","1409","869","319","5","696","731","485","326","126"
"20232","11110570","무악동","495","129","366","0","141","142","128","61","23","0","31","30","40","16","12","0","110","112","88","45","11"
"20232","11200590","금호1가동","1693","625","1068","9","200","560","691","193","40","0","61","186","271","77","30","9","139","374","420","116","10"
"20232","11170580","효창동","1309","757","552","0","176","336","368","289","140","0","87","197","222","146","105","0","89","139","146","143","35"
"20232","11170630","이촌1동","5422","3473","1949","16","876","1462","1523","1108","437","12","434","899","1074","748","306","4","442","563","449","360","131"
"20232","11200670","성수2가1동","8245","5274","2971","32","1909","2402","1916","1340","646","18","855","1560","1320","959","562","14","1054","842","596","381","84"
"20232","11140635","약수동","12014","4643","7371","23","1932","4496","3330","1644","589","0","592","1581","1103","943","424","23","1340","2915","2227","701","165"
"20232","11140650","신당5동","652","352","300","0","38","151","183","164","116","0","14","61","93","90","94","0","24","90","90","74","22"
"20232","11215820","자양1동","9485","7518","1967","0","641","1335","2580","3881","1048","0","282","865","2077","3380","914","0","359","470","503","501","134"
"20232","11215850","구의1동","3261","1974","1287","0","454","836","919","755","297","0","240","487","511","491","245","0","214","349","408","264","52"
"20232","11200570","행당2동","12","1","11","0","0","2","5","4","1","0","0","0","0","0","1","0","0","2","5","4","0"
"20232","11200620","금호4가동","648","391","257","0","72","151","186","156","83","0","25","77","124","100","65","0","47","74","62","56","18"
"20232","11230545","제기동","4390","2637","1753","0","528","1120","1104","943","695","0","202","663","711","553","508","0","326","457","393","390","187"
"20232","11260540","면목4동","710","584","126","0","17","100","214","293","86","0","5","73","160","260","86","0","12","27","54","33","0"
"20232","11260690","신내2동","976","543","433","0","130","246","239","241","120","0","55","116","123","156","93","0","75","130","116","85","27"
"20232","11260570","면목7동","653","381","272","0","49","110","176","207","111","0","3","47","96","127","108","0","46","63","80","80","3"
"20232","11290660","길음1동","3802","1855","1947","249","1338","938","634","412","231","101","579","494","312","190","179","148","759","444","322","222","52"
"20232","11290525","성북동","18115","13827","4288","0","2358","4458","5268","5254","777","0","1304","3117","4179","4683","544","0","1054","1341","1089","571","233"
"20232","11305575","삼각산동","373","200","173","0","64","102","122","60","25","0","24","56","67","30","23","0","40","46","55","30","2"
"20232","11305615","수유1동","1101","489","612","0","80","183","305","360","173","0","8","67","120","154","140","0","72","116","185","206","33"
"20232","11320690","방학1동","3274","1905","1369","0","322","725","805","993","429","0","176","418","418","564","329","0","146","307","387","429","100"
"20232","11290780","장위3동","284","181","103","0","36","53","64","74","57","0","10","28","38","48","57","0","26","25","26","26","0"
"20232","11320660","쌍문1동","670","322","348","0","60","108","190","204","108","0","2","37","71","106","106","0","58","71","119","98","2"
"20232","11350560","월계1동","1519","826","693","0","240","367","402","291","219","0","109","223","201","147","146","0","131","144","201","144","73"
"20232","11380520","불광1동","1996","863","1133","0","275","482","542","464","233","0","96","210","235","204","118","0","179","272","307","260","115"
"20232","11380625","역촌동","3260","1563","1697","0","528","665","857","756","454","0","174","296","399","366","328","0","354","369","458","390","126"
"20232","11380600","응암3동","1302","630","672","0","98","317","400","329","158","0","24","158","179","150","119","0","74","159","221","179","39"
"20232","11410585","신촌동","1565","840","725","0","241","434","411","341","138","0","88","188","211","234","119","0","153","246","200","107","19"
"20232","11380570","대조동","2110","1054","1056","0","222","467","585","505","331","0","72","230","278","227","247","0","150","237","307","278","84"
"20232","11440680","합정동","5199","2913","2286","0","859","1516","1368","947","509","0","326","749","856","623","359","0","533","767","512","324","150"
"20232","11440590","용강동","10958","6512","4446","0","1609","2699","2597","2173","1880","0","784","1602","1718","1264","1144","0","825","1097","879","909","736"
"20232","11470520","목2동","3493","1953","1540","0","490","853","930","801","419","0","232","466","519","459","277","0","258","387","411","342","142"
"20232","11500550","화곡2동","2050","1262","788","0","252","570","536","498","194","0","152","381","333","262","134","0","100","189","203","236","60"
"20232","11500591","화곡6동","4632","2952","1680","0","646","1244","1189","1057","496","0","321","794","760","698","379","0","325","450","429","359","117"
"20232","11500630","방화1동","3807","3012","795","0","373","812","949","1112","561","0","282","673","762","925","370","0","91","139","187","187","191"
"20232","11530550","구로4동","1586","896","690","0","132","327","411","409","307","0","49","189","217","217","224","0","83","138","194","192","83"
"20232","11530780","오류2동","678","418","260","0","60","154","183","174","107","0","26","87","107","111","87","0","34","67","76","63","20"
"20232","11530770","오류1동","3310","2119","1191","0","425","614","819","965","487","0","310","417","490","558","344","0","115","197","329","407","143"
"20232","11560605","문래동","50992","37032","13960","35","7887","16667","15712","8030","2661","10","4403","12666","12831","5442","1680","25","3484","4001","2881","2588","981"
"20232","11545620","독산2동","1566","900","666","0","161","324","380","488","213","0","88","143","190","296","183","0","73","181","190","192","30"
"20232","11545630","독산3동","3350","2448","902","0","234","502","601","669","1344","0","125","313","327","402","1281","0","109","189","274","267","63"
"20232","11560700","대림1동","1358","503","855","0","453","316","303","215","71","0","80","107","150","108","58","0","373","209","153","107","13"
"20232","11560560","당산2동","10688","7177","3511","2","1665","2411","2598","2373","1639","1","847","1510","1819","1742","1258","1","818","901","779","631","381"
"20232","11620585","낙성대동","6105","3366","2739","0","986","2102","1312","939","766","0","446","1105","683","540","592","0","540","997","629","399","174"
"20232","11620630","남현동","3416","2275","1141","0","568","861","933","672","382","0","312","586","659","442","276","0","256","275","274","230","106"
"20232","11620655","신원동","467","292","175","0","17","110","132","128","80","0","14","64","83","79","52","0","3","46","49","49","28"
"20232","11620725","조원동","2908","1832","1076","0","555","721","714","625","293","0","251","475","463","424","219","0","304","246","251","201","74"
"20232","11680630","대치4동","32469","19973","12496","83","5207","9686","8848","5520","3125","0","2235","5863","6060","3871","1944","83","2972","3823","2788","1649","1181"
"20232","11680545","압구정동","38898","21880","17018","159","8652","12153","8931","5850","3153","50","3209","6828","6007","3839","1947","109","5443","5325","2924","2011","1206"
"20232","11680521","논현1동","40540","23732","16808","13","10620","12219","8633","5632","3423","0","4524","7257","5821","3633","2497","13","6096","4962","2812","1999","926"
"20232","11710580","송파1동","11606","7251","4355","0","1651","2600","2885","2527","1943","0","706","1536","1879","1698","1432","0","945","1064","1006","829","511"
"20232","11650600","방배1동","16740","11094","5646","52","3316","5157","4071","3041","1103","45","1574","3143","3001","2501","830","7","1742","2014","1070","540","273"
"20232","11650570","반포2동","3273","1949","1324","4","550","1016","851","549","303","2","241","614","548","331","213","2","309","402","303","218","90"
"20232","11680650","역삼2동","47819","28344","19475","132","11017","13290","11372","8475","3533","42","5317","8508","7558","4433","2486","90","5700","4782","3814","4042","1047"
"20232","11740700","둔촌2동","2509","1125","1384","0","473","663","546","524","303","0","125","273","273","251","203","0","348","390","273","273","100"
"20232","11710520","풍납2동","476","234","242","0","104","163","118","72","19","0","28","85","62","44","15","0","76","78","56","28","4"
"20232","11110615","종로1?2?3?4가동","116022","63962","52060","1532","23530","35387","31829","18187","5557","638","10261","17769","18671","12832","3791","894","13269","17618","13158","5355","1766"
"20232","11110630","종로5?6가동","19116","11964","7152","437","4501","5551","4724","2880","1023","89","1867","3578","3463","2243","724","348","2634","1973","1261","637","299"
"20232","11110560","평창동","14279","8020","6259","0","1761","3843","4697","3106","872","0","843","1966","2776","1865","570","0","918","1877","1921","1241","302"
"20232","11140550","명동","116772","67593","49179","47","19111","39342","31695","20800","5777","2","7631","20277","20428","15335","3920","45","11480","19065","11267","5465","1857"
"20232","11140605","을지로동","15783","8617","7166","1","3824","3833","3449","2759","1917","0","989","2119","2248","1916","1345","1","2835","1714","1201","843","572"
"20232","11170590","용문동","2935","1709","1226","0","578","804","816","542","195","0","239","474","486","370","140","0","339","330","330","172","55"
"20232","11170560","원효로1동","2863","1970","893","0","441","790","752","529","351","0","258","572","529","368","243","0","183","218","223","161","108"
"20232","11140645","청구동","2264","1239","1025","0","331","599","533","485","316","0","112","311","334","298","184","0","219","288","199","187","132"
"20232","11200660","성수1가2동","5449","3782","1667","0","867","1119","1154","1184","1125","0","519","748","750","852","913","0","348","371","404","332","212"
"20232","11200550","사근동","363","265","98","0","8","61","127","122","45","0","1","38","90","95","41","0","7","23","37","27","4"
"20232","11200790","용답동","3446","2123","1323","12","875","981","710","539","329","0","378","644","483","349","269","12","497","337","227","190","60"
"20232","11200560","행당1동","1467","1007","460","0","180","307","382","423","175","0","90","192","267","323","135","0","90","115","115","100","40"
"20232","11215860","구의2동","2394","1524","870","0","336","411","623","660","364","0","169","229","419","438","269","0","167","182","204","222","95"
"20232","11215870","구의3동","10223","6250","3973","1","1197","2155","2472","2571","1827","0","687","1510","1681","1329","1043","1","510","645","791","1242","784"
"20232","11230720","휘경1동","696","425","271","0","60","142","180","183","131","0","15","88","117","129","76","0","45","54","63","54","55"
"20232","11215710","화양동","1100","752","348","0","125","162","285","354","174","0","45","89","200","257","161","0","80","73","85","97","13"
"20232","11260680","신내1동","1909","908","1001","0","335","419","344","512","299","0","83","173","163","254","235","0","252","246","181","258","64"
"20232","11290580","돈암1동","123","57","66","0","36","38","25","17","7","0","9","19","13","9","7","0","27","19","12","8","0"
"20232","11290600","안암동","1815","1219","596","0","228","492","528","406","161","0","116","312","344","300","147","0","112","180","184","106","14"
"20232","11290630","정릉2동","1298","547","751","0","196","322","367","292","121","0","24","130","142","136","115","0","172","192","225","156","6"
"20232","11350700","상계8동","528","278","250","0","74","153","129","119","53","0","27","97","54","65","35","0","47","56","75","54","18"
"20232","11380590","응암2동","423","283","140","0","47","47","104","130","95","0","27","27","64","79","86","0","20","20","40","51","9"
"20232","11410620","홍제1동","2497","1282","1215","0","268","383","639","853","354","0","75","172","333","475","227","0","193","211","306","378","127"
"20232","11410565","충현동","8579","5336","3243","0","1066","2192","2270","2039","1012","0","502","1330","1440","1342","722","0","564","862","830","697","290"
"20232","11440610","염리동","2000","1337","663","12","378","456","407","442","305","4","190","310","308","310","215","8","188","146","99","132","90"
"20232","11470650","신정4동","5429","3007","2422","0","903","966","1051","1156","1353","0","250","469","538","629","1121","0","653","497","513","527","232"
"20232","11500605","가양3동","747","480","267","2","125","166","210","154","90","1","82","111","134","91","61","1","43","55","76","63","29"
"20232","11500540","화곡1동","4239","2398","1841","0","390","876","1066","1221","686","0","172","517","582","687","440","0","218","359","484","534","246"
"20232","11530750","개봉2동","7124","3527","3597","2","1269","1730","1703","1695","725","0","721","1105","757","568","376","2","548","625","946","1127","349"
"20232","11500590","화곡본동","2359","1377","982","0","213","460","590","599","497","0","70","277","340","318","372","0","143","183","250","281","125"
"20232","11590620","사당1동","3588","1918","1670","0","585","911","982","653","457","0","169","446","495","407","401","0","416","465","487","246","56"
"20232","11560610","양평1동","8694","5045","3649","10","1729","2006","1930","1748","1271","4","882","1282","1155","898","824","6","847","724","775","850","447"
"20232","11590540","상도2동","839","432","407","0","89","207","229","214","100","0","39","107","122","107","57","0","50","100","107","107","43"
"20232","11590680","신대방2동","7519","4788","2731","12","1375","1565","1411","1762","1394","6","1041","1202","899","897","743","6","334","363","512","865","651"
"20232","11590605","흑석동","115","71","44","0","7","29","38","28","13","0","4","16","23","15","13","0","3","13","15","13","0"
"20232","11620615","중앙동","1085","499","586","0","116","185","258","317","209","0","42","90","120","149","98","0","74","95","138","168","111"
"20232","11650590","방배본동","24244","13414","10830","61","4552","6259","6450","4340","2582","55","1546","3264","3755","2816","1978","6","3006","2995","2695","1524","604"
"20232","11680610","대치2동","55807","31219","24588","318","10135","15363","12866","10519","6606","137","4668","9406","8270","5431","3307","181","5467","5957","4596","5088","3299"
"20232","11650651","양재1동","20452","13222","7230","252","4799","5670","4626","3057","2048","121","2433","3806","3274","2038","1550","131","2366","1864","1352","1019","498"
"20232","11650581","반포4동","55827","49277","6550","18","5583","11858","15064","20760","2544","5","4238","9868","13367","19731","2068","13","1345","1990","1697","1029","476"
"20232","11650580","반포3동","3075","1717","1358","1","490","783","682","614","505","0","208","462","451","357","239","1","282","321","231","257","266"
"20232","11650550","반포본동","10981","5981","5000","17","1816","3625","3139","1877","507","10","663","1979","1760","1176","393","7","1153","1646","1379","701","114"
"20232","11710620","가락본동","26378","15951","10427","4","3589","6356","6047","5171","5211","0","1718","3965","4051","3002","3215","4","1871","2391","1996","2169","1996"
"20232","11680600","대치1동","23114","12313","10801","26","4230","7550","5766","3596","1946","6","1589","3746","3261","2300","1411","20","2641","3804","2505","1296","535"
"20232","11740610","천호2동","2988","1550","1438","0","321","639","778","708","542","0","117","295","383","353","402","0","204","344","395","355","140"
"20232","11740620","천호3동","1149","663","486","0","40","112","191","201","605","0","9","51","94","103","406","0","31","61","97","98","199"
"20232","11740650","성내2동","1864","1227","637","0","299","391","438","374","362","0","217","256","258","253","243","0","82","135","180","121","119"
"20232","11740520","상일동","1573","796","777","0","231","352","389","415","186","0","82","176","231","189","118","0","149","176","158","226","68"
"20232","11710670","잠실2동","3847","2566","1281","3","737","1119","1010","767","211","3","463","786","686","505","123","0","274","333","324","262","88"
"20232","11140665","동화동","1134","507","627","0","181","272","296","245","140","0","49","91","144","132","91","0","132","181","152","113","49"
"20232","11170700","보광동","412","215","197","0","42","88","122","111","49","0","0","42","65","66","42","0","42","46","57","45","7"
"20232","11170640","이촌2동","2283","1549","734","0","329","628","674","495","157","0","151","396","507","382","113","0","178","232","167","113","44"
"20232","11200615","금호2?3가동","352","191","161","0","31","56","90","85","90","0","0","17","45","50","79","0","31","39","45","35","11"
"20232","11230600","답십리1동","2158","1033","1125","0","312","444","606","576","220","0","214","297","218","153","151","0","98","147","388","423","69"
"20232","11230610","답십리2동","2990","2217","773","0","471","683","704","622","510","0","366","530","515","433","373","0","105","153","189","189","137"
"20232","11215840","자양3동","1940","1424","516","0","226","511","555","489","159","0","142","362","415","369","136","0","84","149","140","120","23"
"20232","11215740","중곡1동","3882","1884","1998","16","1029","751","775","921","390","0","438","402","381","371","292","16","591","349","394","550","98"
"20232","11230536","용신동","19606","10142","9464","0","2377","4361","4853","4832","3183","0","1124","2499","2559","2214","1746","0","1253","1862","2294","2618","1437"
"20232","11260575","면목3?8동","1718","1119","599","0","123","303","465","482","345","0","25","159","283","369","283","0","98","144","182","113","62"
"20232","11215770","중곡4동","3258","1603","1655","0","558","802","850","767","281","0","146","370","416","418","253","0","412","432","434","349","28"
"20232","11290810","석관동","2257","1613","644","0","99","305","412","476","965","0","48","206","245","320","794","0","51","99","167","156","171"
"20232","11305595","번1동","1918","1177","741","0","204","390","376","529","419","0","84","250","236","357","250","0","120","140","140","172","169"
"20232","11290650","정릉4동","844","524","320","0","51","128","209","281","175","0","8","64","135","192","125","0","43","64","74","89","50"
"20232","11380631","신사1동","1361","722","639","0","127","294","316","343","281","0","44","146","170","164","198","0","83","148","146","179","83"
"20232","11305545","송중동","1098","543","555","0","75","170","343","309","201","0","20","61","151","151","160","0","55","109","192","158","41"
"20232","11305555","송천동","593","322","271","0","8","66","115","179","225","0","0","24","48","116","134","0","8","42","67","63","91"
"20232","11350611","하계1동","532","340","192","0","60","110","138","152","72","0","30","64","83","107","56","0","30","46","55","45","16"
"20232","11410660","홍은1동","2819","549","2270","0","90","206","774","1356","393","0","30","66","142","163","148","0","60","140","632","1193","245"
"20232","11410555","북아현동","963","713","250","0","95","229","270","272","97","0","37","173","212","213","78","0","58","56","58","59","19"
"20232","11440565","공덕동","8589","4962","3627","5","1920","2361","2346","1516","441","0","756","1250","1494","1133","329","5","1164","1111","852","383","112"
"20232","11380560","구산동","1573","841","732","0","186","294","349","506","238","0","69","130","166","315","161","0","117","164","183","191","77"
"20232","11470590","신월4동","1229","847","382","0","46","144","296","405","338","0","16","79","171","277","304","0","30","65","125","128","34"
"20232","11500640","방화2동","1702","1161","541","1","152","325","390","472","362","1","92","204","262","307","295","0","60","121","128","165","67"
"20232","11500510","염창동","2133","992","1141","0","334","626","634","361","178","0","122","275","255","199","141","0","212","351","379","162","37"
"20232","11500593","화곡8동","1587","874","713","0","213","437","468","280","189","0","96","234","234","175","135","0","117","203","234","105","54"
"20232","11530540","구로3동","61432","40299","21133","207","12775","20722","15572","7630","4526","139","6459","13751","10981","5328","3641","68","6316","6971","4591","2302","885"
"20232","11545690","시흥3동","1819","1081","738","0","131","266","421","476","525","0","70","174","244","260","333","0","61","92","177","216","192"
"20232","11590510","노량진1동","3694","2064","1630","0","476","887","936","891","504","0","198","507","565","483","311","0","278","380","371","408","193"
"20232","11590670","신대방1동","2507","1595","912","0","473","809","587","404","234","0","242","524","406","264","159","0","231","285","181","140","75"
"20232","11620565","성현동","1578","593","985","1","227","276","364","481","229","1","102","144","164","130","52","0","125","132","200","351","177"
"20232","11620775","난곡동","951","540","411","0","64","206","234","317","130","0","17","106","116","186","115","0","47","100","118","131","15"
"20232","11620595","청룡동","3818","2100","1718","0","620","1091","921","879","307","0","238","555","512","574","221","0","382","536","409","305","86"
"20232","11620525","보라매동","3041","1567","1474","0","376","705","730","778","452","0","146","357","373","369","322","0","230","348","357","409","130"
"20232","11620625","인헌동","1560","916","644","0","321","469","406","236","128","0","147","295","245","121","108","0","174","174","161","115","20"
"20232","11590530","상도1동","2904","1685","1219","0","455","717","709","644","379","0","199","400","432","396","258","0","256","317","277","248","121"
"20232","11650520","서초2동","47409","31490","15919","87","9934","15641","11873","7269","2605","21","5430","10560","8164","5451","1864","66","4504","5081","3709","1818","741"
"20232","11650540","잠원동","14579","8455","6124","6","3038","4312","3608","2251","1364","3","1198","2528","2393","1411","922","3","1840","1784","1215","840","442"
"20232","11620545","청림동","327","186","141","0","49","108","108","49","13","0","22","61","64","31","8","0","27","47","44","18","5"
"20232","11680590","삼성2동","53614","30826","22788","70","10816","17398","13626","7591","4113","25","4487","10237","9101","4259","2717","45","6329","7161","4525","3332","1396"
"20232","11710650","잠실본동","11094","7132","3962","0","1493","2132","2602","2475","2392","0","658","1305","1636","1709","1824","0","835","827","966","766","568"
"20232","11740570","암사1동","2741","1682","1059","0","357","588","570","550","676","0","174","388","363","369","388","0","183","200","207","181","288"
"20232","11710690","잠실4동","4925","3955","970","24","658","1547","1430","1044","222","10","473","1269","1179","852","172","14","185","278","251","192","50"
"20232","11110680","창신2동","92","16","76","0","0","0","23","52","17","0","0","0","4","12","0","0","0","0","19","40","17"
"20232","11140590","광희동","54531","27160","27371","496","15661","14374","11209","8625","4166","201","7610","8363","6475","2933","1578","295","8051","6011","4734","5692","2588"
"20232","11110600","가회동","11445","8528","2917","1","1223","3951","3439","2148","683","1","631","2904","2695","1770","527","0","592","1047","744","378","156"
"20232","11110540","삼청동","4036","3332","704","0","481","1082","1272","961","240","0","311","836","1097","867","221","0","170","246","175","94","19"
"20232","11110710","숭인2동","1552","787","765","0","223","277","369","374","309","0","62","130","207","222","166","0","161","147","162","152","143"
"20232","11170650","이태원1동","21112","9294","11818","0","6203","8095","4127","2053","634","0","1617","3386","2290","1491","510","0","4586","4709","1837","562","124"
"20232","11170555","청파동","3565","1916","1649","0","535","922","858","772","478","0","178","422","457","479","380","0","357","500","401","293","98"
"20232","11200650","성수1가1동","2404","1514","890","0","291","510","543","651","409","0","134","319","349","445","267","0","157","191","194","206","142"
"20232","11140580","장충동","5961","3153","2808","7","1369","1643","1547","1141","254","0","481","919","919","660","174","7","888","724","628","481","80"
"20232","11200690","성수2가3동","22647","14522","8125","28","3727","5770","5670","4548","2904","28","2070","3857","3817","2743","2007","0","1657","1913","1853","1805","897"
"20232","11200535","왕십리도선동","3003","1377","1626","0","496","579","626","746","556","0","167","321","339","315","235","0","329","258","287","431","321"
"20232","11215830","자양2동","2595","1626","969","0","357","588","684","683","283","0","247","378","404","374","223","0","110","210","280","309","60"
"20232","11260620","묵1동","900","420","480","0","87","215","273","220","105","0","26","100","116","100","78","0","61","115","157","120","27"
"20232","11260580","상봉1동","1902","1375","527","0","203","323","398","525","453","0","142","209","229","374","421","0","61","114","169","151","32"
"20232","11260610","중화2동","542","347","195","0","25","49","172","133","163","0","12","20","86","86","143","0","13","29","86","47","20"
"20232","11290685","길음2동","381","151","230","0","22","74","114","121","50","0","8","25","54","39","25","0","14","49","60","82","25"
"20232","11305660","인수동","2776","1672","1104","0","211","552","747","853","413","0","55","309","465","514","329","0","156","243","282","339","84"
"20232","11320700","방학2동","629","272","357","0","18","128","167","130","186","0","0","64","72","64","72","0","18","64","95","66","114"
"20232","11290770","장위2동","749","491","258","0","21","122","201","201","204","0","0","61","118","133","179","0","21","61","83","68","25"
"20232","11320512","창2동","981","569","412","0","109","225","277","239","131","0","46","137","155","121","110","0","63","88","122","118","21"
"20232","11320513","창3동","581","320","261","0","22","115","226","182","36","0","0","73","131","80","36","0","22","42","95","102","0"
"20232","11320681","쌍문4동","248","129","119","0","24","61","70","66","27","0","6","29","35","35","24","0","18","32","35","31","3"
"20232","11320515","창5동","5092","3231","1861","0","569","1144","1254","1089","1036","0","294","788","848","597","704","0","275","356","406","492","332"
"20232","11350695","상계6?7동","3853","1705","2148","0","540","911","993","982","427","0","139","347","448","530","241","0","401","564","545","452","186"
"20232","11380552","갈현2동","2981","1543","1438","0","270","597","808","814","492","0","126","335","384","358","340","0","144","262","424","456","152"
"20232","11350710","상계9동","1278","806","472","0","162","321","321","361","113","0","89","203","188","239","87","0","73","118","133","122","26"
"20232","11320522","도봉2동","842","542","300","0","32","100","145","217","348","0","11","50","80","144","257","0","21","50","65","73","91"
"20232","11380632","신사2동","977","717","260","0","90","194","259","254","180","0","79","138","150","176","174","0","11","56","109","78","6"
"20232","11410710","북가좌1동","346","286","60","0","3","11","37","74","221","0","0","4","17","53","212","0","3","7","20","21","9"
"20232","11350624","중계4동","1352","743","609","0","128","276","319","362","267","0","45","132","169","192","205","0","83","144","150","170","62"
"20232","11440740","상암동","12214","7523","4691","22","2587","4458","3331","1374","442","10","1136","2815","2216","974","372","12","1451","1643","1115","400","70"
"20232","11440720","성산1동","4578","3059","1519","0","567","956","1061","891","1103","0","281","596","676","626","880","0","286","360","385","265","223"
"20232","11470580","신월3동","1063","631","432","0","87","196","243","339","198","0","27","83","130","218","173","0","60","113","113","121","25"
"20232","11470600","신월5동","1344","758","586","0","153","352","349","344","146","0","68","176","182","207","125","0","85","176","167","137","21"
"20232","11470510","목1동","14314","9293","5021","11","2481","3905","3582","2919","1416","8","1159","2564","2540","2099","923","3","1322","1341","1042","820","493"
"20232","11470680","신정7동","181","107","74","0","21","45","54","41","20","0","10","25","32","25","15","0","11","20","22","16","5"
"20232","11410640","홍제3동","692","341","351","0","42","75","140","191","244","0","6","27","62","100","146","0","36","48","78","91","98"
"20232","11500611","발산1동","3925","2299","1626","0","211","563","1059","1311","781","0","83","283","510","770","653","0","128","280","549","541","128"
"20232","11530760","개봉3동","1510","935","575","0","185","386","397","331","211","0","92","244","244","189","166","0","93","142","153","142","45"
"20232","11530720","고척1동","2509","1793","716","0","217","514","660","765","353","0","114","347","462","579","291","0","103","167","198","186","62"
"20232","11530740","개봉1동","6356","3708","2648","0","527","1369","1533","1703","1224","0","272","764","782","967","923","0","255","605","751","736","301"
"20232","11590660","대방동","8512","5697","2815","0","1412","2326","2008","1909","857","0","754","1598","1407","1389","549","0","658","728","601","520","308"
"20232","11470640","신정3동","2016","1454","562","0","158","385","509","432","532","0","75","238","348","307","486","0","83","147","161","125","46"
"20232","11560690","신길7동","2532","1744","788","0","284","483","573","734","458","0","178","334","389","471","372","0","106","149","184","263","86"
"20232","11590520","노량진2동","3449","1795","1654","0","546","1020","840","709","334","0","284","448","383","457","223","0","262","572","457","252","111"
"20232","11560680","신길6동","2180","1394","786","0","210","532","583","480","375","0","104","332","359","306","293","0","106","200","224","174","82"
"20232","11560540","여의동","194725","138166","56559","462","35804","69784","50067","29859","8749","172","19760","49880","38664","23762","5928","290","16044","19904","11403","6097","2821"
"20232","11590550","상도3동","829","489","340","0","39","162","237","204","187","0","25","119","143","102","100","0","14","43","94","102","87"
"20232","11620665","서림동","1621","924","697","0","226","286","414","359","336","0","113","150","222","216","223","0","113","136","192","143","113"
"20232","11650621","방배4동","16058","9944","6114","0","2777","4453","4008","3066","1754","0","1172","2623","2722","2156","1271","0","1605","1830","1286","910","483"
"20232","11590640","사당3동","1344","781","563","0","157","299","368","321","199","0","55","159","225","188","154","0","102","140","143","133","45"
"20232","11590651","사당5동","2139","1173","966","0","240","545","668","522","164","0","108","250","348","307","160","0","132","295","320","215","4"
"20232","11650530","서초3동","59412","35282","24130","41","10230","17837","15242","10846","5216","5","4326","10391","9744","7075","3741","36","5904","7446","5498","3771","1475"
"20232","11680655","도곡1동","29972","21237","8735","44","5121","6976","8361","7595","1875","42","2597","4570","6286","6219","1523","2","2524","2406","2075","1376","352"
"20232","11680510","신사동","28397","16958","11439","0","5916","8607","7258","4335","2281","0","2301","5256","4858","2840","1703","0","3615","3351","2400","1495","578"
"20232","11680640","역삼1동","149163","88268","60895","245","30132","45379","38443","26077","8887","71","14435","28312","25093","14123","6234","174","15697","17067","13350","11954","2653"
"20232","11680670","개포2동","8866","5810","3056","7","1556","2526","2125","1649","1003","0","830","1689","1463","1052","776","7","726","837","662","597","227"
"20232","11680700","세곡동","295","173","122","0","12","55","62","89","77","0","4","29","36","53","51","0","8","26","26","36","26"
"20232","11710641","문정1동","31928","24678","7250","0","2896","5964","9198","12056","1814","0","1707","4304","7159","10332","1176","0","1189","1660","2039","1724","638"
"20232","11710631","가락1동","4845","3390","1455","0","330","901","1334","1389","891","0","222","690","983","912","583","0","108","211","351","477","308"
"20232","11740580","암사2동","2218","804","1414","0","219","369","525","668","437","0","77","172","210","192","153","0","142","197","315","476","284"
"20232","11710510","풍납1동","778","452","326","0","87","175","214","217","85","0","47","98","116","117","74","0","40","77","98","100","11"
"20232","11740685","길동","8662","4398","4264","0","1221","1732","1974","2122","1613","0","471","927","1056","971","973","0","750","805","918","1151","640"
"20232","11740660","성내3동","3924","2375","1549","0","533","889","993","832","677","0","281","571","603","471","449","0","252","318","390","361","228"
"20232","11710710","잠실6동","61653","32848","28805","116","9814","16363","17589","15727","2044","35","4542","10057","10152","6525","1537","81","5272","6306","7437","9202","507"
"20232","11140625","다산동","6586","4180","2406","0","1159","2129","1605","1147","546","0","473","1463","1134","704","406","0","686","666","471","443","140"
"20232","11110580","교남동","664","395","269","0","67","171","185","139","102","0","19","86","111","95","84","0","48","85","74","44","18"
"20232","11110640","이화동","1835","1019","816","0","275","463","474","389","234","0","85","210","280","263","181","0","190","253","194","126","53"
"20232","11170685","한남동","36545","26809","9736","29","6020","10850","9621","8409","1616","27","2856","7236","7814","7554","1322","2","3164","3614","1807","855","294"
"20232","11140680","중림동","2664","1485","1179","0","560","855","695","366","188","0","254","463","387","243","138","0","306","392","308","123","50"
"20232","11200645","옥수동","2054","793","1261","0","529","610","466","307","142","0","134","226","218","143","72","0","395","384","248","164","70"
"20232","11230710","회기동","74","35","39","0","2","17","23","21","11","0","0","4","10","10","11","0","2","13","13","11","0"
"20232","11260660","망우3동","322","178","144","0","8","35","84","117","78","0","0","10","36","66","66","0","8","25","48","51","12"
"20232","11260565","면목본동","954","536","418","0","80","243","277","250","104","0","9","124","150","150","103","0","71","119","127","100","1"
"20232","11290555","삼선동","4554","2270","2284","0","459","1106","1391","1154","444","0","148","471","668","723","260","0","311","635","723","431","184"
"20232","11305603","번2동","406","191","215","0","50","50","116","129","61","0","18","26","50","62","35","0","32","24","66","67","26"
"20232","11305534","삼양동","210","139","71","0","14","33","59","58","46","0","3","16","32","42","46","0","11","17","27","16","0"
"20232","11305608","번3동","236","131","105","0","22","38","60","68","48","0","8","18","34","37","34","0","14","20","26","31","14"
"20232","11290620","정릉1동","620","341","279","0","67","110","138","180","125","0","8","37","69","112","115","0","59","73","69","68","10"
"20232","11350630","상계1동","3876","2467","1409","0","451","810","932","984","699","0","266","544","610","618","429","0","185","266","322","366","270"
"20232","11350570","월계2동","73","36","37","0","8","17","21","20","7","0","2","7","9","11","7","0","6","10","12","9","0"
"20232","11350665","상계3?4동","628","469","159","0","13","34","169","261","151","0","1","17","110","202","139","0","12","17","59","59","12"
"20232","11350670","상계5동","1039","529","510","0","10","68","175","286","500","0","2","43","75","128","281","0","8","25","100","158","219"
"20232","11350720","상계10동","482","202","280","0","74","103","129","140","36","0","15","43","49","67","28","0","59","60","80","73","8"
"20232","11380690","진관동","890","466","424","0","77","222","253","221","117","0","35","141","141","90","59","0","42","81","112","131","58"
"20232","11410615","연희동","8187","5413","2774","0","1293","2041","1762","2292","799","0","722","1370","1104","1648","569","0","571","671","658","644","230"
"20232","11440585","도화동","11392","6924","4468","0","2104","2775","2865","2551","1097","0","1100","1906","1885","1325","708","0","1004","869","980","1226","389"
"20232","11350621","중계1동","1302","716","586","0","170","287","391","327","127","0","73","157","206","179","101","0","97","130","185","148","26"
"20232","11500530","등촌2동","2692","1594","1098","0","313","536","653","698","492","0","124","293","391","446","340","0","189","243","262","252","152"
"20232","11500535","등촌3동","7914","4190","3724","0","996","1686","1773","1950","1509","0","437","919","1036","948","850","0","559","767","737","1002","659"
"20232","11500560","화곡3동","3629","2236","1393","0","502","876","928","838","485","0","270","580","563","473","350","0","232","296","365","365","135"
"20232","11560585","도림동","560","384","176","0","20","89","148","162","141","0","3","59","103","108","111","0","17","30","45","54","30"
"20232","11530595","가리봉동","709","331","378","0","23","123","171","158","234","0","5","59","74","61","132","0","18","64","97","97","102"
"20232","11560710","대림2동","3551","1806","1745","0","657","854","793","541","706","0","255","455","338","302","456","0","402","399","455","239","250"
"20232","11560650","신길3동","396","313","83","0","1","55","100","114","126","0","0","43","74","82","114","0","1","12","26","32","12"
"20232","11620645","서원동","2222","900","1322","0","417","481","403","503","418","0","91","188","203","182","236","0","326","293","200","321","182"
"20232","11620745","삼성동","886","504","382","0","80","174","254","250","128","0","34","86","134","136","114","0","46","88","120","114","14"
"20232","11620605","은천동","932","444","488","0","127","175","194","260","176","0","43","81","99","117","104","0","84","94","95","143","72"
"20232","11590650","사당4동","1156","597","559","0","108","170","269","225","384","0","41","87","114","101","254","0","67","83","155","124","130"
"20232","11650531","서초4동","41528","23746","17782","127","8112","12722","10445","7356","2766","54","3082","7267","6777","4616","1950","73","5030","5455","3668","2740","816"
"20232","11680690","개포4동","6664","4814","1850","0","811","1508","1885","1589","871","0","404","1013","1430","1244","723","0","407","495","455","345","148"
"20232","11710532","거여2동","1455","753","702","0","181","239","363","437","235","0","101","142","183","199","128","0","80","97","180","238","107"
"20232","11710550","마천2동","1669","1089","580","0","120","403","490","449","207","0","73","257","281","277","201","0","47","146","209","172","6"
"20232","11710590","송파2동","4474","2823","1651","9","707","1113","1174","1071","400","9","341","705","847","670","251","0","366","408","327","401","149"
"20232","11710646","장지동","4086","2801","1285","0","435","648","974","1081","948","0","244","436","655","762","704","0","191","212","319","319","244"
"20232","11710566","오륜동","19415","11255","8160","25","3149","5872","5041","3884","1444","8","1268","3056","3242","2573","1108","17","1881","2816","1799","1311","336"
"20233","11140520","소공동","81642","43347","38295","440","23620","25767","17953","10800","3062","117","7678","12823","12808","7884","2037","323","15942","12944","5145","2916","1025"
"20233","11110530","사직동","35094","21967","13127","14","4645","9916","10573","6962","2984","0","1947","6096","7231","4857","1836","14","2698","3820","3342","2105","1148"
"20233","11170570","원효로2동","2980","2170","810","0","470","916","836","481","277","0","274","655","647","364","230","0","196","261","189","117","47"
"20233","11170690","서빙고동","8230","5408","2822","1","1464","2458","2547","1300","460","0","705","1437","1862","1042","362","1","759","1021","685","258","98"
"20233","11215847","자양4동","561","446","115","0","2","53","149","172","185","0","0","38","101","127","180","0","2","15","48","45","5"
"20233","11230560","전농1동","592","439","153","0","40","76","193","202","81","0","31","55","153","151","49","0","9","21","40","51","32"
"20233","11230750","이문2동","246","129","117","0","28","54","56","65","43","0","8","26","26","36","33","0","20","28","30","29","10"
"20233","11260655","망우본동","1519","804","715","0","135","278","359","490","257","0","24","102","169","273","236","0","111","176","190","217","21"
"20233","11260590","상봉2동","4535","3199","1336","0","532","1185","1522","1045","251","0","310","844","1033","777","235","0","222","341","489","268","16"
"20233","11260630","묵2동","1328","926","402","0","188","331","320","379","110","0","111","225","211","282","97","0","77","106","109","97","13"
"20233","11290575","동선동","1953","966","987","0","245","411","449","504","344","0","72","175","219","281","219","0","173","236","230","223","125"
"20233","11290610","보문동","3655","2773","882","0","342","1086","768","766","693","0","187","869","618","618","481","0","155","217","150","148","212"
"20233","11290725","월곡2동","2297","1463","834","0","370","658","560","406","303","0","185","433","340","241","264","0","185","225","220","165","39"
"20233","11305535","미아동","1001","577","424","0","77","175","310","297","142","0","26","86","174","184","107","0","51","89","136","113","35"
"20233","11290640","정릉3동","341","263","78","0","46","109","86","64","36","0","30","81","70","54","28","0","16","28","16","10","8"
"20233","11320670","쌍문2동","984","570","414","0","89","163","247","297","188","0","14","75","130","192","159","0","75","88","117","105","29"
"20233","11350619","중계본동","807","385","422","0","86","162","203","245","111","0","41","82","85","109","68","0","45","80","118","136","43"
"20233","11320710","방학3동","1210","727","483","0","206","278","284","282","160","0","131","158","181","136","121","0","75","120","103","146","39"
"20233","11410685","홍은2동","1135","745","390","0","176","319","282","244","114","0","104","212","181","164","84","0","72","107","101","80","30"
"20233","11410700","남가좌2동","895","468","427","0","79","187","266","270","93","0","15","90","125","154","84","0","64","97","141","116","9"
"20233","11410720","북가좌2동","1478","753","725","0","200","292","342","389","255","0","39","148","195","211","160","0","161","144","147","178","95"
"20233","11410520","천연동","1093","596","497","0","85","181","288","388","151","0","25","84","162","228","97","0","60","97","126","160","54"
"20233","11350625","중계2?3동","1132","632","500","0","151","293","288","291","109","0","90","174","148","152","68","0","61","119","140","139","41"
"20233","11440655","서강동","3524","2235","1289","0","594","869","853","699","509","0","289","519","571","470","386","0","305","350","282","229","123"
"20233","11440710","연남동","2318","1456","862","0","370","557","582","500","309","0","159","299","349","354","295","0","211","258","233","146","14"
"20233","11440630","신수동","2518","1433","1085","0","299","705","710","621","183","0","109","333","407","437","147","0","190","372","303","184","36"
"20233","11410655","홍제2동","430","214","216","0","57","93","114","96","70","0","17","58","57","47","35","0","40","35","57","49","35"
"20233","11470630","신정2동","12000","6895","5105","5","2173","3906","3214","2123","579","0","878","2146","1990","1414","467","5","1295","1760","1224","709","112"
"20233","11530530","구로2동","11083","6869","4214","6","1320","2583","2789","2808","1577","3","613","1531","1678","1850","1194","3","707","1052","1111","958","383"
"20233","11545710","시흥5동","1523","940","583","0","186","373","413","328","223","0","102","255","255","170","158","0","84","118","158","158","65"
"20233","11530790","수궁동","1676","1147","529","0","156","324","385","487","324","0","98","208","243","331","267","0","58","116","142","156","57"
"20233","11545510","가산동","92030","60550","31480","289","18141","28614","22781","13483","8722","187","9624","19222","16434","8962","6121","102","8517","9392","6347","4521","2601"
"20233","11545640","독산4동","1392","813","579","0","151","239","295","331","376","0","101","144","180","161","227","0","50","95","115","170","149"
"20233","11560720","대림3동","5334","3504","1830","0","503","1120","1394","1291","1026","0","260","798","1009","821","616","0","243","322","385","470","410"
"20233","11560670","신길5동","986","474","512","0","68","216","346","257","99","0","28","97","125","130","94","0","40","119","221","127","5"
"20233","11590560","상도4동","885","533","352","0","107","215","234","217","112","0","53","124","139","159","58","0","54","91","95","58","54"
"20233","11560515","영등포본동","3682","2112","1570","0","508","929","958","904","383","0","211","471","556","573","301","0","297","458","402","331","82"
"20233","11620735","대학동","539","439","100","0","64","136","166","139","34","0","41","101","142","122","33","0","23","35","24","17","1"
"20233","11620765","미성동","2812","1691","1121","0","233","487","685","759","648","0","158","294","387","392","460","0","75","193","298","367","188"
"20233","11620715","난향동","676","332","344","0","72","150","196","147","111","0","14","68","81","76","93","0","58","82","115","71","18"
"20234","11140540","회현동","85852","53079","32773","161","16113","30338","23534","12471","3235","32","7524","18100","15335","9829","2259","129","8589","12238","8199","2642","976"
"20234","11110630","종로5?6가동","18119","11326","6793","400","4275","5242","4463","2757","982","76","1772","3372","3267","2139","700","324","2503","1870","1196","618","282"
"20234","11140625","다산동","5954","3783","2171","0","1053","1917","1452","1038","494","0","433","1319","1023","638","370","0","620","598","429","400","124"
"20234","11170700","보광동","316","168","148","0","31","66","98","87","34","0","0","31","53","53","31","0","31","35","45","34","3"
"20234","11110550","부암동","1055","591","464","0","177","310","291","201","76","0","70","172","165","126","58","0","107","138","126","75","18"
"20234","11170580","효창동","1148","663","485","0","158","297","316","250","127","0","78","174","190","126","95","0","80","123","126","124","32"
"20234","11170510","후암동","1618","964","654","0","235","366","465","383","169","0","77","217","307","225","138","0","158","149","158","158","31"
"20234","11200615","금호2?3가동","238","132","106","0","23","35","58","59","63","0","0","9","29","35","59","0","23","26","29","24","4"
"20234","11215870","구의3동","7778","4744","3034","0","918","1641","1879","1961","1379","0","521","1148","1274","1015","786","0","397","493","605","946","593"
"20234","11230750","이문2동","217","117","100","0","24","49","49","56","39","0","7","24","24","31","31","0","17","25","25","25","8"
"20234","11260520","면목2동","2968","1720","1248","0","126","479","695","990","678","0","0","213","355","583","569","0","126","266","340","407","109"
"20234","11260590","상봉2동","3451","2431","1020","0","410","897","1164","794","186","0","237","637","785","591","181","0","173","260","379","203","5"
"20234","11260660","망우3동","196","112","84","0","2","15","54","78","47","0","0","3","21","44","44","0","2","12","33","34","3"
"20234","11215710","화양동","750","511","239","0","83","112","195","246","114","0","26","60","138","180","107","0","57","52","57","66","7"
"20234","11260680","신내1동","1252","597","655","0","219","277","230","336","190","0","56","116","109","165","151","0","163","161","121","171","39"
"20234","11290555","삼선동","3678","1837","1841","0","378","891","1124","924","361","0","117","378","540","584","218","0","261","513","584","340","143"
"20234","11290715","월곡1동","1214","758","456","0","48","145","250","269","502","0","5","72","129","179","373","0","43","73","121","90","129"
"20234","11305603","번2동","1063","503","560","0","129","127","306","342","159","0","48","69","130","165","91","0","81","58","176","177","68"
"20234","11305608","번3동","511","281","230","0","52","83","125","148","103","0","19","40","70","82","70","0","33","43","55","66","33"
"20234","11290770","장위2동","668","452","216","0","8","110","189","184","177","0","0","55","111","124","162","0","8","55","78","60","15"
"20234","11350630","상계1동","3429","2169","1260","0","398","714","820","873","624","0","236","478","532","538","385","0","162","236","288","335","239"
"20234","11350695","상계6?7동","7209","3192","4017","0","1013","1698","1857","1839","802","0","263","648","838","992","451","0","750","1050","1019","847","351"
"20234","11350670","상계5동","866","436","430","0","5","39","150","247","425","0","1","27","59","107","242","0","4","12","91","140","183"
"20234","11350570","월계2동","21","10","11","0","2","5","6","6","2","0","0","2","3","3","2","0","2","3","3","3","0"
"20234","11350619","중계본동","642","308","334","0","67","131","162","194","88","0","32","66","69","86","55","0","35","65","93","108","33"
"20234","11380625","역촌동","2751","1312","1439","0","447","553","732","640","379","0","152","245","348","304","263","0","295","308","384","336","116"
"20234","11410710","북가좌1동","326","273","53","0","1","9","33","72","211","0","0","3","15","52","203","0","1","6","18","20","8"
"20234","11350625","중계2?3동","1011","562","449","0","136","262","258","258","97","0","81","155","132","134","60","0","55","107","126","124","37"
"20234","11470540","목4동","1884","1172","712","0","211","427","568","481","197","0","81","261","338","309","183","0","130","166","230","172","14"
"20234","11470530","목3동","1514","836","678","0","198","332","405","366","213","0","99","192","221","184","140","0","99","140","184","182","73"
"20234","11470680","신정7동","353","208","145","0","42","84","108","79","40","0","19","47","65","48","29","0","23","37","43","31","11"
"20234","11500590","화곡본동","2162","1261","901","0","192","425","541","545","459","0","57","253","315","289","347","0","135","172","226","256","112"
"20234","11530780","오류2동","714","443","271","0","65","162","186","185","116","0","29","94","108","118","94","0","36","68","78","67","22"
"20234","11530790","수궁동","1304","903","401","0","120","252","306","375","251","0","75","163","196","260","209","0","45","89","110","115","42"
"20234","11560550","당산1동","5713","3446","2267","0","976","1633","1279","1048","777","0","387","911","807","742","599","0","589","722","472","306","178"
"20234","11530510","신도림동","15684","10325","5359","0","2575","4881","3830","2852","1546","0","1067","3324","2768","1981","1185","0","1508","1557","1062","871","361"
"20234","11560630","신길1동","3295","1408","1887","0","572","815","743","647","518","0","149","387","347","264","261","0","423","428","396","383","257"
"20234","11590620","사당1동","2903","1557","1346","0","475","738","797","528","365","0","137","361","402","331","326","0","338","377","395","197","39"
"20234","11590520","노량진2동","3154","1642","1512","0","505","931","765","647","306","0","264","409","350","415","204","0","241","522","415","232","102"
"20234","11545680","시흥2동","732","429","303","0","75","148","183","217","109","0","41","85","103","126","74","0","34","63","80","91","35"
"20233","11620575","행운동","2475","1391","1084","0","366","613","590","565","341","0","179","349","316","294","253","0","187","264","274","271","88"
"20233","11650620","방배3동","13996","9177","4819","57","2199","4168","3801","2275","1496","15","1117","2616","2733","1571","1125","42","1082","1552","1068","704","371"
"20233","11680580","삼성1동","142941","96466","46475","333","28799","42874","38306","25377","7252","165","15476","28344","28250","19895","4336","168","13323","14530","10056","5482","2916"
"20233","11710531","거여1동","2894","2159","735","0","728","833","699","381","253","0","505","663","537","262","192","0","223","170","162","119","61"
"20233","11680565","청담동","56939","32636","24303","41","11873","18883","14172","8553","3417","6","4467","10789","9321","5660","2393","35","7406","8094","4851","2893","1024"
"20233","11710562","방이2동","41941","24102","17839","18","6770","10762","9470","8960","5961","18","3793","7010","5800","4195","3286","0","2977","3752","3670","4765","2675"
"20233","11680730","일원1동","1226","679","547","0","150","230","286","276","284","0","64","123","148","146","198","0","86","107","138","130","86"
"20233","11710610","삼전동","3627","2452","1175","0","428","826","819","734","820","0","246","541","535","450","680","0","182","285","284","284","140"
"20233","11740515","강일동","156","105","51","0","22","33","44","39","18","0","11","24","28","26","16","0","11","9","16","13","2"
"20233","11740550","고덕1동","812","421","391","0","89","180","209","194","140","0","37","102","104","89","89","0","52","78","105","105","51"
"20233","11740530","명일1동","3610","2015","1595","0","536","974","915","647","538","0","245","593","600","330","247","0","291","381","315","317","291"
"20233","11710680","잠실3동","29056","19707","9349","127","5298","7288","7242","5511","3590","58","2761","5046","5360","3950","2532","69","2537","2242","1882","1561","1058"
"20233","11110650","혜화동","4981","2432","2549","0","807","1369","1216","997","592","0","274","669","648","512","329","0","533","700","568","485","263"
"20233","11110700","숭인1동","254","112","142","0","46","56","60","58","34","0","0","24","30","31","27","0","46","32","30","27","7"
"20233","11140615","신당동","4548","2465","2083","4","1364","968","858","815","539","0","597","511","439","543","375","4","767","457","419","272","164"
"20233","11140670","황학동","733","532","201","0","98","220","206","134","75","0","72","143","134","108","75","0","26","77","72","26","0"
"20233","11140570","필동","12398","5839","6559","0","1788","3149","3821","2713","927","0","608","1559","1799","1275","598","0","1180","1590","2022","1438","329"
"20233","11170510","후암동","1833","1095","738","0","264","416","521","436","196","0","87","251","344","259","154","0","177","165","177","177","42"
"20233","11170660","이태원2동","926","527","399","0","143","331","256","131","65","0","65","182","137","78","65","0","78","149","119","53","0"
"20233","11200720","송정동","752","472","280","0","95","183","196","154","124","0","45","115","110","95","107","0","50","68","86","59","17"
"20233","11215730","군자동","1164","650","514","0","123","247","275","266","253","0","44","132","161","144","169","0","79","115","114","122","84"
"20233","11215780","능동","1521","952","569","0","213","360","400","309","239","0","103","215","255","187","192","0","110","145","145","122","47"
"20233","11230650","장안1동","9766","6178","3588","0","1315","1929","2119","2168","2235","0","793","1247","1327","1308","1503","0","522","682","792","860","732"
"20233","11260520","면목2동","962","559","403","0","42","158","226","318","218","0","0","72","115","188","184","0","42","86","111","130","34"
"20233","11230570","전농2동","1021","535","486","0","114","217","272","273","145","0","47","102","146","142","98","0","67","115","126","131","47"
"20233","11230705","청량리동","2651","1429","1222","0","455","806","509","491","390","0","161","470","286","282","230","0","294","336","223","209","160"
"20233","11215750","중곡2동","2256","1320","936","0","285","455","596","547","373","0","190","265","318","290","257","0","95","190","278","257","116"
"20233","11260600","중화1동","1019","540","479","0","99","224","270","247","179","0","30","86","128","142","154","0","69","138","142","105","25"
"20233","11290590","돈암2동","643","389","254","1","101","154","205","114","68","0","47","91","137","85","29","1","54","63","68","29","39"
"20233","11290715","월곡1동","1448","906","542","0","67","172","300","310","599","0","12","83","159","209","443","0","55","89","141","101","156"
"20233","11320511","창1동","947","427","520","0","128","194","256","264","105","0","45","76","114","123","69","0","83","118","142","141","36"
"20233","11290705","종암동","16140","8514","7626","0","1380","4103","5717","4612","328","0","591","1511","2613","3596","203","0","789","2592","3104","1016","125"
"20233","11305645","우이동","1487","940","547","0","39","89","204","376","779","0","1","39","111","269","520","0","38","50","93","107","259"
"20233","11305625","수유2동","1281","698","583","0","14","44","250","416","557","0","0","26","166","287","219","0","14","18","84","129","338"
"20233","11320680","쌍문3동","1012","468","544","0","217","238","251","249","57","0","42","109","129","141","47","0","175","129","122","108","10"
"20233","11320514","창4동","1721","1087","634","0","179","326","422","477","317","0","77","172","252","323","263","0","102","154","170","154","54"
"20233","11350640","상계2동","1822","896","926","0","208","310","474","479","351","0","57","184","225","229","201","0","151","126","249","250","150"
"20233","11380530","불광2동","2252","1079","1173","0","87","319","382","496","968","0","21","163","156","202","537","0","66","156","226","294","431"
"20233","11320521","도봉1동","1496","1058","438","0","11","117","372","597","399","0","0","62","217","437","342","0","11","55","155","160","57"
"20233","11380580","응암1동","2200","1231","969","0","203","362","531","517","587","0","88","172","278","263","430","0","115","190","253","254","157"
"20233","11380640","증산동","1958","1282","676","0","247","525","537","452","197","0","114","351","358","301","158","0","133","174","179","151","39"
"20233","11440600","대흥동","3481","1708","1773","0","1440","807","493","472","269","0","552","416","268","288","184","0","888","391","225","184","85"
"20233","11440690","망원1동","2837","1605","1232","0","796","801","596","417","227","0","464","429","291","253","168","0","332","372","305","164","59"
"20233","11350580","월계3동","77","38","39","0","9","14","20","22","12","0","4","7","9","11","7","0","5","7","11","11","5"
"20233","11380510","녹번동","3103","1653","1450","0","343","724","854","838","344","0","161","350","405","503","234","0","182","374","449","335","110"
"20233","11380650","수색동","253","163","90","0","31","70","62","50","40","0","15","45","39","32","32","0","16","25","23","18","8"
"20233","11470560","신월1동","2040","1357","683","0","158","337","484","698","363","0","87","211","297","474","288","0","71","126","187","224","75"
"20233","11440555","아현동","4227","2328","1899","2","804","1365","1202","713","141","0","352","763","672","435","106","2","452","602","530","278","35"
"20233","11440730","성산2동","1807","805","1002","0","148","349","487","574","249","0","46","172","219","221","147","0","102","177","268","353","102"
"20233","11470610","신월6동","597","354","243","0","60","113","138","162","124","0","23","59","76","92","104","0","37","54","62","70","20"
"20233","11500620","공항동","4040","2121","1919","0","677","1339","1114","786","124","0","158","559","650","654","100","0","519","780","464","132","24"
"20233","11470540","목4동","1871","1171","700","0","208","421","568","476","198","0","82","261","337","314","177","0","126","160","231","162","21"
"20233","11500520","등촌1동","4379","2640","1739","0","877","1136","969","785","612","0","323","719","671","518","409","0","554","417","298","267","203"
"20233","11500641","방화3동","2458","1593","865","0","232","527","622","678","399","0","118","279","386","476","334","0","114","248","236","202","65"
"20233","11530560","구로5동","12682","8027","4655","6","1788","2985","3297","2815","1791","6","1009","2064","2186","1674","1088","0","779","921","1111","1141","703"
"20233","11545670","시흥1동","4719","2544","2175","0","666","1140","1131","1194","588","0","307","568","568","678","423","0","359","572","563","516","165"
"20233","11560550","당산1동","5576","3354","2222","0","955","1583","1246","1026","766","0","384","880","782","720","588","0","571","703","464","306","178"
"20233","11530510","신도림동","9051","5962","3089","2","1479","2815","2213","1648","894","1","616","1919","1600","1142","684","1","863","896","613","506","210"
"20233","11545700","시흥4동","1252","763","489","0","192","270","374","315","101","0","120","192","223","146","82","0","72","78","151","169","19"
"20233","11590630","사당2동","1900","1047","853","0","288","577","537","347","151","0","137","348","321","157","84","0","151","229","216","190","67"
"20233","11560660","신길4동","987","493","494","0","165","234","253","233","102","0","58","108","124","126","77","0","107","126","129","107","25"
"20233","11545680","시흥2동","852","498","354","0","87","172","214","253","126","0","48","99","120","146","85","0","39","73","94","107","41"
"20233","11650660","내곡동","876","569","307","0","128","182","187","186","193","0","89","133","127","107","113","0","39","49","60","79","80"
"20233","11650610","방배2동","15032","7312","7720","0","2548","3859","4149","2888","1588","0","883","1728","1913","1711","1077","0","1665","2131","2236","1177","511"
"20233","11650510","서초1동","42912","24020","18892","10","9017","11126","9482","10492","2785","0","3237","5986","5500","7264","2033","10","5780","5140","3982","3228","752"
"20233","11680656","도곡2동","73377","50174","23203","351","14018","28830","21079","7603","1496","223","7492","19745","16203","5529","982","128","6526","9085","4876","2074","514"
"20233","11650560","반포1동","7309","4510","2799","0","1332","2442","1838","1112","585","0","630","1597","1228","618","437","0","702","845","610","494","148"
"20233","11710632","가락2동","6446","4334","2112","0","856","1368","1281","1211","1730","0","505","933","849","723","1324","0","351","435","432","488","406"
"20233","11680750","수서동","16798","8865","7933","18","2394","4527","4516","3339","2004","11","1072","2434","2369","1776","1203","7","1322","2093","2147","1563","801"
"20233","11710570","오금동","19798","13817","5981","0","2635","4711","5004","4776","2672","0","1544","3173","3687","3604","1809","0","1091","1538","1317","1172","863"
"20233","11710540","마천1동","689","335","354","0","37","165","229","215","43","0","3","75","110","105","42","0","34","90","119","110","1"
"20233","11740540","명일2동","2419","1657","762","0","291","687","650","512","279","0","148","486","473","327","223","0","143","201","177","185","56"
"20233","11110670","창신1동","1827","771","1056","0","73","315","611","495","333","0","14","88","193","227","249","0","59","227","418","268","84"
"20233","11110690","창신3동","103","45","58","0","9","30","27","32","5","0","2","11","11","16","5","0","7","19","16","16","0"
"20233","11110550","부암동","1241","693","548","0","208","359","339","242","93","0","85","199","194","146","69","0","123","160","145","96","24"
"20233","11140540","회현동","79592","49205","30387","174","14928","28109","21798","11564","3019","40","6972","16777","14204","9107","2105","134","7956","11332","7594","2457","914"
"20233","11170530","남영동","14729","6199","8530","114","5603","3628","2811","1890","683","4","1057","1946","1663","1017","512","110","4546","1682","1148","873","171"
"20233","11170520","용산2가동","426","314","112","0","11","73","171","161","10","0","0","41","134","129","10","0","11","32","37","32","0"
"20233","11170625","한강로동","43401","21437","21964","82","8869","13560","12399","6381","2110","38","3614","6352","6167","3880","1386","44","5255","7208","6232","2501","724"
"20233","11200520","왕십리2동","1064","648","416","0","130","278","314","240","102","0","65","150","193","154","86","0","65","128","121","86","16"
"20233","11200580","응봉동","595","247","348","0","145","158","129","103","60","0","35","57","58","52","45","0","110","101","71","51","15"
"20233","11215810","광장동","7150","4343","2807","53","2228","1884","1388","1104","493","12","1066","1217","943","740","365","41","1162","667","445","364","128"
"20233","11200540","마장동","6693","4776","1917","0","532","1182","1539","2236","1204","0","325","819","1127","1593","912","0","207","363","412","643","292"
"20233","11230740","이문1동","1188","521","667","0","225","319","331","224","89","0","32","119","164","137","69","0","193","200","167","87","20"
"20233","11230660","장안2동","5089","2740","2349","0","1587","989","1034","959","520","0","822","570","477","466","405","0","765","419","557","493","115"
"20233","11260550","면목5동","898","657","241","0","61","141","261","239","196","0","54","120","127","162","194","0","7","21","134","77","2"
"20233","11230730","휘경2동","922","477","445","0","118","203","244","225","132","0","32","96","128","121","100","0","86","107","116","104","32"
"20233","11215760","중곡3동","732","506","226","0","59","187","221","176","89","0","36","144","136","121","69","0","23","43","85","55","20"
"20233","11305635","수유3동","2903","1487","1416","0","240","726","787","802","348","0","71","303","364","501","248","0","169","423","423","301","100"
"20233","11290760","장위1동","462","248","214","0","80","99","116","96","71","0","38","58","58","47","47","0","42","41","58","49","24"
"20233","11350595","공릉1동","5486","2963","2523","0","584","840","1193","1520","1349","0","263","458","591","794","857","0","321","382","602","726","492"
"20233","11350600","공릉2동","1111","510","601","0","183","280","273","261","114","0","53","127","127","129","74","0","130","153","146","132","40"
"20233","11380551","갈현1동","1987","1015","972","0","332","470","478","447","260","0","126","243","240","227","179","0","206","227","238","220","81"
"20233","11410690","남가좌1동","841","507","334","0","61","109","147","210","314","0","40","73","94","113","187","0","21","36","53","97","127"
"20233","11440700","망원2동","4654","2802","1852","0","579","867","1000","1426","782","0","325","648","708","664","457","0","254","219","292","762","325"
"20233","11440660","서교동","24889","12716","12173","0","5208","7014","5782","4101","2784","0","2138","3507","3175","2164","1732","0","3070","3507","2607","1937","1052"
"20233","11470570","신월2동","1729","996","733","0","135","279","477","479","359","0","75","168","244","253","256","0","60","111","233","226","103"
"20233","11470611","신월7동","2506","1642","864","0","265","416","509","596","720","0","196","317","339","359","431","0","69","99","170","237","289"
"20233","11470530","목3동","1795","993","802","0","234","394","482","439","246","0","117","231","262","220","163","0","117","163","220","219","83"
"20233","11470550","목5동","13754","8370","5384","44","2234","3558","3332","2879","1707","22","1030","2144","2104","1886","1184","22","1204","1414","1228","993","523"
"20233","11500603","가양1동","1846","1156","690","0","195","385","425","449","392","0","80","237","255","292","292","0","115","148","170","157","100"
"20233","11500570","화곡4동","2050","892","1158","0","487","574","424","380","185","0","96","241","204","204","147","0","391","333","220","176","38"
"20233","11500615","우장산동","2566","1418","1148","0","559","579","550","542","336","0","210","335","327","323","223","0","349","244","223","219","113"
"20233","11530730","고척2동","1513","962","551","0","147","344","401","426","195","0","96","218","238","244","166","0","51","126","163","182","29"
"20233","11470620","신정1동","7998","4668","3330","32","1412","2006","2015","1703","830","32","585","1248","1208","989","606","0","827","758","807","714","224"
"20233","11545610","독산1동","11171","7183","3988","1","839","1510","1874","2469","4478","1","502","1014","1202","1522","2942","0","337","496","672","947","1536"
"20233","11560630","신길1동","3183","1375","1808","0","558","778","717","624","506","0","153","371","339","257","255","0","405","407","378","367","251"
"20233","11560535","영등포동","15792","8850","6942","0","2891","3944","3768","3128","2061","0","1062","2199","2350","1843","1396","0","1829","1745","1418","1285","665"
"20233","11560620","양평2동","13322","7643","5679","0","2426","3657","3684","2298","1257","0","1058","2205","2092","1356","932","0","1368","1452","1592","942","325"
"20233","11620695","신림동","1358","821","537","0","78","192","337","318","433","0","17","100","184","184","336","0","61","92","153","134","97"
"20233","11620685","신사동","3519","2457","1062","0","559","1034","1058","631","237","0","245","709","842","491","170","0","314","325","216","140","67"
"20233","11680531","논현2동","52320","33463","18857","14","10040","15188","12640","8497","5941","0","4365","9085","8986","6456","4571","14","5675","6103","3654","2041","1370"
"20233","11650652","양재2동","34626","25993","8633","5","4596","8490","9744","9144","2647","3","2779","6251","7481","7461","2018","2","1817","2239","2263","1683","629"
"20233","11710642","문정2동","24239","15239","9000","43","3472","7377","7429","4296","1622","19","1663","4165","5090","3291","1011","24","1809","3212","2339","1005","611"
"20233","11710561","방이1동","7882","5758","2124","0","821","1546","2066","2104","1345","0","392","985","1538","1684","1159","0","429","561","528","420","186"
"20233","11680660","개포1동","522","321","201","2","82","138","136","108","56","1","37","76","94","73","40","1","45","62","42","35","16"
"20233","11740600","천호1동","1824","1067","757","0","144","332","469","446","433","0","44","170","238","277","338","0","100","162","231","169","95"
"20233","11740560","고덕2동","887","560","327","0","46","115","195","310","221","0","6","50","111","213","180","0","40","65","84","97","41"
"20233","11740640","성내1동","12328","8380","3948","0","1461","2583","2658","3178","2448","0","834","1614","1745","2301","1886","0","627","969","913","877","562"
"20233","11710600","석촌동","8931","5910","3021","0","1076","2032","2085","1842","1896","0","617","1467","1417","1079","1330","0","459","565","668","763","566"
"20233","11110515","청운효자동","6746","4377","2369","5","1236","1971","1894","1195","445","0","540","1240","1409","869","319","5","696","731","485","326","126"
"20233","11110570","무악동","495","129","366","0","141","142","128","61","23","0","31","30","40","16","12","0","110","112","88","45","11"
"20233","11200590","금호1가동","1693","625","1068","9","200","560","691","193","40","0","61","186","271","77","30","9","139","374","420","116","10"
"20233","11170580","효창동","1309","757","552","0","176","336","368","289","140","0","87","197","222","146","105","0","89","139","146","143","35"
"20233","11170630","이촌1동","5422","3473","1949","16","876","1462","1523","1108","437","12","434","899","1074","748","306","4","442","563","449","360","131"
"20233","11200670","성수2가1동","8245","5274","2971","32","1909","2402","1916","1340","646","18","855","1560","1320","959","562","14","1054","842","596","381","84"
"20233","11140635","약수동","12014","4643","7371","23","1932","4496","3330","1644","589","0","592","1581","1103","943","424","23","1340","2915","2227","701","165"
"20233","11140650","신당5동","652","352","300","0","38","151","183","164","116","0","14","61","93","90","94","0","24","90","90","74","22"
"20233","11215820","자양1동","9485","7518","1967","0","641","1335","2580","3881","1048","0","282","865","2077","3380","914","0","359","470","503","501","134"
"20233","11215850","구의1동","3261","1974","1287","0","454","836","919","755","297","0","240","487","511","491","245","0","214","349","408","264","52"
"20233","11200570","행당2동","12","1","11","0","0","2","5","4","1","0","0","0","0","0","1","0","0","2","5","4","0"
"20233","11200620","금호4가동","648","391","257","0","72","151","186","156","83","0","25","77","124","100","65","0","47","74","62","56","18"
"20233","11230545","제기동","4390","2637","1753","0","528","1120","1104","943","695","0","202","663","711","553","508","0","326","457","393","390","187"
"20233","11260540","면목4동","710","584","126","0","17","100","214","293","86","0","5","73","160","260","86","0","12","27","54","33","0"
"20233","11260690","신내2동","976","543","433","0","130","246","239","241","120","0","55","116","123","156","93","0","75","130","116","85","27"
"20233","11260570","면목7동","653","381","272","0","49","110","176","207","111","0","3","47","96","127","108","0","46","63","80","80","3"
"20233","11290660","길음1동","3802","1855","1947","249","1338","938","634","412","231","101","579","494","312","190","179","148","759","444","322","222","52"
"20233","11290525","성북동","18115","13827","4288","0","2358","4458","5268","5254","777","0","1304","3117","4179","4683","544","0","1054","1341","1089","571","233"
"20233","11305575","삼각산동","373","200","173","0","64","102","122","60","25","0","24","56","67","30","23","0","40","46","55","30","2"
"20233","11305615","수유1동","1101","489","612","0","80","183","305","360","173","0","8","67","120","154","140","0","72","116","185","206","33"
"20233","11320690","방학1동","3274","1905","1369","0","322","725","805","993","429","0","176","418","418","564","329","0","146","307","387","429","100"
"20233","11290780","장위3동","284","181","103","0","36","53","64","74","57","0","10","28","38","48","57","0","26","25","26","26","0"
"20233","11320660","쌍문1동","670","322","348","0","60","108","190","204","108","0","2","37","71","106","106","0","58","71","119","98","2"
"20233","11350560","월계1동","1519","826","693","0","240","367","402","291","219","0","109","223","201","147","146","0","131","144","201","144","73"
"20233","11380520","불광1동","1996","863","1133","0","275","482","542","464","233","0","96","210","235","204","118","0","179","272","307","260","115"
"20233","11380625","역촌동","3260","1563","1697","0","528","665","857","756","454","0","174","296","399","366","328","0","354","369","458","390","126"
"20233","11380600","응암3동","1302","630","672","0","98","317","400","329","158","0","24","158","179","150","119","0","74","159","221","179","39"
"20233","11410585","신촌동","1565","840","725","0","241","434","411","341","138","0","88","188","211","234","119","0","153","246","200","107","19"
"20233","11380570","대조동","2110","1054","1056","0","222","467","585","505","331","0","72","230","278","227","247","0","150","237","307","278","84"
"20233","11440680","합정동","5199","2913","2286","0","859","1516","1368","947","509","0","326","749","856","623","359","0","533","767","512","324","150"
"20233","11440590","용강동","10958","6512","4446","0","1609","2699","2597","2173","1880","0","784","1602","1718","1264","1144","0","825","1097","879","909","736"
"20233","11470520","목2동","3493","1953","1540","0","490","853","930","801","419","0","232","466","519","459","277","0","258","387","411","342","142"
"20233","11500550","화곡2동","2050","1262","788","0","252","570","536","498","194","0","152","381","333","262","134","0","100","189","203","236","60"
"20233","11500591","화곡6동","4632","2952","1680","0","646","1244","1189","1057","496","0","321","794","760","698","379","0","325","450","429","359","117"
"20233","11500630","방화1동","3807","3012","795","0","373","812","949","1112","561","0","282","673","762","925","370","0","91","139","187","187","191"
"20233","11530550","구로4동","1586","896","690","0","132","327","411","409","307","0","49","189","217","217","224","0","83","138","194","192","83"
"20233","11530780","오류2동","678","418","260","0","60","154","183","174","107","0","26","87","107","111","87","0","34","67","76","63","20"
"20233","11530770","오류1동","3310","2119","1191","0","425","614","819","965","487","0","310","417","490","558","344","0","115","197","329","407","143"
"20233","11560605","문래동","50992","37032","13960","35","7887","16667","15712","8030","2661","10","4403","12666","12831","5442","1680","25","3484","4001","2881","2588","981"
"20233","11545620","독산2동","1566","900","666","0","161","324","380","488","213","0","88","143","190","296","183","0","73","181","190","192","30"
"20233","11545630","독산3동","3350","2448","902","0","234","502","601","669","1344","0","125","313","327","402","1281","0","109","189","274","267","63"
"20233","11560700","대림1동","1358","503","855","0","453","316","303","215","71","0","80","107","150","108","58","0","373","209","153","107","13"
"20233","11560560","당산2동","10688","7177","3511","2","1665","2411","2598","2373","1639","1","847","1510","1819","1742","1258","1","818","901","779","631","381"
"20233","11620585","낙성대동","6105","3366","2739","0","986","2102","1312","939","766","0","446","1105","683","540","592","0","540","997","629","399","174"
"20233","11620630","남현동","3416","2275","1141","0","568","861","933","672","382","0","312","586","659","442","276","0","256","275","274","230","106"
"20233","11620655","신원동","467","292","175","0","17","110","132","128","80","0","14","64","83","79","52","0","3","46","49","49","28"
"20233","11620725","조원동","2908","1832","1076","0","555","721","714","625","293","0","251","475","463","424","219","0","304","246","251","201","74"
"20233","11680630","대치4동","32469","19973","12496","83","5207","9686","8848","5520","3125","0","2235","5863","6060","3871","1944","83","2972","3823","2788","1649","1181"
"20233","11680545","압구정동","38898","21880","17018","159","8652","12153","8931","5850","3153","50","3209","6828","6007","3839","1947","109","5443","5325","2924","2011","1206"
"20233","11680521","논현1동","40540","23732","16808","13","10620","12219","8633","5632","3423","0","4524","7257","5821","3633","2497","13","6096","4962","2812","1999","926"
"20233","11710580","송파1동","11606","7251","4355","0","1651","2600","2885","2527","1943","0","706","1536","1879","1698","1432","0","945","1064","1006","829","511"
"20233","11650600","방배1동","16740","11094","5646","52","3316","5157","4071","3041","1103","45","1574","3143","3001","2501","830","7","1742","2014","1070","540","273"
"20233","11650570","반포2동","3273","1949","1324","4","550","1016","851","549","303","2","241","614","548","331","213","2","309","402","303","218","90"
"20233","11680650","역삼2동","47819","28344","19475","132","11017","13290","11372","8475","3533","42","5317","8508","7558","4433","2486","90","5700","4782","3814","4042","1047"
"20233","11740700","둔촌2동","2509","1125","1384","0","473","663","546","524","303","0","125","273","273","251","203","0","348","390","273","273","100"
"20233","11710520","풍납2동","476","234","242","0","104","163","118","72","19","0","28","85","62","44","15","0","76","78","56","28","4"
"20233","11110615","종로1?2?3?4가동","116022","63962","52060","1532","23530","35387","31829","18187","5557","638","10261","17769","18671","12832","3791","894","13269","17618","13158","5355","1766"
"20233","11110630","종로5?6가동","19116","11964","7152","437","4501","5551","4724","2880","1023","89","1867","3578","3463","2243","724","348","2634","1973","1261","637","299"
"20233","11110560","평창동","14279","8020","6259","0","1761","3843","4697","3106","872","0","843","1966","2776","1865","570","0","918","1877","1921","1241","302"
"20233","11140550","명동","116772","67593","49179","47","19111","39342","31695","20800","5777","2","7631","20277","20428","15335","3920","45","11480","19065","11267","5465","1857"
"20233","11140605","을지로동","15783","8617","7166","1","3824","3833","3449","2759","1917","0","989","2119","2248","1916","1345","1","2835","1714","1201","843","572"
"20233","11170590","용문동","2935","1709","1226","0","578","804","816","542","195","0","239","474","486","370","140","0","339","330","330","172","55"
"20233","11170560","원효로1동","2863","1970","893","0","441","790","752","529","351","0","258","572","529","368","243","0","183","218","223","161","108"
"20233","11140645","청구동","2264","1239","1025","0","331","599","533","485","316","0","112","311","334","298","184","0","219","288","199","187","132"
"20233","11200660","성수1가2동","5449","3782","1667","0","867","1119","1154","1184","1125","0","519","748","750","852","913","0","348","371","404","332","212"
"20233","11200550","사근동","363","265","98","0","8","61","127","122","45","0","1","38","90","95","41","0","7","23","37","27","4"
"20233","11200790","용답동","3446","2123","1323","12","875","981","710","539","329","0","378","644","483","349","269","12","497","337","227","190","60"
"20233","11200560","행당1동","1467","1007","460","0","180","307","382","423","175","0","90","192","267","323","135","0","90","115","115","100","40"
"20233","11215860","구의2동","2394","1524","870","0","336","411","623","660","364","0","169","229","419","438","269","0","167","182","204","222","95"
"20233","11215870","구의3동","10223","6250","3973","1","1197","2155","2472","2571","1827","0","687","1510","1681","1329","1043","1","510","645","791","1242","784"
"20233","11230720","휘경1동","696","425","271","0","60","142","180","183","131","0","15","88","117","129","76","0","45","54","63","54","55"
"20233","11215710","화양동","1100","752","348","0","125","162","285","354","174","0","45","89","200","257","161","0","80","73","85","97","13"
"20233","11260680","신내1동","1909","908","1001","0","335","419","344","512","299","0","83","173","163","254","235","0","252","246","181","258","64"
"20233","11290580","돈암1동","123","57","66","0","36","38","25","17","7","0","9","19","13","9","7","0","27","19","12","8","0"
"20233","11290600","안암동","1815","1219","596","0","228","492","528","406","161","0","116","312","344","300","147","0","112","180","184","106","14"
"20233","11290630","정릉2동","1298","547","751","0","196","322","367","292","121","0","24","130","142","136","115","0","172","192","225","156","6"
"20233","11350700","상계8동","528","278","250","0","74","153","129","119","53","0","27","97","54","65","35","0","47","56","75","54","18"
"20233","11380590","응암2동","423","283","140","0","47","47","104","130","95","0","27","27","64","79","86","0","20","20","40","51","9"
"20233","11410620","홍제1동","2497","1282","1215","0","268","383","639","853","354","0","75","172","333","475","227","0","193","211","306","378","127"
"20233","11410565","충현동","8579","5336","3243","0","1066","2192","2270","2039","1012","0","502","1330","1440","1342","722","0","564","862","830","697","290"
"20233","11440610","염리동","2000","1337","663","12","378","456","407","442","305","4","190","310","308","310","215","8","188","146","99","132","90"
"20233","11470650","신정4동","5429","3007","2422","0","903","966","1051","1156","1353","0","250","469","538","629","1121","0","653","497","513","527","232"
"20233","11500605","가양3동","747","480","267","2","125","166","210","154","90","1","82","111","134","91","61","1","43","55","76","63","29"
"20233","11500540","화곡1동","4239","2398","1841","0","390","876","1066","1221","686","0","172","517","582","687","440","0","218","359","484","534","246"
"20233","11530750","개봉2동","7124","3527","3597","2","1269","1730","1703","1695","725","0","721","1105","757","568","376","2","548","625","946","1127","349"
"20233","11500590","화곡본동","2359","1377","982","0","213","460","590","599","497","0","70","277","340","318","372","0","143","183","250","281","125"
"20233","11590620","사당1동","3588","1918","1670","0","585","911","982","653","457","0","169","446","495","407","401","0","416","465","487","246","56"
"20233","11560610","양평1동","8694","5045","3649","10","1729","2006","1930","1748","1271","4","882","1282","1155","898","824","6","847","724","775","850","447"
"20233","11590540","상도2동","839","432","407","0","89","207","229","214","100","0","39","107","122","107","57","0","50","100","107","107","43"
"20233","11590680","신대방2동","7519","4788","2731","12","1375","1565","1411","1762","1394","6","1041","1202","899","897","743","6","334","363","512","865","651"
"20233","11590605","흑석동","115","71","44","0","7","29","38","28","13","0","4","16","23","15","13","0","3","13","15","13","0"
"20233","11620615","중앙동","1085","499","586","0","116","185","258","317","209","0","42","90","120","149","98","0","74","95","138","168","111"
"20233","11650590","방배본동","24244","13414","10830","61","4552","6259","6450","4340","2582","55","1546","3264","3755","2816","1978","6","3006","2995","2695","1524","604"
"20233","11680610","대치2동","55807","31219","24588","318","10135","15363","12866","10519","6606","137","4668","9406","8270","5431","3307","181","5467","5957","4596","5088","3299"
"20233","11650651","양재1동","20452","13222","7230","252","4799","5670","4626","3057","2048","121","2433","3806","3274","2038","1550","131","2366","1864","1352","1019","498"
"20233","11650581","반포4동","55827","49277","6550","18","5583","11858","15064","20760","2544","5","4238","9868","13367","19731","2068","13","1345","1990","1697","1029","476"
"20233","11650580","반포3동","3075","1717","1358","1","490","783","682","614","505","0","208","462","451","357","239","1","282","321","231","257","266"
"20233","11650550","반포본동","10981","5981","5000","17","1816","3625","3139","1877","507","10","663","1979","1760","1176","393","7","1153","1646","1379","701","114"
"20233","11710620","가락본동","26378","15951","10427","4","3589","6356","6047","5171","5211","0","1718","3965","4051","3002","3215","4","1871","2391","1996","2169","1996"
"20233","11680600","대치1동","23114","12313","10801","26","4230","7550","5766","3596","1946","6","1589","3746","3261","2300","1411","20","2641","3804","2505","1296","535"
"20233","11740610","천호2동","2988","1550","1438","0","321","639","778","708","542","0","117","295","383","353","402","0","204","344","395","355","140"
"20233","11740620","천호3동","1149","663","486","0","40","112","191","201","605","0","9","51","94","103","406","0","31","61","97","98","199"
"20233","11740650","성내2동","1864","1227","637","0","299","391","438","374","362","0","217","256","258","253","243","0","82","135","180","121","119"
"20233","11740520","상일동","1573","796","777","0","231","352","389","415","186","0","82","176","231","189","118","0","149","176","158","226","68"
"20233","11710670","잠실2동","3847","2566","1281","3","737","1119","1010","767","211","3","463","786","686","505","123","0","274","333","324","262","88"
"20233","11140665","동화동","1134","507","627","0","181","272","296","245","140","0","49","91","144","132","91","0","132","181","152","113","49"
"20233","11170700","보광동","412","215","197","0","42","88","122","111","49","0","0","42","65","66","42","0","42","46","57","45","7"
"20233","11170640","이촌2동","2283","1549","734","0","329","628","674","495","157","0","151","396","507","382","113","0","178","232","167","113","44"
"20233","11200615","금호2?3가동","352","191","161","0","31","56","90","85","90","0","0","17","45","50","79","0","31","39","45","35","11"
"20233","11230600","답십리1동","2158","1033","1125","0","312","444","606","576","220","0","214","297","218","153","151","0","98","147","388","423","69"
"20233","11230610","답십리2동","2990","2217","773","0","471","683","704","622","510","0","366","530","515","433","373","0","105","153","189","189","137"
"20233","11215840","자양3동","1940","1424","516","0","226","511","555","489","159","0","142","362","415","369","136","0","84","149","140","120","23"
"20233","11215740","중곡1동","3882","1884","1998","16","1029","751","775","921","390","0","438","402","381","371","292","16","591","349","394","550","98"
"20233","11230536","용신동","19606","10142","9464","0","2377","4361","4853","4832","3183","0","1124","2499","2559","2214","1746","0","1253","1862","2294","2618","1437"
"20233","11260575","면목3?8동","1718","1119","599","0","123","303","465","482","345","0","25","159","283","369","283","0","98","144","182","113","62"
"20233","11215770","중곡4동","3258","1603","1655","0","558","802","850","767","281","0","146","370","416","418","253","0","412","432","434","349","28"
"20233","11290810","석관동","2257","1613","644","0","99","305","412","476","965","0","48","206","245","320","794","0","51","99","167","156","171"
"20233","11305595","번1동","1918","1177","741","0","204","390","376","529","419","0","84","250","236","357","250","0","120","140","140","172","169"
"20233","11290650","정릉4동","844","524","320","0","51","128","209","281","175","0","8","64","135","192","125","0","43","64","74","89","50"
"20233","11380631","신사1동","1361","722","639","0","127","294","316","343","281","0","44","146","170","164","198","0","83","148","146","179","83"
"20233","11305545","송중동","1098","543","555","0","75","170","343","309","201","0","20","61","151","151","160","0","55","109","192","158","41"
"20233","11305555","송천동","593","322","271","0","8","66","115","179","225","0","0","24","48","116","134","0","8","42","67","63","91"
"20233","11350611","하계1동","532","340","192","0","60","110","138","152","72","0","30","64","83","107","56","0","30","46","55","45","16"
"20233","11410660","홍은1동","2819","549","2270","0","90","206","774","1356","393","0","30","66","142","163","148","0","60","140","632","1193","245"
"20233","11410555","북아현동","963","713","250","0","95","229","270","272","97","0","37","173","212","213","78","0","58","56","58","59","19"
"20233","11440565","공덕동","8589","4962","3627","5","1920","2361","2346","1516","441","0","756","1250","1494","1133","329","5","1164","1111","852","383","112"
"20233","11380560","구산동","1573","841","732","0","186","294","349","506","238","0","69","130","166","315","161","0","117","164","183","191","77"
"20233","11470590","신월4동","1229","847","382","0","46","144","296","405","338","0","16","79","171","277","304","0","30","65","125","128","34"
"20233","11500640","방화2동","1702","1161","541","1","152","325","390","472","362","1","92","204","262","307","295","0","60","121","128","165","67"
"20233","11500510","염창동","2133","992","1141","0","334","626","634","361","178","0","122","275","255","199","141","0","212","351","379","162","37"
"20233","11500593","화곡8동","1587","874","713","0","213","437","468","280","189","0","96","234","234","175","135","0","117","203","234","105","54"
"20233","11530540","구로3동","61432","40299","21133","207","12775","20722","15572","7630","4526","139","6459","13751","10981","5328","3641","68","6316","6971","4591","2302","885"
"20233","11545690","시흥3동","1819","1081","738","0","131","266","421","476","525","0","70","174","244","260","333","0","61","92","177","216","192"
"20233","11590510","노량진1동","3694","2064","1630","0","476","887","936","891","504","0","198","507","565","483","311","0","278","380","371","408","193"
"20233","11590670","신대방1동","2507","1595","912","0","473","809","587","404","234","0","242","524","406","264","159","0","231","285","181","140","75"
"20233","11620565","성현동","1578","593","985","1","227","276","364","481","229","1","102","144","164","130","52","0","125","132","200","351","177"
"20233","11620775","난곡동","951","540","411","0","64","206","234","317","130","0","17","106","116","186","115","0","47","100","118","131","15"
"20233","11620595","청룡동","3818","2100","1718","0","620","1091","921","879","307","0","238","555","512","574","221","0","382","536","409","305","86"
"20233","11620525","보라매동","3041","1567","1474","0","376","705","730","778","452","0","146","357","373","369","322","0","230","348","357","409","130"
"20233","11620625","인헌동","1560","916","644","0","321","469","406","236","128","0","147","295","245","121","108","0","174","174","161","115","20"
"20233","11590530","상도1동","2904","1685","1219","0","455","717","709","644","379","0","199","400","432","396","258","0","256","317","277","248","121"
"20233","11650520","서초2동","47409","31490","15919","87","9934","15641","11873","7269","2605","21","5430","10560","8164","5451","1864","66","4504","5081","3709","1818","741"
"20233","11650540","잠원동","14579","8455","6124","6","3038","4312","3608","2251","1364","3","1198","2528","2393","1411","922","3","1840","1784","1215","840","442"
"20233","11620545","청림동","327","186","141","0","49","108","108","49","13","0","22","61","64","31","8","0","27","47","44","18","5"
"20233","11680590","삼성2동","53614","30826","22788","70","10816","17398","13626","7591","4113","25","4487","10237","9101","4259","2717","45","6329","7161","4525","3332","1396"
"20233","11710650","잠실본동","11094","7132","3962","0","1493","2132","2602","2475","2392","0","658","1305","1636","1709","1824","0","835","827","966","766","568"
"20233","11740570","암사1동","2741","1682","1059","0","357","588","570","550","676","0","174","388","363","369","388","0","183","200","207","181","288"
"20233","11710690","잠실4동","4925","3955","970","24","658","1547","1430","1044","222","10","473","1269","1179","852","172","14","185","278","251","192","50"
"20233","11110680","창신2동","92","16","76","0","0","0","23","52","17","0","0","0","4","12","0","0","0","0","19","40","17"
"20233","11140590","광희동","54531","27160","27371","496","15661","14374","11209","8625","4166","201","7610","8363","6475","2933","1578","295","8051","6011","4734","5692","2588"
"20233","11110600","가회동","11445","8528","2917","1","1223","3951","3439","2148","683","1","631","2904","2695","1770","527","0","592","1047","744","378","156"
"20233","11110540","삼청동","4036","3332","704","0","481","1082","1272","961","240","0","311","836","1097","867","221","0","170","246","175","94","19"
"20233","11110710","숭인2동","1552","787","765","0","223","277","369","374","309","0","62","130","207","222","166","0","161","147","162","152","143"
"20233","11170650","이태원1동","21112","9294","11818","0","6203","8095","4127","2053","634","0","1617","3386","2290","1491","510","0","4586","4709","1837","562","124"
"20233","11170555","청파동","3565","1916","1649","0","535","922","858","772","478","0","178","422","457","479","380","0","357","500","401","293","98"
"20233","11200650","성수1가1동","2404","1514","890","0","291","510","543","651","409","0","134","319","349","445","267","0","157","191","194","206","142"
"20233","11140580","장충동","5961","3153","2808","7","1369","1643","1547","1141","254","0","481","919","919","660","174","7","888","724","628","481","80"
"20233","11200690","성수2가3동","22647","14522","8125","28","3727","5770","5670","4548","2904","28","2070","3857","3817","2743","2007","0","1657","1913","1853","1805","897"
"20233","11200535","왕십리도선동","3003","1377","1626","0","496","579","626","746","556","0","167","321","339","315","235","0","329","258","287","431","321"
"20233","11215830","자양2동","2595","1626","969","0","357","588","684","683","283","0","247","378","404","374","223","0","110","210","280","309","60"
"20233","11260620","묵1동","900","420","480","0","87","215","273","220","105","0","26","100","116","100","78","0","61","115","157","120","27"
"20233","11260580","상봉1동","1902","1375","527","0","203","323","398","525","453","0","142","209","229","374","421","0","61","114","169","151","32"
"20233","11260610","중화2동","542","347","195","0","25","49","172","133","163","0","12","20","86","86","143","0","13","29","86","47","20"
"20233","11290685","길음2동","381","151","230","0","22","74","114","121","50","0","8","25","54","39","25","0","14","49","60","82","25"
"20233","11305660","인수동","2776","1672","1104","0","211","552","747","853","413","0","55","309","465","514","329","0","156","243","282","339","84"
"20233","11320700","방학2동","629","272","357","0","18","128","167","130","186","0","0","64","72","64","72","0","18","64","95","66","114"
"20233","11290770","장위2동","749","491","258","0","21","122","201","201","204","0","0","61","118","133","179","0","21","61","83","68","25"
"20233","11320512","창2동","981","569","412","0","109","225","277","239","131","0","46","137","155","121","110","0","63","88","122","118","21"
"20233","11320513","창3동","581","320","261","0","22","115","226","182","36","0","0","73","131","80","36","0","22","42","95","102","0"
"20233","11320681","쌍문4동","248","129","119","0","24","61","70","66","27","0","6","29","35","35","24","0","18","32","35","31","3"
"20233","11320515","창5동","5092","3231","1861","0","569","1144","1254","1089","1036","0","294","788","848","597","704","0","275","356","406","492","332"
"20233","11350695","상계6?7동","3853","1705","2148","0","540","911","993","982","427","0","139","347","448","530","241","0","401","564","545","452","186"
"20233","11380552","갈현2동","2981","1543","1438","0","270","597","808","814","492","0","126","335","384","358","340","0","144","262","424","456","152"
"20233","11350710","상계9동","1278","806","472","0","162","321","321","361","113","0","89","203","188","239","87","0","73","118","133","122","26"
"20233","11320522","도봉2동","842","542","300","0","32","100","145","217","348","0","11","50","80","144","257","0","21","50","65","73","91"
"20233","11380632","신사2동","977","717","260","0","90","194","259","254","180","0","79","138","150","176","174","0","11","56","109","78","6"
"20233","11410710","북가좌1동","346","286","60","0","3","11","37","74","221","0","0","4","17","53","212","0","3","7","20","21","9"
"20233","11350624","중계4동","1352","743","609","0","128","276","319","362","267","0","45","132","169","192","205","0","83","144","150","170","62"
"20233","11440740","상암동","12214","7523","4691","22","2587","4458","3331","1374","442","10","1136","2815","2216","974","372","12","1451","1643","1115","400","70"
"20233","11440720","성산1동","4578","3059","1519","0","567","956","1061","891","1103","0","281","596","676","626","880","0","286","360","385","265","223"
"20233","11470580","신월3동","1063","631","432","0","87","196","243","339","198","0","27","83","130","218","173","0","60","113","113","121","25"
"20233","11470600","신월5동","1344","758","586","0","153","352","349","344","146","0","68","176","182","207","125","0","85","176","167","137","21"
"20233","11470510","목1동","14314","9293","5021","11","2481","3905","3582","2919","1416","8","1159","2564","2540","2099","923","3","1322","1341","1042","820","493"
"20233","11470680","신정7동","181","107","74","0","21","45","54","41","20","0","10","25","32","25","15","0","11","20","22","16","5"
"20233","11410640","홍제3동","692","341","351","0","42","75","140","191","244","0","6","27","62","100","146","0","36","48","78","91","98"
"20233","11500611","발산1동","3925","2299","1626","0","211","563","1059","1311","781","0","83","283","510","770","653","0","128","280","549","541","128"
"20233","11530760","개봉3동","1510","935","575","0","185","386","397","331","211","0","92","244","244","189","166","0","93","142","153","142","45"
"20233","11530720","고척1동","2509","1793","716","0","217","514","660","765","353","0","114","347","462","579","291","0","103","167","198","186","62"
"20233","11530740","개봉1동","6356","3708","2648","0","527","1369","1533","1703","1224","0","272","764","782","967","923","0","255","605","751","736","301"
"20233","11590660","대방동","8512","5697","2815","0","1412","2326","2008","1909","857","0","754","1598","1407","1389","549","0","658","728","601","520","308"
"20233","11470640","신정3동","2016","1454","562","0","158","385","509","432","532","0","75","238","348","307","486","0","83","147","161","125","46"
"20233","11560690","신길7동","2532","1744","788","0","284","483","573","734","458","0","178","334","389","471","372","0","106","149","184","263","86"
"20233","11590520","노량진2동","3449","1795","1654","0","546","1020","840","709","334","0","284","448","383","457","223","0","262","572","457","252","111"
"20233","11560680","신길6동","2180","1394","786","0","210","532","583","480","375","0","104","332","359","306","293","0","106","200","224","174","82"
"20233","11560540","여의동","194725","138166","56559","462","35804","69784","50067","29859","8749","172","19760","49880","38664","23762","5928","290","16044","19904","11403","6097","2821"
"20233","11590550","상도3동","829","489","340","0","39","162","237","204","187","0","25","119","143","102","100","0","14","43","94","102","87"
"20233","11620665","서림동","1621","924","697","0","226","286","414","359","336","0","113","150","222","216","223","0","113","136","192","143","113"
"20233","11650621","방배4동","16058","9944","6114","0","2777","4453","4008","3066","1754","0","1172","2623","2722","2156","1271","0","1605","1830","1286","910","483"
"20233","11590640","사당3동","1344","781","563","0","157","299","368","321","199","0","55","159","225","188","154","0","102","140","143","133","45"
"20233","11590651","사당5동","2139","1173","966","0","240","545","668","522","164","0","108","250","348","307","160","0","132","295","320","215","4"
"20233","11650530","서초3동","59412","35282","24130","41","10230","17837","15242","10846","5216","5","4326","10391","9744","7075","3741","36","5904","7446","5498","3771","1475"
"20233","11680655","도곡1동","29972","21237","8735","44","5121","6976","8361","7595","1875","42","2597","4570","6286","6219","1523","2","2524","2406","2075","1376","352"
"20233","11680510","신사동","28397","16958","11439","0","5916","8607","7258","4335","2281","0","2301","5256","4858","2840","1703","0","3615","3351","2400","1495","578"
"20233","11680640","역삼1동","149163","88268","60895","245","30132","45379","38443","26077","8887","71","14435","28312","25093","14123","6234","174","15697","17067","13350","11954","2653"
"20233","11680670","개포2동","8866","5810","3056","7","1556","2526","2125","1649","1003","0","830","1689","1463","1052","776","7","726","837","662","597","227"
"20233","11680700","세곡동","295","173","122","0","12","55","62","89","77","0","4","29","36","53","51","0","8","26","26","36","26"
"20233","11710641","문정1동","31928","24678","7250","0","2896","5964","9198","12056","1814","0","1707","4304","7159","10332","1176","0","1189","1660","2039","1724","638"
"20233","11710631","가락1동","4845","3390","1455","0","330","901","1334","1389","891","0","222","690","983","912","583","0","108","211","351","477","308"
"20233","11740580","암사2동","2218","804","1414","0","219","369","525","668","437","0","77","172","210","192","153","0","142","197","315","476","284"
"20233","11710510","풍납1동","778","452","326","0","87","175","214","217","85","0","47","98","116","117","74","0","40","77","98","100","11"
"20233","11740685","길동","8662","4398","4264","0","1221","1732","1974","2122","1613","0","471","927","1056","971","973","0","750","805","918","1151","640"
"20233","11740660","성내3동","3924","2375","1549","0","533","889","993","832","677","0","281","571","603","471","449","0","252","318","390","361","228"
"20233","11710710","잠실6동","61653","32848","28805","116","9814","16363","17589","15727","2044","35","4542","10057","10152","6525","1537","81","5272","6306","7437","9202","507"
"20233","11140625","다산동","6586","4180","2406","0","1159","2129","1605","1147","546","0","473","1463","1134","704","406","0","686","666","471","443","140"
"20233","11110580","교남동","664","395","269","0","67","171","185","139","102","0","19","86","111","95","84","0","48","85","74","44","18"
"20233","11110640","이화동","1835","1019","816","0","275","463","474","389","234","0","85","210","280","263","181","0","190","253","194","126","53"
"20233","11170685","한남동","36545","26809","9736","29","6020","10850","9621","8409","1616","27","2856","7236","7814","7554","1322","2","3164","3614","1807","855","294"
"20233","11140680","중림동","2664","1485","1179","0","560","855","695","366","188","0","254","463","387","243","138","0","306","392","308","123","50"
"20233","11200645","옥수동","2054","793","1261","0","529","610","466","307","142","0","134","226","218","143","72","0","395","384","248","164","70"
"20233","11230710","회기동","74","35","39","0","2","17","23","21","11","0","0","4","10","10","11","0","2","13","13","11","0"
"20233","11260660","망우3동","322","178","144","0","8","35","84","117","78","0","0","10","36","66","66","0","8","25","48","51","12"
"20233","11260565","면목본동","954","536","418","0","80","243","277","250","104","0","9","124","150","150","103","0","71","119","127","100","1"
"20233","11290555","삼선동","4554","2270","2284","0","459","1106","1391","1154","444","0","148","471","668","723","260","0","311","635","723","431","184"
"20233","11305603","번2동","406","191","215","0","50","50","116","129","61","0","18","26","50","62","35","0","32","24","66","67","26"
"20233","11305534","삼양동","210","139","71","0","14","33","59","58","46","0","3","16","32","42","46","0","11","17","27","16","0"
"20233","11305608","번3동","236","131","105","0","22","38","60","68","48","0","8","18","34","37","34","0","14","20","26","31","14"
"20233","11290620","정릉1동","620","341","279","0","67","110","138","180","125","0","8","37","69","112","115","0","59","73","69","68","10"
"20233","11350630","상계1동","3876","2467","1409","0","451","810","932","984","699","0","266","544","610","618","429","0","185","266","322","366","270"
"20233","11350570","월계2동","73","36","37","0","8","17","21","20","7","0","2","7","9","11","7","0","6","10","12","9","0"
"20233","11350665","상계3?4동","628","469","159","0","13","34","169","261","151","0","1","17","110","202","139","0","12","17","59","59","12"
"20233","11350670","상계5동","1039","529","510","0","10","68","175","286","500","0","2","43","75","128","281","0","8","25","100","158","219"
"20233","11350720","상계10동","482","202","280","0","74","103","129","140","36","0","15","43","49","67","28","0","59","60","80","73","8"
"20233","11380690","진관동","890","466","424","0","77","222","253","221","117","0","35","141","141","90","59","0","42","81","112","131","58"
"20233","11410615","연희동","8187","5413","2774","0","1293","2041","1762","2292","799","0","722","1370","1104","1648","569","0","571","671","658","644","230"
"20233","11440585","도화동","11392","6924","4468","0","2104","2775","2865","2551","1097","0","1100","1906","1885","1325","708","0","1004","869","980","1226","389"
"20233","11350621","중계1동","1302","716","586","0","170","287","391","327","127","0","73","157","206","179","101","0","97","130","185","148","26"
"20233","11500530","등촌2동","2692","1594","1098","0","313","536","653","698","492","0","124","293","391","446","340","0","189","243","262","252","152"
"20233","11500535","등촌3동","7914","4190","3724","0","996","1686","1773","1950","1509","0","437","919","1036","948","850","0","559","767","737","1002","659"
"20233","11500560","화곡3동","3629","2236","1393","0","502","876","928","838","485","0","270","580","563","473","350","0","232","296","365","365","135"
"20233","11560585","도림동","560","384","176","0","20","89","148","162","141","0","3","59","103","108","111","0","17","30","45","54","30"
"20233","11530595","가리봉동","709","331","378","0","23","123","171","158","234","0","5","59","74","61","132","0","18","64","97","97","102"
"20233","11560710","대림2동","3551","1806","1745","0","657","854","793","541","706","0","255","455","338","302","456","0","402","399","455","239","250"
"20233","11560650","신길3동","396","313","83","0","1","55","100","114","126","0","0","43","74","82","114","0","1","12","26","32","12"
"20233","11620645","서원동","2222","900","1322","0","417","481","403","503","418","0","91","188","203","182","236","0","326","293","200","321","182"
"20233","11620745","삼성동","886","504","382","0","80","174","254","250","128","0","34","86","134","136","114","0","46","88","120","114","14"
"20233","11620605","은천동","932","444","488","0","127","175","194","260","176","0","43","81","99","117","104","0","84","94","95","143","72"
"20233","11590650","사당4동","1156","597","559","0","108","170","269","225","384","0","41","87","114","101","254","0","67","83","155","124","130"
"20233","11650531","서초4동","41528","23746","17782","127","8112","12722","10445","7356","2766","54","3082","7267","6777","4616","1950","73","5030","5455","3668","2740","816"
"20233","11680690","개포4동","6664","4814","1850","0","811","1508","1885","1589","871","0","404","1013","1430","1244","723","0","407","495","455","345","148"
"20233","11710532","거여2동","1455","753","702","0","181","239","363","437","235","0","101","142","183","199","128","0","80","97","180","238","107"
"20233","11710550","마천2동","1669","1089","580","0","120","403","490","449","207","0","73","257","281","277","201","0","47","146","209","172","6"
"20233","11710590","송파2동","4474","2823","1651","9","707","1113","1174","1071","400","9","341","705","847","670","251","0","366","408","327","401","149"
"20233","11710646","장지동","4086","2801","1285","0","435","648","974","1081","948","0","244","436","655","762","704","0","191","212","319","319","244"
"20233","11710566","오륜동","19415","11255","8160","25","3149","5872","5041","3884","1444","8","1268","3056","3242","2573","1108","17","1881","2816","1799","1311","336"
"20234","11620775","난곡동","847","489","358","0","45","187","211","290","114","0","10","96","105","174","104","0","35","91","106","116","10"
"20234","11620715","난향동","325","158","167","0","35","73","93","72","52","0","5","33","39","37","44","0","30","40","54","35","8"
"20234","11650620","방배3동","10742","7029","3713","48","1697","3188","2906","1747","1156","14","863","1997","2084","1205","866","34","834","1191","822","542","290"
"20234","11620605","은천동","843","405","438","0","113","160","177","233","160","0","36","77","92","105","95","0","77","83","85","128","65"
"20234","11680580","삼성1동","214989","145072","69917","532","43316","64476","57579","38167","10919","264","23280","42620","42460","29923","6525","268","20036","21856","15119","8244","4394"
"20234","11650652","양재2동","44246","33258","10988","2","5872","10847","12472","11704","3349","1","3555","7989","9587","9562","2564","1","2317","2858","2885","2142","785"
"20234","11650540","잠원동","11344","6577","4767","0","2364","3351","2810","1755","1064","0","930","1966","1864","1099","718","0","1434","1385","946","656","346"
"20234","11710642","문정2동","37090","23328","13762","56","5321","11298","11371","6570","2474","22","2550","6380","7795","5037","1544","34","2771","4918","3576","1533","930"
"20234","11710550","마천2동","1272","838","434","0","86","304","378","351","153","0","54","196","220","215","153","0","32","108","158","136","0"
"20234","11710650","잠실본동","10964","7018","3946","0","1485","2111","2566","2444","2358","0","650","1283","1612","1681","1792","0","835","828","954","763","566"
"20234","11710690","잠실4동","4260","3421","839","21","570","1338","1237","902","192","9","410","1097","1020","736","149","12","160","241","217","166","43"
"20234","11110570","무악동","423","113","310","0","120","120","109","52","22","0","27","27","35","13","11","0","93","93","74","39","11"
"20234","11110530","사직동","38826","24316","14510","10","5130","10990","11706","7710","3280","0","2146","6755","8012","5381","2022","10","2984","4235","3694","2329","1258"
"20234","11140570","필동","14869","6999","7870","0","2139","3778","4591","3258","1103","0","724","1871","2163","1529","712","0","1415","1907","2428","1729","391"
"20234","11170650","이태원1동","18256","8052","10204","0","5359","6986","3593","1768","550","0","1406","2928","1988","1280","450","0","3953","4058","1605","488","100"
"20234","11170630","이촌1동","4473","2865","1608","12","724","1207","1253","917","360","10","358","742","884","618","253","2","366","465","369","299","107"
"20234","11140645","청구동","13042","7126","5916","0","1893","3441","3080","2805","1823","0","638","1782","1928","1713","1065","0","1255","1659","1152","1092","758"
"20234","11200535","왕십리도선동","2960","1359","1601","0","490","569","619","733","549","0","167","315","335","308","234","0","323","254","284","425","315"
"20234","11200580","응봉동","419","177","242","0","101","110","89","76","43","0","26","40","40","38","33","0","75","70","49","38","10"
"20234","11230740","이문1동","1176","518","658","0","221","317","334","218","86","0","31","118","166","134","69","0","190","199","168","84","17"
"20234","11230545","제기동","9210","5573","3637","0","1096","2349","2329","1982","1454","0","413","1404","1509","1170","1077","0","683","945","820","812","377"
"20234","11260655","망우본동","1159","615","544","0","98","215","274","379","193","0","10","83","129","209","184","0","88","132","145","170","9"
"20234","11215750","중곡2동","1991","1168","823","0","249","400","529","485","328","0","167","233","283","259","226","0","82","167","246","226","102"
"20234","11215760","중곡3동","634","445","189","0","46","161","198","157","72","0","30","127","120","108","60","0","16","34","78","49","12"
"20234","11260630","묵2동","1139","798","341","0","164","286","278","323","88","0","98","195","182","241","82","0","66","91","96","82","6"
"20234","11290660","길음1동","3566","1740","1826","234","1248","878","599","389","218","95","538","463","296","179","169","139","710","415","303","210","49"
"20234","11305545","송중동","918","450","468","0","50","139","298","264","167","0","9","50","126","126","139","0","41","89","172","138","28"
"20234","11305555","송천동","437","246","191","0","3","40","75","139","180","0","0","13","30","95","108","0","3","27","45","44","72"
"20234","11320521","도봉1동","1270","908","362","0","2","94","323","508","343","0","0","52","189","369","298","0","2","42","134","139","45"
"20234","11380590","응암2동","429","287","142","0","47","47","109","131","95","0","27","27","65","79","89","0","20","20","44","52","6"
"20234","11410660","홍은1동","2739","539","2200","0","84","203","752","1311","389","0","28","66","141","159","145","0","56","137","611","1152","244"
"20234","11440740","상암동","13325","8216","5109","18","2819","4883","3639","1493","473","7","1235","3088","2422","1062","402","11","1584","1795","1217","431","71"
"20234","11350621","중계1동","1073","591","482","0","141","235","322","269","106","0","61","128","170","148","84","0","80","107","152","121","22"
"20234","11440590","용강동","12219","7268","4951","0","1787","3015","2894","2427","2096","0","873","1790","1915","1413","1277","0","914","1225","979","1014","819"
"20234","11440700","망원2동","3385","2037","1348","0","424","630","726","1032","573","0","237","469","514","481","336","0","187","161","212","551","237"
"20234","11440710","연남동","2215","1408","807","0","345","535","564","485","286","0","148","286","341","348","285","0","197","249","223","137","1"
"20234","11470610","신월6동","536","314","222","0","54","102","123","145","112","0","20","53","66","82","93","0","34","49","57","63","19"
"20234","11470520","목2동","2740","1533","1207","0","380","667","730","628","335","0","180","364","406","359","224","0","200","303","324","269","111"
"20234","11410655","홍제2동","239","120","119","0","32","51","64","56","36","0","10","33","32","27","18","0","22","18","32","29","18"
"20234","11500530","등촌2동","1806","1072","734","0","208","362","441","468","327","0","87","198","264","298","225","0","121","164","177","170","102"
"20234","11500550","화곡2동","5028","3087","1941","0","634","1386","1303","1218","487","0","384","921","806","640","336","0","250","465","497","578","151"
"20234","11530760","개봉3동","1071","671","400","0","128","273","284","235","151","0","64","174","174","136","123","0","64","99","110","99","28"
"20234","11470620","신정1동","6180","3613","2567","23","1091","1552","1551","1317","646","23","452","968","933","764","473","0","639","584","618","553","173"
"20234","11545630","독산3동","2918","2129","789","0","196","447","538","583","1154","0","105","283","289","347","1105","0","91","164","249","236","49"
"20234","11530595","가리봉동","563","259","304","0","12","95","138","127","191","0","2","46","57","46","108","0","10","49","81","81","83"
"20234","11560700","대림1동","1030","374","656","0","346","246","228","163","47","0","56","81","114","82","41","0","290","165","114","81","6"
"20234","11560690","신길7동","1873","1285","588","0","215","359","423","539","337","0","132","246","286","350","271","0","83","113","137","189","66"
"20234","11590660","대방동","6596","4405","2191","0","1090","1797","1560","1479","670","0","586","1230","1088","1073","428","0","504","567","472","406","242"
"20234","11560540","여의동","201758","143165","58593","463","37097","72314","51883","30938","9063","170","20475","51688","40070","24622","6140","293","16622","20626","11813","6316","2923"
"20234","11590510","노량진1동","2666","1489","1177","0","345","641","679","637","364","0","143","366","410","345","225","0","202","275","269","292","139"
"20234","11620585","낙성대동","4335","2394","1941","0","707","1489","929","669","541","0","320","783","481","387","423","0","387","706","448","282","118"
"20234","11620575","행운동","1975","1109","866","0","291","488","466","453","277","0","142","277","248","236","206","0","149","211","218","217","71"
"20234","11650651","양재1동","20452","13209","7243","233","4798","5664","4641","3059","2057","111","2432","3807","3269","2041","1549","122","2366","1857","1372","1018","508"
"20234","11680640","역삼1동","157737","93388","64349","188","31880","48041","40695","27564","9369","45","15270","29978","26576","14929","6590","143","16610","18063","14119","12635","2779"
"20234","11620545","청림동","220","126","94","0","32","73","73","33","9","0","13","42","43","21","7","0","19","31","30","12","2"
"20234","11650580","반포3동","2501","1395","1106","1","398","637","553","502","410","0","169","375","365","292","194","1","229","262","188","210","216"
"20234","11710580","송파1동","20397","12734","7663","0","2895","4579","5069","4438","3416","0","1236","2704","3295","2981","2518","0","1659","1875","1774","1457","898"
"20234","11710590","송파2동","3402","2143","1259","3","542","847","891","810","309","3","262","537","641","506","194","0","280","310","250","304","115"
"20234","11740685","길동","7262","3689","3573","0","1013","1459","1661","1781","1348","0","388","781","888","816","816","0","625","678","773","965","532"
"20234","11710520","풍납2동","372","182","190","0","81","126","92","57","16","0","22","65","48","35","12","0","59","61","44","22","4"
"20234","11740560","고덕2동","888","563","325","0","44","111","200","312","221","0","4","48","116","215","180","0","40","63","84","97","41"
"20234","11110650","혜화동","4341","2119","2222","0","699","1189","1063","871","519","0","235","582","565","449","288","0","464","607","498","422","231"
"20234","11140590","광희동","52790","26286","26504","469","15141","13894","10859","8353","4074","187","7353","8084","6266","2845","1551","282","7788","5810","4593","5508","2523"
"20234","11110600","가회동","10719","7983","2736","1","1143","3698","3218","2018","641","1","592","2713","2522","1658","497","0","551","985","696","360","144"
"20234","11110700","숭인1동","195","87","108","0","35","43","48","45","24","0","0","18","24","24","21","0","35","25","24","21","3"
"20234","11170530","남영동","16969","7145","9824","127","6466","4190","3236","2179","771","4","1220","2248","1917","1172","584","123","5246","1942","1319","1007","187"
"20234","11170690","서빙고동","7358","4832","2526","0","1309","2194","2273","1168","414","0","630","1283","1661","931","327","0","679","911","612","237","87"
"20234","11200720","송정동","720","467","253","0","89","177","189","148","117","0","42","113","110","94","108","0","47","64","79","54","9"
"20234","11140650","신당5동","604","327","277","0","23","140","177","156","108","0","6","53","90","87","91","0","17","87","87","69","17"
"20234","11215810","광장동","5323","3225","2098","34","1657","1406","1035","822","369","5","794","905","699","551","271","29","863","501","336","271","98"
"20234","11215780","능동","1102","700","402","0","153","264","292","222","171","0","72","161","189","137","141","0","81","103","103","85","30"
"20234","11215840","자양3동","1581","1164","417","0","181","419","449","403","129","0","117","298","335","303","111","0","64","121","114","100","18"
"20234","11230536","용신동","16487","8520","7967","0","2055","3648","4057","4032","2695","0","970","2096","2140","1845","1469","0","1085","1552","1917","2187","1226"
"20234","11260570","면목7동","581","344","237","0","36","88","164","191","102","0","0","37","89","116","102","0","36","51","75","75","0"
"20234","11290575","동선동","3905","1936","1969","0","490","821","897","1010","687","0","141","354","439","563","439","0","349","467","458","447","248"
"20234","11290685","길음2동","286","107","179","0","15","57","88","92","34","0","3","17","42","28","17","0","12","40","46","64","17"
"20234","11290610","보문동","2689","2024","665","0","256","800","564","563","506","0","137","635","450","450","352","0","119","165","114","113","154"
"20234","11290525","성북동","15450","11773","3677","0","2024","3799","4489","4473","665","0","1117","2658","3552","3982","464","0","907","1141","937","491","201"
"20234","11290705","종암동","12167","6414","5753","0","1062","3086","4289","3464","266","0","462","1143","1961","2686","162","0","600","1943","2328","778","104"
"20234","11305595","번1동","1761","1098","663","0","177","360","344","496","384","0","73","233","217","342","233","0","104","127","127","154","151"
"20234","11305660","인수동","2202","1334","868","0","166","434","598","681","323","0","37","246","377","410","264","0","129","188","221","271","59"
"20234","11320513","창3동","529","295","234","0","9","101","227","170","22","0","0","64","138","71","22","0","9","37","89","99","0"
"20234","11320514","창4동","1452","913","539","0","156","276","355","401","264","0","66","146","211","271","219","0","90","130","144","130","45"
"20234","11350665","상계3?4동","419","316","103","0","7","18","115","179","100","0","0","9","75","139","93","0","7","9","40","40","7"
"20234","11380631","신사1동","1154","619","535","0","103","247","272","297","235","0","36","121","151","143","168","0","67","126","121","154","67"
"20234","11380520","불광1동","1687","719","968","0","233","406","462","394","192","0","80","174","196","171","98","0","153","232","266","223","94"
"20234","11380530","불광2동","10488","5018","5470","0","421","1495","1788","2315","4469","0","99","764","731","950","2474","0","322","731","1057","1365","1995"
"20234","11350720","상계10동","386","161","225","0","60","82","103","111","30","0","12","34","39","53","23","0","48","48","64","58","7"
"20234","11380580","응암1동","1751","972","779","0","169","291","418","407","466","0","70","141","217","205","339","0","99","150","201","202","127"
"20234","11380690","진관동","640","337","303","0","56","161","179","158","86","0","24","102","102","65","44","0","32","59","77","93","42"
"20234","11410555","북아현동","938","686","252","0","98","217","259","266","98","0","40","161","201","205","79","0","58","56","58","61","19"
"20234","11440565","공덕동","12823","7440","5383","4","2870","3550","3515","2252","632","0","1131","1885","2247","1701","476","4","1739","1665","1268","551","156"
"20234","11440600","대흥동","3136","1546","1590","0","1294","715","453","431","243","0","498","369","248","262","169","0","796","346","205","169","74"
"20234","11380570","대조동","1501","744","757","0","145","336","421","365","234","0","34","166","202","163","179","0","111","170","219","202","55"
"20234","11440660","서교동","24904","12720","12184","0","5217","7000","5782","4116","2789","0","2141","3500","3181","2168","1730","0","3076","3500","2601","1948","1059"
"20234","11440555","아현동","4414","2432","1982","0","838","1434","1260","748","134","0","366","802","704","456","104","0","472","632","556","292","30"
"20234","11440730","성산2동","1476","660","816","0","112","280","410","480","194","0","34","138","184","188","116","0","78","142","226","292","78"
"20234","11500540","화곡1동","3969","2254","1715","0","349","832","1008","1149","631","0","153","490","555","647","409","0","196","342","453","502","222"
"20234","11500570","화곡4동","1640","727","913","0","382","457","340","309","152","0","75","195","168","168","121","0","307","262","172","141","31"
"20234","11500630","방화1동","3439","2722","717","0","337","736","859","997","510","0","258","605","691","829","339","0","79","131","168","168","171"
"20234","11530720","고척1동","2225","1591","634","0","191","454","593","674","313","0","100","308","414","509","260","0","91","146","179","165","53"
"20234","11590630","사당2동","1408","771","637","0","219","421","389","261","118","0","104","253","231","120","63","0","115","168","158","141","55"
"20234","11470640","신정3동","1399","1010","389","0","110","269","354","299","367","0","53","166","241","211","339","0","57","103","113","88","28"
"20234","11545690","시흥3동","1998","1185","813","0","142","294","462","523","577","0","74","191","269","285","366","0","68","103","193","238","211"
"20234","11545620","독산2동","1302","759","543","0","131","270","316","418","167","0","73","122","158","256","150","0","58","148","158","162","17"
"20234","11560660","신길4동","715","357","358","0","119","170","184","169","73","0","41","79","90","91","56","0","78","91","94","78","17"
"20234","11560535","영등포동","13005","7280","5725","0","2384","3229","3101","2575","1716","0","876","1800","1932","1515","1157","0","1508","1429","1169","1060","559"
"20234","11620645","서원동","1726","698","1028","0","315","377","319","391","324","0","66","147","161","142","182","0","249","230","158","249","142"
"20234","11620565","성현동","1199","452","747","1","174","211","274","365","174","1","80","111","124","97","39","0","94","100","150","268","135"
"20234","11590605","흑석동","76","46","30","0","0","20","26","20","10","0","0","10","16","10","10","0","0","10","10","10","0"
"20234","11620745","삼성동","713","410","303","0","57","137","210","208","101","0","24","68","110","113","95","0","33","69","100","95","6"
"20234","11650610","방배2동","32778","15950","16828","0","5555","8420","9041","6297","3465","0","1921","3769","4172","3737","2351","0","3634","4651","4869","2560","1114"
"20234","11620625","인헌동","909","532","377","0","187","277","240","135","70","0","83","173","145","69","62","0","104","104","95","66","8"
"20234","11590651","사당5동","1281","702","579","0","146","324","393","314","104","0","62","148","205","183","104","0","84","176","188","131","0"
"20234","11650510","서초1동","41721","23337","18384","2","8767","10822","9223","10183","2724","0","3149","5819","5339","7051","1979","2","5618","5003","3884","3132","745"
"20234","11680655","도곡1동","28100","19906","8194","41","4805","6545","7823","7121","1765","41","2437","4289","5882","5824","1433","0","2368","2256","1941","1297","332"
"20234","11650600","방배1동","17414","11559","5855","41","3449","5375","4250","3161","1138","39","1636","3280","3137","2605","862","2","1813","2095","1113","556","276"
"20234","11710531","거여1동","3002","2255","747","0","756","872","726","395","253","0","526","699","562","273","195","0","230","173","164","122","58"
"20234","11680600","대치1동","14138","7534","6604","16","2582","4621","3529","2200","1190","5","970","2293","1994","1405","867","11","1612","2328","1535","795","323"
"20234","11740530","명일1동","2757","1540","1217","0","409","742","700","494","412","0","186","454","459","252","189","0","223","288","241","242","223"
"20234","11740700","둔촌2동","2158","970","1188","0","412","568","471","449","258","0","112","236","235","213","174","0","300","332","236","236","84"
"20234","11740660","성내3동","5543","3369","2174","0","751","1257","1404","1173","958","0","392","807","860","669","641","0","359","450","544","504","317"
"20234","11110560","평창동","10316","5791","4525","0","1273","2770","3382","2246","645","0","613","1416","1999","1349","414","0","660","1354","1383","897","231"
"20234","11110580","교남동","689","411","278","0","68","180","196","143","102","0","18","91","117","98","87","0","50","89","79","45","15"
"20234","11140605","을지로동","15636","8536","7100","0","3783","3785","3429","2735","1904","0","986","2093","2230","1893","1334","0","2797","1692","1199","842","570"
"20234","11170685","한남동","28708","21055","7653","15","4744","8508","7564","6602","1275","15","2258","5674","6131","5934","1043","0","2486","2834","1433","668","232"
"20234","11140635","약수동","9944","3844","6100","19","1603","3722","2752","1363","485","0","491","1311","913","781","348","19","1112","2411","1839","582","137"
"20234","11200690","성수2가3동","40575","25998","14577","49","6680","10329","10153","8152","5212","49","3704","6900","6833","4917","3595","0","2976","3429","3320","3235","1617"
"20234","11200550","사근동","324","243","81","0","5","56","119","106","38","0","0","37","83","85","38","0","5","19","36","21","0"
"20234","11215830","자양2동","1864","1164","700","0","259","417","499","494","195","0","179","271","290","268","156","0","80","146","209","226","39"
"20234","11200540","마장동","6039","4290","1749","0","487","1069","1386","2007","1090","0","292","742","1009","1423","824","0","195","327","377","584","266"
"20234","11260550","면목5동","837","620","217","0","52","126","244","229","186","0","51","113","119","152","185","0","1","13","125","77","1"
"20234","11230730","휘경2동","844","434","410","0","108","190","220","206","120","0","28","90","116","108","92","0","80","100","104","98","28"
"20234","11305645","우이동","1300","825","475","0","28","71","181","335","685","0","0","30","102","236","457","0","28","41","79","99","228"
"20234","11305615","수유1동","870","390","480","0","47","138","255","294","136","0","0","42","101","129","118","0","47","96","154","165","18"
"20234","11290600","안암동","2475","1658","817","0","312","670","722","549","222","0","160","420","465","406","207","0","152","250","257","143","15"
"20234","11290760","장위1동","390","212","178","0","70","86","102","81","51","0","34","51","51","38","38","0","36","35","51","43","13"
"20234","11290630","정릉2동","1024","425","599","0","152","258","288","233","93","0","13","99","112","109","92","0","139","159","176","124","1"
"20234","11290620","정릉1동","471","264","207","0","42","88","110","141","90","0","0","31","55","89","89","0","42","57","55","52","1"
"20234","11380551","갈현1동","1802","910","892","0","301","427","432","414","228","0","107","219","216","208","160","0","194","208","216","206","68"
"20234","11380632","신사2동","775","567","208","0","75","157","208","198","137","0","64","111","121","136","135","0","11","46","87","62","2"
"20234","11440690","망원1동","2526","1428","1098","0","705","713","534","377","197","0","405","383","262","226","152","0","300","330","272","151","45"
"20234","11470510","목1동","12735","8256","4479","6","2216","3475","3185","2594","1259","4","1037","2276","2256","1863","820","2","1179","1199","929","731","439"
"20234","11500641","방화3동","1716","1110","606","0","167","368","437","471","273","0","84","195","270","329","232","0","83","173","167","142","41"
"20234","11530560","구로5동","10695","6744","3951","2","1512","2515","2776","2368","1522","2","849","1734","1834","1405","920","0","663","781","942","963","602"
"20234","11500593","화곡8동","1483","820","663","0","190","418","448","260","167","0","85","224","224","167","120","0","105","194","224","93","47"
"20234","11530530","구로2동","10444","6475","3969","2","1234","2439","2637","2650","1482","1","570","1448","1584","1747","1125","1","664","991","1053","903","357"
"20234","11545610","독산1동","9731","6253","3478","0","742","1316","1630","2147","3896","0","444","878","1050","1327","2554","0","298","438","580","820","1342"
"20234","11545640","독산4동","1104","651","453","0","118","187","231","265","303","0","83","112","143","127","186","0","35","75","88","138","117"
"20234","11560720","대림3동","4344","2834","1510","0","416","910","1139","1044","835","0","213","646","818","661","496","0","203","264","321","383","339"
"20234","11560710","대림2동","2866","1461","1405","0","532","685","636","443","570","0","210","364","272","248","367","0","322","321","364","195","203"
"20234","11590540","상도2동","805","415","390","0","85","199","217","208","96","0","38","104","113","104","56","0","47","95","104","104","40"
"20234","11620665","서림동","1147","651","496","0","162","208","290","249","238","0","81","109","155","149","157","0","81","99","135","100","81"
"20234","11650531","서초4동","32314","18482","13832","106","6315","9902","8120","5716","2155","45","2399","5657","5270","3593","1518","61","3916","4245","2850","2123","637"
"20234","11680656","도곡2동","114106","78028","36078","535","21806","44841","32782","11818","2324","341","11652","30710","25200","8601","1524","194","10154","14131","7582","3217","800"
"20234","11650560","반포1동","7778","4809","2969","0","1415","2610","1960","1182","611","0","667","1708","1316","656","462","0","748","902","644","526","149"
"20234","11710641","문정1동","26466","20449","6017","0","2405","4938","7625","9988","1510","0","1416","3562","5935","8559","977","0","989","1376","1690","1429","533"
"20234","11740540","명일2동","1737","1190","547","0","208","495","466","366","202","0","106","350","338","235","161","0","102","145","128","131","41"
"20234","11710600","석촌동","6810","4488","2322","0","830","1552","1584","1401","1443","0","480","1118","1066","815","1009","0","350","434","518","586","434"
"20234","11710680","잠실3동","27271","18487","8784","116","4969","6844","6801","5172","3369","54","2589","4736","5029","3704","2375","62","2380","2108","1772","1468","994"
"20234","11110670","창신1동","1699","726","973","0","47","291","578","475","308","0","5","73","193","218","237","0","42","218","385","257","71"
"20234","11110680","창신2동","56","4","52","0","0","0","13","32","11","0","0","0","0","4","0","0","0","0","13","28","11"
"20234","11110690","창신3동","96","40","56","0","8","26","25","32","5","0","1","9","9","16","5","0","7","17","16","16","0"
"20234","11110640","이화동","1345","750","595","0","200","338","352","283","172","0","62","151","211","193","133","0","138","187","141","90","39"
"20234","11140615","신당동","4003","2167","1836","0","1228","845","749","713","468","0","533","448","383","475","328","0","695","397","366","238","140"
"20234","11170570","원효로2동","2630","1920","710","0","416","808","735","425","246","0","241","579","569","324","207","0","175","229","166","101","39"
"20234","11170660","이태원2동","755","430","325","0","113","269","216","104","53","0","53","147","117","60","53","0","60","122","99","44","0"
"20234","11170640","이촌2동","1693","1143","550","0","245","462","500","367","119","0","113","288","375","281","86","0","132","174","125","86","33"
"20234","11170625","한강로동","44336","21895","22441","62","9063","13874","12681","6513","2143","27","3691","6496","6309","3962","1410","35","5372","7378","6372","2551","733"
"20234","11140520","소공동","96440","51200","45240","498","27908","30449","21214","12761","3610","126","9073","15147","15131","9317","2406","372","18835","15302","6083","3444","1204"
"20234","11140680","중림동","2924","1636","1288","0","613","949","767","396","199","0","278","515","430","266","147","0","335","434","337","130","52"
"20234","11230570","전농2동","885","462","423","0","105","184","234","238","124","0","43","86","127","124","82","0","62","98","107","114","42"
"20234","11200560","행당1동","1334","918","416","0","164","282","346","388","154","0","82","178","242","295","121","0","82","104","104","93","33"
"20234","11200620","금호4가동","419","249","170","0","52","95","117","100","55","0","18","48","77","61","45","0","34","47","40","39","10"
"20234","11230660","장안2동","4530","2436","2094","0","1404","880","925","850","471","0","727","505","431","411","362","0","677","375","494","439","109"
"20234","11230705","청량리동","1775","954","821","0","307","538","337","325","268","0","109","313","187","186","159","0","198","225","150","139","109"
"20234","11260600","중화1동","893","475","418","0","84","197","241","218","153","0","24","75","113","128","135","0","60","122","128","90","18"
"20234","11290580","돈암1동","152","71","81","0","44","46","31","22","9","0","11","23","17","12","8","0","33","23","14","10","1"
"20234","11305535","미아동","4013","2324","1689","0","289","706","1241","1212","565","0","89","346","702","760","427","0","200","360","539","452","138"
"20234","11290650","정릉4동","948","588","360","0","56","144","234","316","198","0","10","72","151","216","139","0","46","72","83","100","59"
"20234","11320681","쌍문4동","175","92","83","0","16","40","52","47","20","0","3","19","26","26","18","0","13","21","26","21","2"
"20234","11380640","증산동","1869","1221","648","0","238","503","513","433","182","0","107","333","338","292","151","0","131","170","175","141","31"
"20234","11410700","남가좌2동","903","464","439","0","77","189","270","275","92","0","10","89","128","153","84","0","67","100","142","122","8"
"20234","11410720","북가좌2동","1266","642","624","0","165","250","294","335","222","0","26","127","171","179","139","0","139","123","123","156","83"
"20234","11410615","연희동","21401","14196","7205","0","3384","5345","4614","6001","2057","0","1892","3596","2902","4324","1482","0","1492","1749","1712","1677","575"
"20234","11410565","충현동","11306","7045","4261","0","1398","2898","3003","2692","1315","0","657","1760","1909","1774","945","0","741","1138","1094","918","370"
"20234","11410520","천연동","913","491","422","0","68","146","243","327","129","0","17","66","137","191","80","0","51","80","106","136","49"
"20234","11380560","구산동","1455","777","678","0","169","270","323","474","219","0","66","121","151","294","145","0","103","149","172","180","74"
"20234","11380650","수색동","244","158","86","0","31","66","60","48","39","0","15","43","38","31","31","0","16","23","22","17","8"
"20234","11440680","합정동","5432","3054","2378","0","887","1599","1455","984","507","0","330","786","912","657","369","0","557","813","543","327","138"
"20234","11470560","신월1동","1782","1174","608","0","137","307","419","613","306","0","76","191","250","414","243","0","61","116","169","199","63"
"20234","11470570","신월2동","1190","691","499","0","91","193","323","332","251","0","53","116","164","178","180","0","38","77","159","154","71"
"20234","11440630","신수동","2170","1233","937","0","263","605","610","533","159","0","97","284","350","371","131","0","166","321","260","162","28"
"20234","11470611","신월7동","2299","1509","790","0","248","381","469","549","652","0","186","289","313","331","390","0","62","92","156","218","262"
"20234","11500603","가양1동","2416","1516","900","0","252","505","556","588","515","0","101","310","337","384","384","0","151","195","219","204","131"
"20234","11500605","가양3동","1182","761","421","2","198","262","332","246","142","1","130","175","213","146","96","1","68","87","119","100","46"
"20234","11530770","오류1동","2151","1374","777","0","275","401","535","627","313","0","201","276","321","356","220","0","74","125","214","271","93"
"20234","11545510","가산동","95655","62951","32704","283","18856","29752","23688","14009","9067","185","10008","19990","17091","9311","6366","98","8848","9762","6597","4698","2701"
"20234","11560605","문래동","71867","52241","19626","32","11101","23517","22164","11324","3729","6","6202","17886","18113","7686","2348","26","4899","5631","4051","3638","1381"
"20234","11560680","신길6동","1442","930","512","0","138","347","388","317","252","0","69","221","237","209","194","0","69","126","151","108","58"
"20234","11560620","양평2동","11342","6502","4840","0","2061","3101","3143","1963","1074","0","894","1873","1781","1158","796","0","1167","1228","1362","805","278"
"20234","11590560","상도4동","710","424","286","0","83","171","186","177","93","0","39","99","109","128","49","0","44","72","77","49","44"
"20234","11590530","상도1동","2227","1282","945","0","354","543","540","492","298","0","152","302","327","299","202","0","202","241","213","193","96"
"20234","11680630","대치4동","31032","19078","11954","67","4984","9245","8439","5292","3005","0","2142","5591","5771","3707","1867","67","2842","3654","2668","1585","1138"
"20234","11680510","신사동","25038","14951","10087","0","5207","7580","6409","3823","2019","0","2025","4624","4287","2509","1506","0","3182","2956","2122","1314","513"
"20234","11680690","개포4동","6678","4824","1854","0","809","1516","1891","1595","867","0","402","1015","1435","1247","725","0","407","501","456","348","142"
"20234","11680670","개포2동","8731","5723","3008","4","1535","2490","2091","1621","990","0","820","1664","1440","1034","765","4","715","826","651","587","225"
"20234","11680650","역삼2동","68537","40632","27905","152","15811","19055","16307","12155","5057","43","7630","12199","10844","6356","3560","109","8181","6856","5463","5799","1497"
"20234","11710561","방이1동","8432","6181","2251","0","874","1654","2217","2258","1429","0","420","1055","1654","1811","1241","0","454","599","563","447","188"
"20234","11710562","방이2동","40058","23009","17049","7","6471","10275","9044","8561","5700","7","3632","6681","5532","4014","3143","0","2839","3594","3512","4547","2557"
"20234","11710532","거여2동","1196","618","578","0","150","198","297","359","192","0","84","117","150","163","104","0","66","81","147","196","88"
"20234","11680660","개포1동","1310","805","505","5","206","347","341","271","140","2","93","192","235","183","100","3","113","155","106","88","40"
"20234","11710646","장지동","3218","2180","1038","0","351","512","766","847","742","0","193","341","508","589","549","0","158","171","258","258","193"
"20234","11740550","고덕1동","653","337","316","0","74","143","169","156","111","0","33","80","82","71","71","0","41","63","87","85","40"
"20234","11710710","잠실6동","59905","31919","27986","111","9537","15898","17089","15283","1987","31","4414","9772","9864","6342","1496","80","5123","6126","7225","8941","491"
"20234","11710566","오륜동","15516","8991","6525","17","2517","4692","4029","3106","1155","5","1014","2440","2590","2057","885","12","1503","2252","1439","1049","270"
"20234","11110515","청운효자동","5377","3480","1897","1","988","1564","1499","958","367","0","431","980","1114","694","261","1","557","584","385","264","106"
"20234","11140665","동화동","1010","451","559","0","165","241","258","219","127","0","47","80","126","118","80","0","118","161","132","101","47"
"20234","11110540","삼청동","3669","3043","626","0","438","986","1160","876","209","0","284","763","1005","792","199","0","154","223","155","84","10"
"20234","11200590","금호1가동","1330","486","844","6","156","438","542","155","33","0","45","145","212","60","24","6","111","293","330","95","9"
"20234","11170520","용산2가동","415","312","103","0","5","69","172","164","5","0","0","37","138","132","5","0","5","32","34","32","0"
"20234","11200650","성수1가1동","2207","1375","832","0","274","467","495","593","378","0","125","290","315","403","242","0","149","177","180","190","136"
"20234","11200670","성수2가1동","7294","4668","2626","17","1689","2131","1695","1190","572","9","756","1383","1164","851","505","8","933","748","531","339","67"
"20234","11140580","장충동","5048","2670","2378","4","1160","1388","1309","970","217","0","409","777","777","561","146","4","751","611","532","409","71"
"20234","11215847","자양4동","329","275","54","0","0","22","85","104","118","0","0","18","59","80","118","0","0","4","26","24","0"
"20234","11215820","자양1동","7514","5952","1562","0","497","1061","2050","3078","828","0","218","691","1645","2673","725","0","279","370","405","405","103"
"20234","11260575","면목3?8동","1509","983","526","0","105","262","412","433","297","0","18","138","250","327","250","0","87","124","162","106","47"
"20234","11230710","회기동","40","17","23","0","0","8","14","11","7","0","0","0","6","4","7","0","0","8","8","7","0"
"20234","11230720","휘경1동","682","425","257","0","55","139","180","180","128","0","14","88","118","129","76","0","41","51","62","51","52"
"20234","11260565","면목본동","752","415","337","0","56","193","213","201","89","0","0","98","114","114","89","0","56","95","99","87","0"
"20234","11320670","쌍문2동","838","486","352","0","77","142","209","260","150","0","10","67","109","167","133","0","67","75","100","93","17"
"20234","11320660","쌍문1동","650","315","335","0","53","100","188","203","106","0","0","33","70","106","106","0","53","67","118","97","0"
"20234","11350600","공릉2동","2062","953","1109","0","342","519","504","483","214","0","103","236","236","239","139","0","239","283","268","244","75"
"20234","11320511","창1동","807","363","444","0","107","164","221","226","89","0","36","65","97","105","60","0","71","99","124","121","29"
"20234","11350611","하계1동","439","276","163","0","50","93","109","127","60","0","23","54","64","88","47","0","27","39","45","39","13"
"20234","11320710","방학3동","923","556","367","0","160","211","217","213","122","0","102","121","138","103","92","0","58","90","79","110","30"
"20234","11410685","홍은2동","1905","1237","668","0","303","524","472","411","195","0","176","340","302","271","148","0","127","184","170","140","47"
"20234","11350624","중계4동","1023","565","458","0","96","210","241","274","202","0","35","101","127","147","155","0","61","109","114","127","47"
"20234","11350580","월계3동","63","33","30","0","6","12","18","18","9","0","3","6","9","9","6","0","3","6","9","9","3"
"20234","11380510","녹번동","2119","1129","990","0","230","496","588","572","233","0","109","238","279","344","159","0","121","258","309","228","74"
"20234","11470590","신월4동","960","654","306","0","32","115","229","322","262","0","11","63","129","219","232","0","21","52","100","103","30"
"20234","11470600","신월5동","1297","733","564","0","140","342","341","338","136","0","65","171","178","201","118","0","75","171","163","137","18"
"20234","11500520","등촌1동","4511","2729","1782","0","900","1179","1002","805","625","0","330","749","698","533","419","0","570","430","304","272","206"
"20234","11500535","등촌3동","10445","5539","4906","0","1309","2231","2338","2582","1985","0","576","1217","1365","1257","1124","0","733","1014","973","1325","861"
"20234","11500640","방화2동","1685","1181","504","0","129","321","390","484","361","0","79","210","269","317","306","0","50","111","121","167","55"
"20234","11500615","우장산동","2596","1441","1155","0","570","585","557","547","337","0","213","341","332","330","225","0","357","244","225","217","112"
"20234","11530730","고척2동","1156","743","413","0","106","267","310","325","148","0","74","170","183","187","129","0","32","97","127","138","19"
"20234","11530740","개봉1동","17477","10202","7275","0","1472","3762","4205","4673","3365","0","764","2092","2152","2663","2531","0","708","1670","2053","2010","834"
"20234","11530750","개봉2동","6326","3136","3190","0","1127","1538","1510","1508","643","0","642","983","672","506","333","0","485","555","838","1002","310"
"20234","11530550","구로4동","1050","582","468","0","85","224","270","268","203","0","28","128","140","140","146","0","57","96","130","128","57"
"20234","11470630","신정2동","20043","11522","8521","4","3632","6521","5379","3543","964","0","1470","3585","3332","2362","773","4","2162","2936","2047","1181","191"
"20234","11545670","시흥1동","3572","1926","1646","0","528","853","851","897","443","0","244","426","426","507","323","0","284","427","425","390","120"
"20234","11560670","신길5동","785","379","406","0","51","176","276","205","77","0","20","78","101","104","76","0","31","98","175","101","1"
"20234","11560610","양평1동","8546","4969","3577","4","1697","1985","1904","1717","1239","0","867","1270","1140","884","808","4","830","715","764","833","431"
"20234","11620685","신사동","3039","2125","914","0","493","903","913","537","193","0","219","619","723","418","146","0","274","284","190","119","47"
"20234","11620655","신원동","432","275","157","0","8","100","129","124","71","0","8","58","83","78","48","0","0","42","46","46","23"
"20234","11620735","대학동","396","336","60","0","40","105","122","105","24","0","27","81","109","95","24","0","13","24","13","10","0"
"20234","11620525","보라매동","8912","4593","4319","0","1090","2068","2150","2290","1314","0","417","1051","1099","1085","941","0","673","1017","1051","1205","373"
"20234","11620725","조원동","2571","1609","962","0","494","638","630","551","258","0","227","413","403","374","192","0","267","225","227","177","66"
"20234","11650621","방배4동","14768","9129","5639","0","2559","4085","3682","2821","1621","0","1082","2405","2494","1977","1171","0","1477","1680","1188","844","450"
"20234","11650590","방배본동","16801","9303","7498","36","3151","4342","4477","3005","1790","36","1068","2264","2609","1955","1371","0","2083","2078","1868","1050","419"
"20234","11590650","사당4동","793","419","374","0","70","118","180","148","277","0","29","61","75","66","188","0","41","57","105","82","89"
"20234","11680531","논현2동","56378","36111","20267","0","10816","16385","13654","9141","6382","0","4704","9805","9712","6968","4922","0","6112","6580","3942","2173","1460"
"20234","11680610","대치2동","84405","47202","37203","501","15329","23218","19449","15907","10001","217","7058","14207","12498","8214","5008","284","8271","9011","6951","7693","4993"
"20234","11680545","압구정동","37832","21271","16561","140","8406","11813","8694","5698","3081","35","3120","6640","5844","3730","1902","105","5286","5173","2850","1968","1179"
"20234","11650581","반포4동","63769","56313","7456","13","6374","13553","17207","23722","2900","3","4843","11276","15276","22550","2365","10","1531","2277","1931","1172","535"
"20234","11650550","반포본동","6068","3302","2766","12","1002","2001","1732","1039","282","7","366","1091","971","650","217","5","636","910","761","389","65"
"20234","11710620","가락본동","24272","14661","9611","0","3301","5848","5560","4765","4798","0","1578","3644","3720","2761","2958","0","1723","2204","1840","2004","1840"
"20234","11680590","삼성2동","54523","31356","23167","51","11003","17708","13865","7714","4182","16","4563","10420","9261","4333","2763","35","6440","7288","4604","3381","1419"
"20234","11710632","가락2동","5913","3966","1947","0","786","1251","1177","1111","1588","0","464","850","777","662","1213","0","322","401","400","449","375"
"20234","11740515","강일동","149","100","49","0","20","31","43","38","17","0","10","22","28","25","15","0","10","9","15","13","2"
"20234","11740600","천호1동","5665","3330","2335","0","439","1033","1447","1387","1359","0","133","532","732","860","1073","0","306","501","715","527","286"
"20234","11740620","천호3동","827","482","345","0","24","74","133","143","453","0","4","32","66","74","306","0","20","42","67","69","147"
"20234","11740640","성내1동","11908","8086","3822","0","1414","2494","2569","3068","2363","0","810","1558","1682","2219","1817","0","604","936","887","849","546"
"20234","11140550","명동","127964","74078","53886","25","20947","43132","34747","22800","6313","0","8365","22222","22388","16811","4292","25","12582","20910","12359","5989","2021"
"20234","11110710","숭인2동","1439","731","708","0","204","250","348","353","284","0","53","116","196","212","154","0","151","134","152","141","130"
"20234","11140670","황학동","918","675","243","0","117","277","259","167","98","0","90","178","169","140","98","0","27","99","90","27","0"
"20234","11200660","성수1가2동","4957","3435","1522","0","790","1011","1047","1084","1025","0","474","674","677","778","832","0","316","337","370","306","193"
"20234","11215860","구의2동","1846","1169","677","0","260","317","479","506","284","0","131","177","319","333","209","0","129","140","160","173","75"
"20234","11200570","행당2동","3","0","3","0","0","1","1","1","0","0","0","0","0","0","0","0","0","1","1","1","0"
"20234","11230600","답십리1동","1771","852","919","0","255","366","493","475","182","0","173","244","177","130","128","0","82","122","316","345","54"
"20234","11230560","전농1동","387","311","76","0","17","40","138","147","45","0","15","30","119","118","29","0","2","10","19","29","16"
"20234","11260540","면목4동","396","338","58","0","6","50","122","171","47","0","2","38","96","155","47","0","4","12","26","16","0"
"20234","11260610","중화2동","372","249","123","0","10","23","122","94","123","0","4","10","61","61","113","0","6","13","61","33","10"
"20234","11290590","돈암2동","446","272","174","1","69","107","142","80","47","0","32","64","96","59","21","1","37","43","46","21","26"
"20234","11290810","석관동","1554","1144","410","0","43","191","284","332","704","0","20","138","172","226","588","0","23","53","112","106","116"
"20234","11290725","월곡2동","3056","1939","1117","0","488","877","749","536","406","0","244","572","451","321","351","0","244","305","298","215","55"
"20234","11305635","수유3동","2578","1325","1253","0","200","650","702","721","305","0","51","273","325","450","226","0","149","377","377","271","79"
"20234","11305575","삼각산동","269","146","123","0","48","74","92","38","17","0","18","42","50","19","17","0","30","32","42","19","0"
"20234","11305625","수유2동","1213","668","545","0","10","32","246","393","532","0","0","19","162","273","214","0","10","13","84","120","318"
"20234","11320700","방학2동","420","192","228","0","5","94","106","94","121","0","0","47","49","47","49","0","5","47","57","47","72"
"20234","11290780","장위3동","283","174","109","0","36","53","65","74","55","0","8","28","37","46","55","0","28","25","28","28","0"
"20234","11290640","정릉3동","238","194","44","0","29","81","60","45","23","0","21","62","52","40","19","0","8","19","8","5","4"
"20234","11350700","상계8동","526","276","250","0","73","153","129","119","52","0","26","97","54","65","34","0","47","56","75","54","18"
"20234","11320522","도봉2동","608","390","218","0","22","66","106","157","257","0","6","33","59","102","190","0","16","33","47","55","67"
"20234","11470580","신월3동","861","507","354","0","67","160","199","277","158","0","19","64","103","179","142","0","48","96","96","98","16"
"20234","11470650","신정4동","7068","3933","3135","0","1170","1243","1364","1504","1787","0","323","601","700","819","1490","0","847","642","664","685","297"
"20234","11410640","홍제3동","618","300","318","0","35","61","125","174","223","0","1","21","52","93","133","0","34","40","73","81","90"
"20234","11500591","화곡6동","5092","3250","1842","0","710","1375","1312","1159","536","0","354","876","835","771","414","0","356","499","477","388","122"
"20234","11500510","염창동","2236","1041","1195","0","350","657","664","381","184","0","126","288","268","212","147","0","224","369","396","169","37"
"20234","11545700","시흥4동","1085","662","423","0","175","230","323","274","83","0","110","161","194","126","71","0","65","69","129","148","12"
"20234","11560560","당산2동","10350","6927","3423","0","1619","2332","2517","2296","1586","0","821","1454","1754","1684","1214","0","798","878","763","612","372"
"20234","11560650","신길3동","362","307","55","0","1","42","91","107","121","0","0","37","72","82","116","0","1","5","19","25","5"
"20234","11590670","신대방1동","3097","1965","1132","0","590","993","725","496","293","0","301","642","500","322","200","0","289","351","225","174","93"
"20234","11590680","신대방2동","10847","6910","3937","14","1979","2262","2031","2543","2018","7","1499","1740","1296","1294","1074","7","480","522","735","1249","944"
"20234","11620765","미성동","2391","1432","959","0","193","418","589","648","543","0","134","252","330","334","382","0","59","166","259","314","161"
"20234","11590640","사당3동","954","562","392","0","110","214","264","224","142","0","38","115","164","134","111","0","72","99","100","90","31"
"20234","11650520","서초2동","56400","37468","18932","86","11821","18627","14132","8646","3088","15","6461","12575","9718","6487","2212","71","5360","6052","4414","2159","876"
"20234","11680521","논현1동","38707","22656","16051","0","10140","11648","8247","5387","3285","0","4325","6918","5556","3465","2392","0","5815","4730","2691","1922","893"
"20234","11680565","청담동","51520","29529","21991","14","10757","17061","12827","7753","3108","0","4054","9745","8434","5124","2172","14","6703","7316","4393","2629","936"
"20234","11710610","삼전동","3830","2573","1257","0","455","872","862","780","861","0","261","565","559","475","713","0","194","307","303","305","148"
"20234","11710631","가락1동","4765","3333","1432","0","324","885","1313","1366","877","0","218","677","967","897","574","0","106","208","346","469","303"
"20234","11710510","풍납1동","549","325","224","0","59","124","156","157","53","0","34","72","84","85","50","0","25","52","72","72","3"
"20234","11710570","오금동","20030","13974","6056","0","2665","4763","5068","4822","2712","0","1563","3204","3728","3641","1838","0","1102","1559","1340","1181","874"
"20234","11710540","마천1동","503","247","256","0","25","119","168","161","30","0","0","56","83","78","30","0","25","63","85","83","0"
"20234","11740580","암사2동","1720","626","1094","0","174","282","410","512","342","0","59","131","167","148","121","0","115","151","243","364","221"
"20234","11740570","암사1동","2183","1341","842","0","281","470","462","436","534","0","139","307","294","294","307","0","142","163","168","142","227"
"20234","11740650","성내2동","1700","1132","568","0","270","358","403","340","329","0","201","235","236","234","226","0","69","123","167","106","103"
"20234","11110615","종로1?2?3?4가동","118299","65214","53085","1530","23988","36135","32492","18536","5618","635","10442","18152","19058","13083","3844","895","13546","17983","13434","5453","1774"
"20234","11170590","용문동","2629","1529","1100","0","512","716","730","490","181","0","212","422","436","332","127","0","300","294","294","158","54"
"20234","11170560","원효로1동","2820","1931","889","0","436","773","741","524","346","0","256","554","518","360","243","0","180","219","223","164","103"
"20234","11170555","청파동","3005","1625","1380","0","451","778","729","649","398","0","147","358","391","404","325","0","304","420","338","245","73"
"20234","11200645","옥수동","4558","1770","2788","0","1170","1349","1030","689","320","0","300","499","482","325","164","0","870","850","548","364","156"
"20234","11200520","왕십리2동","1014","623","391","0","120","270","298","233","93","0","60","146","184","149","84","0","60","124","114","84","9"
"20234","11200790","용답동","2774","1712","1062","8","714","796","574","430","252","0","303","526","395","278","210","8","411","270","179","152","42"
"20234","11215850","구의1동","2605","1581","1024","0","363","675","734","605","228","0","194","393","403","396","195","0","169","282","331","209","33"
"20234","11215730","군자동","906","500","406","0","97","195","214","204","196","0","32","103","123","111","131","0","65","92","91","93","65"
"20234","11230610","답십리2동","2640","1941","699","0","408","599","628","554","451","0","321","463","453","379","325","0","87","136","175","175","126"
"20234","11215740","중곡1동","3334","1621","1713","9","889","644","665","794","333","0","379","343","328","318","253","9","510","301","337","476","80"
"20234","11230650","장안1동","12921","8194","4727","0","1731","2554","2803","2866","2967","0","1047","1656","1757","1733","2001","0","684","898","1046","1133","966"
"20234","11215770","중곡4동","2743","1354","1389","0","472","677","713","646","235","0","126","314","347","348","219","0","346","363","366","298","16"
"20234","11260620","묵1동","766","363","403","0","65","189","235","192","85","0","17","90","102","90","64","0","48","99","133","102","21"
"20234","11260690","신내2동","956","532","424","0","127","240","235","238","116","0","53","113","122","154","90","0","74","127","113","84","26"
"20234","11260580","상봉1동","1360","991","369","0","140","229","289","378","324","0","100","150","167","270","304","0","40","79","122","108","20"
"20234","11305534","삼양동","91","65","26","0","4","12","23","25","27","0","0","5","13","20","27","0","4","7","10","5","0"
"20234","11320690","방학1동","6018","3502","2516","0","594","1337","1482","1810","795","0","324","770","770","1030","608","0","270","567","712","780","187"
"20234","11320680","쌍문3동","886","401","485","0","194","207","227","215","43","0","31","93","116","123","38","0","163","114","111","92","5"
"20234","11320512","창2동","851","503","348","0","92","198","243","208","110","0","40","125","134","107","97","0","52","73","109","101","13"
"20234","11350595","공릉1동","15186","8203","6983","0","1619","2325","3307","4196","3739","0","734","1261","1642","2182","2384","0","885","1064","1665","2014","1355"
"20234","11350560","월계1동","919","497","422","0","148","220","238","180","133","0","66","131","119","91","90","0","82","89","119","89","43"
"20234","11320515","창5동","4176","2648","1528","0","477","933","1026","895","845","0","245","645","694","492","572","0","232","288","332","403","273"
"20234","11350640","상계2동","1611","792","819","0","175","269","426","429","312","0","43","162","202","204","181","0","132","107","224","225","131"
"20234","11380552","갈현2동","2652","1365","1287","0","240","525","720","726","441","0","110","294","341","318","302","0","130","231","379","408","139"
"20234","11350710","상계9동","925","582","343","0","117","233","232","261","82","0","64","147","136","172","63","0","53","86","96","89","19"
"20234","11380600","응암3동","1099","530","569","0","68","276","346","285","124","0","10","138","157","128","97","0","58","138","189","157","27"
"20234","11410620","홍제1동","3933","2008","1925","0","424","597","1002","1351","559","0","115","267","521","749","356","0","309","330","481","602","203"
"20234","11410690","남가좌1동","906","546","360","0","64","117","159","227","339","0","43","79","101","121","202","0","21","38","58","106","137"
"20234","11410585","신촌동","1508","806","702","0","233","424","393","332","126","0","81","183","201","226","115","0","152","241","192","106","11"
"20234","11440585","도화동","11978","7284","4694","0","2208","2925","3019","2682","1144","0","1152","2009","1988","1396","739","0","1056","916","1031","1286","405"
"20234","11440655","서강동","3133","1984","1149","0","533","769","751","619","461","0","260","460","502","415","347","0","273","309","249","204","114"
"20234","11440610","염리동","1815","1219","596","6","352","412","370","399","276","2","177","281","281","281","197","4","175","131","89","118","79"
"20234","11440720","성산1동","4919","3264","1655","0","617","1031","1131","967","1173","0","307","641","718","672","926","0","310","390","413","295","247"
"20234","11500620","공항동","3909","2051","1858","0","652","1297","1078","767","115","0","151","538","630","636","96","0","501","759","448","131","19"
"20234","11470550","목5동","11086","6747","4339","34","1799","2869","2683","2324","1377","17","829","1728","1695","1522","956","17","970","1141","988","802","421"
"20234","11500611","발산1동","5632","3305","2327","0","288","798","1537","1890","1119","0","113","401","738","1109","944","0","175","397","799","781","175"
"20234","11500560","화곡3동","2590","1598","992","0","361","621","662","596","350","0","194","413","403","337","251","0","167","208","259","259","99"
"20234","11530540","구로3동","57713","37866","19847","191","12001","19470","14636","7163","4252","128","6068","12921","10322","5006","3421","63","5933","6549","4314","2157","831"
"20234","11545710","시흥5동","978","605","373","0","118","240","269","208","143","0","63","167","167","106","102","0","55","73","102","102","41"
"20234","11560585","도림동","473","342","131","0","10","71","127","143","122","0","0","50","91","100","101","0","10","21","36","43","21"
"20234","11560515","영등포본동","2560","1468","1092","0","349","644","673","631","263","0","141","328","387","400","212","0","208","316","286","231","51"
"20234","11590550","상도3동","652","392","260","0","24","130","195","158","145","0","15","99","122","79","77","0","9","31","73","79","68"
"20234","11620695","신림동","1202","725","477","0","58","167","305","287","385","0","8","87","165","165","300","0","50","80","140","122","85"
"20234","11620630","남현동","3437","2290","1147","0","575","866","934","679","383","0","317","588","658","448","279","0","258","278","276","231","104"
"20234","11650660","내곡동","1190","776","414","0","170","247","252","257","264","0","120","180","172","149","155","0","50","67","80","108","109"
"20234","11620595","청룡동","3423","1885","1538","0","555","986","828","789","265","0","211","504","458","517","195","0","344","482","370","272","70"
"20234","11620615","중앙동","1013","462","551","0","104","178","235","302","194","0","35","87","108","140","92","0","69","91","127","162","102"
"20234","11650530","서초3동","55705","33079","22626","10","9598","16715","14298","10172","4912","0","4061","9736","9137","6627","3518","10","5537","6979","5161","3545","1394"
"20234","11650570","반포2동","2380","1418","962","4","400","739","618","399","220","2","175","447","398","241","155","2","225","292","220","158","65"
"20234","11680700","세곡동","224","142","82","0","4","36","45","75","64","0","1","19","28","47","47","0","3","17","17","28","17"
"20234","11680750","수서동","15898","8389","7509","16","2265","4281","4274","3160","1902","9","1013","2302","2241","1682","1142","7","1252","1979","2033","1478","760"
"20234","11680730","일원1동","1322","732","590","0","161","248","310","293","310","0","69","132","160","154","217","0","92","116","150","139","93"
"20234","11740610","천호2동","2423","1262","1161","0","249","529","629","591","425","0","90","243","312","295","322","0","159","286","317","296","103"
"20234","11740520","상일동","1339","678","661","0","197","302","328","352","160","0","71","151","196","159","101","0","126","151","132","193","59"
"20234","11710670","잠실2동","3642","2426","1216","2","699","1057","956","727","201","2","438","742","649","478","117","0","261","315","307","249","84"
"20241","11590510","노량진1동","2666","1489","1177","0","345","641","679","637","364","0","143","366","410","345","225","0","202","275","269","292","139"
"20241","11620585","낙성대동","4335","2394","1941","0","707","1489","929","669","541","0","320","783","481","387","423","0","387","706","448","282","118"
"20241","11500570","화곡4동","1640","727","913","0","382","457","340","309","152","0","75","195","168","168","121","0","307","262","172","141","31"
"20241","11545640","독산4동","1104","651","453","0","118","187","231","265","303","0","83","112","143","127","186","0","35","75","88","138","117"
"20241","11560720","대림3동","4344","2834","1510","0","416","910","1139","1044","835","0","213","646","818","661","496","0","203","264","321","383","339"
"20241","11560710","대림2동","2866","1461","1405","0","532","685","636","443","570","0","210","364","272","248","367","0","322","321","364","195","203"
"20241","11530740","개봉1동","17477","10202","7275","0","1472","3762","4205","4673","3365","0","764","2092","2152","2663","2531","0","708","1670","2053","2010","834"
"20241","11530750","개봉2동","6326","3136","3190","0","1127","1538","1510","1508","643","0","642","983","672","506","333","0","485","555","838","1002","310"
"20241","11470650","신정4동","7068","3933","3135","0","1170","1243","1364","1504","1787","0","323","601","700","819","1490","0","847","642","664","685","297"
"20241","11410690","남가좌1동","906","546","360","0","64","117","159","227","339","0","43","79","101","121","202","0","21","38","58","106","137"
"20241","11410585","신촌동","1508","806","702","0","233","424","393","332","126","0","81","183","201","226","115","0","152","241","192","106","11"
"20242","11230545","제기동","9210","5573","3637","0","1096","2349","2329","1982","1454","0","413","1404","1509","1170","1077","0","683","945","820","812","377"
"20242","11215780","능동","1102","700","402","0","153","264","292","222","171","0","72","161","189","137","141","0","81","103","103","85","30"
"20242","11215840","자양3동","1581","1164","417","0","181","419","449","403","129","0","117","298","335","303","111","0","64","121","114","100","18"
"20242","11740700","둔촌2동","2158","970","1188","0","412","568","471","449","258","0","112","236","235","213","174","0","300","332","236","236","84"
"20242","11740660","성내3동","5543","3369","2174","0","751","1257","1404","1173","958","0","392","807","860","669","641","0","359","450","544","504","317"
"20242","11140520","소공동","96440","51200","45240","498","27908","30449","21214","12761","3610","126","9073","15147","15131","9317","2406","372","18835","15302","6083","3444","1204"
"20242","11200590","금호1가동","1330","486","844","6","156","438","542","155","33","0","45","145","212","60","24","6","111","293","330","95","9"
"20242","11710632","가락2동","5913","3966","1947","0","786","1251","1177","1111","1588","0","464","850","777","662","1213","0","322","401","400","449","375"
"20242","11170590","용문동","2629","1529","1100","0","512","716","730","490","181","0","212","422","436","332","127","0","300","294","294","158","54"
"20242","11170560","원효로1동","2820","1931","889","0","436","773","741","524","346","0","256","554","518","360","243","0","180","219","223","164","103"
"20242","11680700","세곡동","224","142","82","0","4","36","45","75","64","0","1","19","28","47","47","0","3","17","17","28","17"
"20243","11680580","삼성1동","214989","145072","69917","532","43316","64476","57579","38167","10919","264","23280","42620","42460","29923","6525","268","20036","21856","15119","8244","4394"
"20243","11650652","양재2동","44246","33258","10988","2","5872","10847","12472","11704","3349","1","3555","7989","9587","9562","2564","1","2317","2858","2885","2142","785"
"20243","11650651","양재1동","20452","13209","7243","233","4798","5664","4641","3059","2057","111","2432","3807","3269","2041","1549","122","2366","1857","1372","1018","508"
"20243","11470640","신정3동","1399","1010","389","0","110","269","354","299","367","0","53","166","241","211","339","0","57","103","113","88","28"
"20243","11620665","서림동","1147","651","496","0","162","208","290","249","238","0","81","109","155","149","157","0","81","99","135","100","81"
"20243","11650531","서초4동","32314","18482","13832","106","6315","9902","8120","5716","2155","45","2399","5657","5270","3593","1518","61","3916","4245","2850","2123","637"
"20243","11680656","도곡2동","114106","78028","36078","535","21806","44841","32782","11818","2324","341","11652","30710","25200","8601","1524","194","10154","14131","7582","3217","800"
"20243","11650560","반포1동","7778","4809","2969","0","1415","2610","1960","1182","611","0","667","1708","1316","656","462","0","748","902","644","526","149"
"20243","11710641","문정1동","26466","20449","6017","0","2405","4938","7625","9988","1510","0","1416","3562","5935","8559","977","0","989","1376","1690","1429","533"
"20243","11740540","명일2동","1737","1190","547","0","208","495","466","366","202","0","106","350","338","235","161","0","102","145","128","131","41"
"20243","11710600","석촌동","6810","4488","2322","0","830","1552","1584","1401","1443","0","480","1118","1066","815","1009","0","350","434","518","586","434"
"20243","11710680","잠실3동","27271","18487","8784","116","4969","6844","6801","5172","3369","54","2589","4736","5029","3704","2375","62","2380","2108","1772","1468","994"
"20243","11110670","창신1동","1699","726","973","0","47","291","578","475","308","0","5","73","193","218","237","0","42","218","385","257","71"
"20243","11110680","창신2동","56","4","52","0","0","0","13","32","11","0","0","0","0","4","0","0","0","0","13","28","11"
"20243","11110690","창신3동","96","40","56","0","8","26","25","32","5","0","1","9","9","16","5","0","7","17","16","16","0"
"20243","11110640","이화동","1345","750","595","0","200","338","352","283","172","0","62","151","211","193","133","0","138","187","141","90","39"
"20243","11140615","신당동","4003","2167","1836","0","1228","845","749","713","468","0","533","448","383","475","328","0","695","397","366","238","140"
"20243","11170570","원효로2동","2630","1920","710","0","416","808","735","425","246","0","241","579","569","324","207","0","175","229","166","101","39"
"20243","11170660","이태원2동","755","430","325","0","113","269","216","104","53","0","53","147","117","60","53","0","60","122","99","44","0"
"20243","11350640","상계2동","1611","792","819","0","175","269","426","429","312","0","43","162","202","204","181","0","132","107","224","225","131"
"20243","11380552","갈현2동","2652","1365","1287","0","240","525","720","726","441","0","110","294","341","318","302","0","130","231","379","408","139"
"20243","11350710","상계9동","925","582","343","0","117","233","232","261","82","0","64","147","136","172","63","0","53","86","96","89","19"
"20243","11380600","응암3동","1099","530","569","0","68","276","346","285","124","0","10","138","157","128","97","0","58","138","189","157","27"
"20243","11410620","홍제1동","3933","2008","1925","0","424","597","1002","1351","559","0","115","267","521","749","356","0","309","330","481","602","203"
"20243","11410690","남가좌1동","906","546","360","0","64","117","159","227","339","0","43","79","101","121","202","0","21","38","58","106","137"
"20243","11410585","신촌동","1508","806","702","0","233","424","393","332","126","0","81","183","201","226","115","0","152","241","192","106","11"
"20243","11440585","도화동","11978","7284","4694","0","2208","2925","3019","2682","1144","0","1152","2009","1988","1396","739","0","1056","916","1031","1286","405"
"20243","11440655","서강동","3133","1984","1149","0","533","769","751","619","461","0","260","460","502","415","347","0","273","309","249","204","114"
"20243","11440610","염리동","1815","1219","596","6","352","412","370","399","276","2","177","281","281","281","197","4","175","131","89","118","79"
"20243","11440720","성산1동","4919","3264","1655","0","617","1031","1131","967","1173","0","307","641","718","672","926","0","310","390","413","295","247"
"20243","11500620","공항동","3909","2051","1858","0","652","1297","1078","767","115","0","151","538","630","636","96","0","501","759","448","131","19"
"20243","11470550","목5동","11086","6747","4339","34","1799","2869","2683","2324","1377","17","829","1728","1695","1522","956","17","970","1141","988","802","421"
"20243","11500611","발산1동","5632","3305","2327","0","288","798","1537","1890","1119","0","113","401","738","1109","944","0","175","397","799","781","175"
"20243","11500560","화곡3동","2590","1598","992","0","361","621","662","596","350","0","194","413","403","337","251","0","167","208","259","259","99"
"20243","11530540","구로3동","57713","37866","19847","191","12001","19470","14636","7163","4252","128","6068","12921","10322","5006","3421","63","5933","6549","4314","2157","831"
"20243","11545710","시흥5동","978","605","373","0","118","240","269","208","143","0","63","167","167","106","102","0","55","73","102","102","41"
"20243","11560585","도림동","473","342","131","0","10","71","127","143","122","0","0","50","91","100","101","0","10","21","36","43","21"